1
0
0
0x38
0x38
0xffee7c00 0x1d2c6c00
0x20000
0x91101300
16 61 -2
17 61 -3
18 61 -1
18 60 -1
19 60 -1
20 60 -4
20 59 0
21 59 -5
21 58 -1
21 57 -1
21 56 0
21 55 -5
21 54 -22
21 53 -11
22 53 0
23 53 -30
23 54 -25
23 55 -2
23 56 -6
24 56 -3
25 56 -4
26 56 -3
27 56 -8
28 56 0
28 57 -3
28 57 2
28 57 0
29 57 -2
30 57 -1
30 58 -12
29 58 -12
28 58 -2
28 59 -1
27 59 -4
27 60 -3
26 60 -2
25 61 -5
25 62 0
25 62 2
25 62 -1
25 63 -7
25 64 -2
25 65 -6
25 66 -3
25 67 -3
25 68 -6
25 69 -4
25 70 -6
25 71 -5
25 72 -6
25 73 -6
25 74 -2
25 75 -2
26 76 -1
26 77 -2
26 79 -3
26 80 -1
26 81 -1
26 82 -1
26 83 -3
26 85 -4
26 86 -1
26 87 -2
26 88 -1
26 89 -2
26 90 0
26 91 -2
26 93 -3
26 94 0
26 95 -3
26 96 -1
26 97 0
26 98 -2
26 99 -2
26 100 -2
26 101 0
26 102 -1
26 103 -3
26 104 0
26 105 0
27 105 0
27 106 -1
27 107 -1
27 108 -1
27 109 -1
27 111 -1
27 112 -3
27 113 0
27 114 -2
27 115 -1
27 116 -1
27 117 0
27 118 -1
27 119 0
27 121 0
28 121 -1
28 122 -1
28 124 0
29 125 -2
29 126 -1
29 127 0
29 128 -1
29 130 0
29 131 -3
29 132 -1
29 133 0
29 134 0
30 134 0
31 134 0
31 135 -1
31 136 -1
31 137 -1
31 138 0
31 138 1
31 140 -2
31 141 0
31 142 0
31 143 0
31 144 0
31 145 -1
31 146 0
31 147 -1
30 149 -1
30 150 -1
30 152 -1
30 153 -1
30 155 -1
30 157 -1
30 158 -1
29 159 0
29 160 -1
29 162 0
28 162 0
28 163 0
28 164 0
28 166 -1
28 167 0
28 169 0
27 169 0
27 170 0
27 172 -1
27 173 0
27 175 0
26 176 0
26 177 0
26 178 0
26 181 0
26 182 0
26 183 0
25 184 0
25 185 0
25 187 0
25 188 0
25 190 0
25 191 0
25 193 -1
25 196 0
25 200 0
25 203 0
25 205 0
26 208 0
26 210 0
26 212 0
28 215 0
29 217 0
29 219 1
30 222 0
30 223 0
31 225 0
32 228 0
32 230 0
33 232 0
33 233 0
33 234 0
33 238 0
33 240 0
33 243 0
33 245 0
33 248 0
33 250 0
33 252 0
33 254 0
32 256 0
32 258 0
32 261 0
32 263 0
32 264 0
32 266 0
32 268 0
32 272 -1
32 275 0
32 277 0
31 279 0
31 280 0
31 283 0
31 285 0
31 289 0
31 290 0
30 293 0
30 295 0
30 298 0
30 301 0
30 307 0
30 311 0
30 312 0
30 315 0
30 318 0
30 320 0
30 322 0
30 326 0
30 327 0
30 331 0
31 334 0
32 338 0
33 341 0
33 343 0
34 346 0
35 349 0
36 351 0
37 355 0
38 356 0
38 359 0
38 362 0
39 365 0
39 368 0
39 370 0
40 373 0
40 375 0
41 382 0
41 386 0
42 387 0
42 390 0
42 393 0
42 395 0
42 397 0
42 400 0
42 403 0
42 405 0
43 406 0
43 407 0
43 410 0
43 412 0
43 413 0
43 414 0
43 416 0
43 417 0
43 418 0
43 419 0
43 420 0
43 422 0
43 422 1
43 422 -3
43 421 0
43 420 0
43 419 -3
43 418 0
43 417 0
43 416 -1
43 414 0
43 413 -1
43 412 0
44 411 0
44 410 0
44 408 0
44 406 0
44 404 -3
45 404 -3
46 403 -5
46 402 -3
45 402 -1
44 402 -2
43 402 0
42 402 -2
41 401 -2
40 401 -2
40 400 -5
39 399 -6
38 398 -3
37 398 -1
36 397 -9
35 397 -2
35 396 -2
34 396 -2
34 395 -2
33 395 -2
33 394 -12
33 393 -12
33 392 -4
32 392 0
32 391 -4
31 391 0
31 390 -1
30 390 -4
29 390 1
29 390 -3
27 390 -1
27 389 -5
27 388 -5
27 387 -6
27 386 -2
26 386 -2
26 385 -5
26 384 -5
27 384 0
27 383 -1
28 383 -3
29 382 -5
29 381 -5
29 380 -4
30 380 0
30 379 -5
29 378 -4
27 378 0
27 377 -5
27 376 -5
27 375 -5
27 374 -1
26 374 -4
26 373 -5
26 372 -5
26 371 -4
26 370 -1
25 370 -3
25 369 -5
25 368 -10
25 367 0
26 367 -3
26 366 -2
27 366 -1
27 365 -10
27 364 -5
27 363 0
28 363 0
28 362 -10
28 361 -3
28 360 0
27 360 -3
27 359 -2
26 359 -1
26 358 -2
25 358 0
25 357 0
25 356 -5
25 355 -3
25 354 -1
25 353 -4
25 352 -5
25 351 -11
25 350 -12
25 349 -4
26 349 0
26 348 -12
26 347 -5
26 346 -5
26 345 -1
27 345 -2
28 345 0
28 344 -6
28 343 -5
28 342 0
29 342 -4
30 340 -6
30 339 -1
31 339 -3
32 339 0
32 338 -5
32 337 0
33 337 -4
33 336 -5
33 335 -5
33 334 -2
32 334 -2
32 333 -2
31 333 -2
31 332 -5
31 331 -6
31 330 -5
31 329 -5
32 327 -5
32 326 -5
32 325 -5
32 324 -5
32 323 -5
32 322 -5
32 321 -5
32 320 -5
32 319 -3
33 319 -1
33 318 -4
34 318 0
34 317 -5
34 316 -1
35 316 -3
35 315 -5
35 314 -5
35 313 0
35 313 2
36 313 -3
37 312 -5
37 311 -5
37 310 -5
37 309 -5
37 308 0
36 308 -3
35 308 0
35 306 -1
34 306 -3
34 305 -1
33 305 -3
33 304 0
32 304 -3
31 304 0
30 303 -5
30 302 -1
29 302 -3
29 301 -3
29 301 2
29 301 0
29 299 -5
29 298 -5
29 297 -5
29 296 -4
29 295 -5
30 293 -2
31 293 -2
31 292 -1
32 292 -3
33 290 0
33 290 2
33 290 -3
33 289 -2
34 289 -2
34 288 -5
34 285 -5
34 284 -5
34 282 -4
34 280 -5
34 278 -4
34 276 -5
34 274 -5
34 272 -1
34 272 2
35 272 -2
36 271 0
37 271 -3
38 269 -1
39 269 -3
39 268 -2
39 267 -1
39 266 -4
39 265 -3
39 264 0
39 263 -2
39 262 -2
39 261 -1
39 260 -2
39 259 -1
39 258 -1
38 258 2
38 257 0
37 257 -1
37 256 0
37 255 0
36 255 -1
36 254 -1
35 254 0
35 253 -6
35 252 -5
35 251 0
34 251 -4
34 250 -3
33 250 -1
33 249 -1
33 248 -2
33 247 -2
33 246 -2
33 245 -1
33 244 -2
33 243 0
33 242 -3
33 241 -6
33 240 -2
33 238 -2
33 237 -1
33 236 -3
33 235 -2
33 234 -1
32 234 -4
32 233 -2
32 235 0
32 236 -1
32 237 -7
32 236 -13
32 235 -13
32 234 -12
32 233 -12
32 232 -5
32 231 -9
31 231 -2
31 230 0
30 230 -4
30 229 -5
30 228 -6
30 227 1
30 227 -5
30 226 -2
29 226 -2
29 225 -6
29 224 -5
29 223 -5
29 222 -6
29 221 -5
29 220 -12
29 219 -5
29 218 -5
29 217 -1
29 217 1
29 217 -8
29 217 2
29 216 -5
29 215 -12
29 214 -4
30 214 0
30 213 -2
31 213 -9
31 212 -5
31 211 -5
31 210 -12
31 209 -5
31 208 -3
32 208 0
33 208 -5
34 208 -1
34 207 -5
35 206 -1
36 206 -3
36 205 -3
37 205 -8
37 204 -5
37 203 -2
37 203 2
37 203 -4
38 203 -3
38 202 -5
38 200 -5
38 199 -6
38 198 -5
38 197 -1
39 197 -3
39 197 2
39 195 0
40 195 -4
40 194 -2
41 194 -3
41 193 -2
42 193 0
43 193 -8
43 192 -3
42 192 -1
42 190 -5
42 189 -6
42 188 -11
43 188 0
43 186 -5
43 185 -5
43 184 -13
43 183 -4
42 183 0
42 182 -4
41 182 -6
40 182 0
40 181 -5
46 181 0
49 181 0
53 181 0
56 181 0
59 181 -1
62 181 0
64 180 0
66 180 0
67 180 0
68 180 0
69 180 0
70 180 0
73 179 0
74 179 0
76 179 -1
77 179 0
80 179 0
81 178 -2
86 178 0
92 178 0
98 178 0
104 178 0
115 177 0
144 177 0
147 177 0
149 177 0
151 177 0
152 177 0
154 176 0
161 176 0
163 176 0
164 176 0
166 176 0
174 176 0
179 176 0
181 175 0
183 175 0
185 175 0
187 175 0
188 175 0
189 175 0
190 173 0
191 173 0
193 173 -1
194 173 0
195 173 0
195 172 0
196 172 -1
197 172 -3
198 171 -3
197 171 -1
196 170 -1
195 170 4
195 170 -1
194 170 -1
194 169 -5
194 167 -7
194 165 -1
195 165 -1
196 165 -1
196 164 -4
197 164 -1
197 162 -5
198 161 -4
199 161 -1
199 159 -6
199 158 -5
199 157 -4
198 157 0
198 156 -2
197 156 -3
197 155 -5
197 154 -5
197 153 -6
196 151 -3
195 151 -2
195 150 -2
194 150 -1
193 150 0
192 148 -1
191 148 -1
189 148 0
188 148 -1
187 147 0
186 147 0
185 147 -1
184 147 0
183 147 -1
182 145 0
181 145 0
180 145 -1
179 145 0
178 145 0
177 145 -1
176 145 -1
175 145 0
174 145 0
173 145 0
172 144 0
171 144 0
170 144 -1
169 144 0
168 144 0
168 142 0
167 142 0
166 142 0
165 142 -1
163 142 0
162 141 -1
161 141 0
160 141 -1
159 141 -1
159 140 -1
158 140 -1
157 140 0
156 140 0
155 139 -1
154 139 -2
153 139 -1
153 138 -5
152 137 -4
151 137 -1
151 136 0
150 136 0
149 136 -3
148 136 -1
147 136 0
146 136 -1
146 136 2
145 136 0
145 135 0
144 135 -1
143 135 -2
142 133 -2
141 133 -1
140 133 -2
139 133 0
138 133 -2
137 133 -1
136 132 0
134 132 -2
132 132 -1
131 132 -2
130 132 -2
129 132 0
129 131 0
128 131 -2
127 131 -1
127 130 -1
126 130 0
125 130 -2
124 130 0
124 129 -1
123 129 0
122 129 0
121 129 -2
121 128 -1
120 128 2
120 128 0
119 128 -2
119 127 0
118 127 -1
117 127 -4
116 127 -1
115 127 0
114 127 -2
114 126 0
113 126 -1
112 126 -2
111 126 -1
110 126 0
109 126 -2
108 126 0
108 125 0
107 125 -4
106 125 -6
105 125 0
105 124 -13
105 123 -3
104 123 2
104 123 0
103 123 0
102 123 -1
100 123 0
99 123 -1
98 123 -1
97 123 0
96 123 -1
95 123 0
93 123 -1
92 123 -2
90 123 -1
89 123 -1
89 122 0
88 122 -2
87 122 -1
87 121 0
86 121 -2
85 121 -1
84 120 -3
83 120 0
82 120 -1
81 119 -1
80 119 -2
79 119 -1
78 119 0
78 119 1
78 119 0
77 119 -1
76 119 -1
76 118 2
76 118 -3
75 118 0
75 117 -4
74 117 -5
73 117 -3
73 116 0
72 116 -5
71 116 -9
70 116 -3
69 116 -5
68 116 -4
67 116 -1
67 115 -1
66 115 -6
65 115 -3
65 114 -2
65 114 1
65 114 2
65 114 -7
65 113 -5
64 111 -6
64 110 -6
64 109 -7
65 109 -5
65 108 -6
65 107 -5
64 107 0
64 106 -1
63 106 0
63 106 2
63 106 0
62 106 -5
62 106 1
62 106 -1
62 105 -6
61 105 -2
60 105 -3
60 104 -1
59 104 -6
58 104 -4
58 103 -6
58 102 -4
59 102 0
59 101 -1
60 101 0
61 101 -3
62 101 -2
63 101 2
63 101 -2
62 100 0
61 100 0
60 100 0
59 100 0
58 100 -2
57 100 0
57 99 0
56 99 -11
57 99 0
58 99 -1
59 99 -1
60 99 -7
59 99 -1
59 98 0
58 98 -3
59 98 0
60 98 0
61 98 -1
62 98 -5
61 98 -19
60 98 -8
59 98 -6
58 98 -3
57 98 -6
56 98 -4
55 98 -7
54 98 -2
53 98 -6
52 98 -6
51 98 -19
51 98 1
51 98 -30
50 98 -4
49 98 -20
49 98 4
49 98 -28
48 98 0
48 97 -5
49 97 -5
50 97 -15
50 98 -4
49 98 -2
49 99 -5
48 99 -7
48 100 -9
47 100 -3
47 101 -13
47 102 -2
46 102 -3
46 103 -6
46 104 -2
45 104 -4
44 104 -5
44 105 -1
43 105 -2
42 105 -8
41 106 -1
40 106 -3
40 107 -6
40 106 -4
39 106 -1
39 105 -4
38 105 -3
37 105 -3
37 104 -5
37 103 -2
37 103 2
37 103 -1
37 102 -5
37 101 -4
38 101 0
38 100 -2
39 100 -2
39 99 -5
40 99 0
40 98 -5
40 96 -4
41 96 0
41 95 -4
42 95 -3
43 95 -3
43 94 0
44 94 -4
45 95 -2
46 95 -4
47 95 -4
48 96 -5
48 97 -6
48 98 -5
48 99 0
49 99 -4
50 100 -4
51 100 0
52 101 -1
54 101 0
55 101 0
58 101 -1
60 102 0
61 102 0
62 102 0
63 102 0
64 102 0
65 102 0
66 102 0
67 103 0
70 103 0
71 103 0
72 103 0
73 103 0
74 103 0
75 104 0
78 104 0
79 104 0
80 104 0
82 104 0
83 104 0
85 105 0
88 105 0
91 105 0
93 105 0
95 105 -1
97 106 -1
99 106 0
101 106 -1
103 106 0
105 107 0
106 107 0
108 107 0
110 107 0
113 107 0
114 107 0
117 107 0
119 107 0
122 107 0
124 107 0
130 107 0
131 107 0
137 107 0
143 108 0
148 108 0
151 108 0
152 108 0
156 108 0
159 108 0
161 109 0
163 109 0
166 109 0
169 109 0
173 109 0
174 109 0
181 110 0
184 110 0
185 110 0
188 110 0
189 110 0
190 110 0
192 111 -1
194 111 0
195 111 0
196 111 0
198 111 0
199 112 0
201 112 0
202 112 -1
203 112 -1
204 113 0
205 113 0
206 113 0
206 113 2
207 113 -1
207 115 0
208 115 0
209 115 -1
210 115 -1
210 116 -1
211 116 -3
211 117 -4
212 117 0
212 119 0
212 119 1
212 119 -3
212 120 -5
212 122 0
212 122 2
212 122 0
211 122 -1
211 123 0
210 123 -2
209 123 -1
209 124 -4
208 124 0
208 125 -5
208 127 -4
207 127 0
207 128 -4
207 129 -1
206 129 0
206 129 1
206 129 -1
206 131 -5
206 133 0
205 133 -1
205 133 2
205 133 0
204 133 -1
203 133 -1
202 133 -1
202 134 0
201 134 -1
200 134 0
199 134 0
198 134 0
196 135 0
195 135 0
194 135 0
192 135 0
191 135 0
189 135 0
188 136 0
187 136 0
186 136 0
185 136 0
184 136 -1
183 137 -3
182 137 -1
181 138 -1
180 138 -1
179 138 0
179 139 2
179 139 0
178 139 -2
177 139 0
177 141 0
176 141 -2
175 141 -2
174 141 0
173 141 0
172 141 1
171 141 0
170 143 -1
168 143 -1
167 143 -1
165 144 -1
163 144 0
162 144 0
160 144 0
159 146 0
158 146 0
157 146 0
155 146 0
153 146 -1
151 147 0
149 147 0
148 147 0
146 147 0
144 147 0
142 147 0
140 149 0
138 149 -1
136 149 0
135 149 0
134 151 -1
132 151 -1
131 151 0
131 152 -1
129 152 -1
128 152 0
126 154 -2
125 154 0
124 154 0
124 155 0
123 155 -1
122 155 -1
120 155 0
119 157 0
118 157 0
117 157 0
116 157 0
114 157 0
113 158 0
112 158 0
111 158 0
110 158 -1
109 158 0
109 160 -2
108 160 -1
104 162 -1
103 162 0
102 162 -1
102 164 0
101 164 -2
100 164 0
100 167 -1
99 167 -3
98 169 0
97 169 0
96 169 -1
96 171 0
95 171 -1
94 171 -1
93 173 -1
92 173 0
91 173 -1
90 173 0
90 175 0
89 175 0
88 175 -1
88 177 -1
87 177 -2
87 179 -2
86 179 0
86 181 -2
85 181 -1
85 183 0
84 183 -3
83 185 -3
82 185 0
82 186 0
81 186 -2
80 186 0
80 188 0
79 188 0
78 188 -1
78 190 -1
77 190 -1
76 190 0
76 192 -1
75 192 -1
75 192 4
75 193 -2
74 193 -6
73 194 -5
72 195 -2
71 195 -1
71 196 0
70 196 -4
70 197 -1
69 197 -2
69 198 -1
68 198 -2
68 199 -4
67 200 -3
66 200 0
66 201 -2
65 201 -1
65 203 -1
64 203 0
63 203 -2
62 204 -2
61 204 -6
61 205 -1
60 205 -3
60 206 0
59 206 -3
59 207 0
58 207 -4
58 208 0
57 208 -3
56 209 -3
55 209 -1
54 210 -2
53 210 -1
53 211 -1
52 211 -1
52 213 0
51 213 -1
50 213 -2
50 214 -3
49 215 -4
49 215 2
48 217 -4
48 218 0
47 218 -4
47 220 -4
47 221 -3
47 223 0
46 223 -2
45 223 0
45 225 -3
45 226 -4
45 229 -3
45 230 -3
45 234 -2
41 234 -1
41 235 -3
41 238 0
40 238 0
40 238 2
40 238 -1
40 239 0
39 239 -2
39 241 -3
38 241 0
38 243 -3
38 244 -1
37 244 -1
37 246 -3
37 247 0
36 247 -1
36 249 0
35 249 -3
35 250 -3
35 251 -3
35 252 -4
35 253 -3
35 255 -3
35 256 -3
35 258 -3
35 259 0
34 259 -2
34 261 -2
33 261 0
33 262 -3
33 264 0
33 264 2
33 264 -2
33 265 -3
33 266 -3
33 267 -3
33 269 -4
33 270 -5
32 270 -3
32 271 -1
31 271 -2
31 272 -1
30 272 -2
30 273 -3
30 274 0
29 274 -3
29 275 -3
28 275 -2
27 275 -2
27 276 -1
26 276 0
25 276 -1
25 277 -4
25 278 -1
24 278 -2
24 279 -6
23 279 -1
23 280 0
22 280 -3
22 282 0
21 282 -3
21 284 -1
20 284 0
20 285 -4
19 288 -3
19 289 -3
18 289 0
18 291 -3
18 292 0
18 292 1
17 292 -1
17 295 0
16 295 -2
16 296 -2
15 296 -1
15 298 -3
14 298 0
14 300 -4
14 302 -2
13 302 0
13 303 -4
13 304 -4
13 306 -1
12 306 -1
12 306 1
12 307 0
11 307 -3
11 308 -3
10 308 0
10 310 -4
10 311 -4
10 313 -1
10 391 0
10 393 0
10 396 0
10 398 0
10 401 0
10 402 0
10 405 0
10 406 0
10 408 0
10 413 0
10 416 0
10 417 0
10 427 0
10 431 0
10 433 -1
10 435 0
10 439 0
10 443 0
10 445 0
10 447 0
10 449 0
10 451 0
11 453 0
11 454 0
11 455 0
11 455 1
12 456 -2
12 457 0
13 457 -1
14 457 -1
15 457 -1
15 456 0
16 456 0
16 455 -4
16 454 -3
16 452 -2
16 451 0
16 450 0
16 449 -1
16 448 -8
15 448 0
15 447 -6
15 446 -8
16 446 -5
17 446 -12
18 446 -4
19 446 -31
19 446 2
19 446 0
19 445 0
20 445 -4
20 444 -5
20 443 -5
20 442 -5
20 440 -5
20 439 -4
20 437 -5
20 435 -5
20 434 -5
20 433 -5
20 432 -5
20 431 -5
20 429 -4
20 428 -5
20 427 -4
20 426 -5
20 425 -2
20 425 1
20 425 -1
20 424 -5
20 423 -5
20 422 -4
20 421 -5
20 420 -5
20 418 -4
20 417 -5
20 415 -4
20 414 -5
20 413 -4
20 412 -4
20 411 -5
20 410 -5
20 409 -3
20 403 -1
20 402 -4
20 401 -1
20 400 -1
21 400 0
21 399 -2
21 398 0
21 397 -3
21 396 -2
21 395 0
21 394 -3
21 393 -1
21 392 -1
21 391 -4
21 389 -2
21 388 -1
21 387 -3
21 386 -1
21 385 0
21 385 2
21 384 -1
21 383 -1
21 382 -3
21 381 -1
21 380 0
21 379 -2
21 378 -1
22 378 0
22 377 -2
22 376 -1
23 376 0
23 375 0
23 374 0
24 373 -1
24 372 0
24 371 -2
25 371 0
25 370 -1
25 369 0
26 369 -1
26 368 0
26 367 -1
26 366 0
26 365 -1
26 364 -3
26 363 -5
26 362 -2
26 360 -2
26 359 -1
26 358 -1
27 357 0
27 356 0
28 356 -4
29 356 0
30 355 -7
31 355 -5
32 354 -12
32 353 -6
33 353 -6
32 352 -3
31 352 -1
31 351 -5
30 350 -6
29 350 0
28 350 -4
28 349 -2
27 349 -2
27 348 -5
27 347 -5
27 346 -6
27 345 -5
27 344 0
27 344 1
27 344 -4
28 344 -5
28 342 -5
28 341 -1
29 341 -10
29 340 0
28 340 -4
28 339 -2
27 339 -2
27 338 0
28 338 -11
28 337 -5
28 336 -4
29 336 0
29 335 -2
30 335 -2
30 334 -5
30 333 -5
30 331 -2
31 331 -2
31 329 -5
31 327 -5
31 326 -6
31 324 -5
31 322 -5
31 321 -5
31 320 -5
31 319 -5
31 317 -5
31 316 -5
30 314 -3
29 314 -1
29 313 -1
28 313 -2
28 311 -5
28 309 -1
27 309 -3
27 308 -5
27 306 -1
26 306 -3
26 304 1
26 304 -3
26 302 -1
26 302 2
26 302 -2
26 301 -5
26 300 -3
27 300 -1
27 298 -5
27 296 -8
27 294 -2
28 294 -2
28 293 -2
29 293 -2
29 291 -4
29 290 -5
29 288 -3
30 288 -1
30 287 -4
31 287 0
31 286 -5
31 285 -1
31 285 2
31 285 -7
31 284 -5
31 283 -5
31 282 -5
31 281 -5
31 280 -5
31 279 -5
31 278 1
31 278 -3
31 276 -5
31 275 -4
31 274 -5
31 273 -5
31 271 -4
31 270 -5
31 269 0
31 269 1
31 269 -2
31 268 -4
32 268 -5
33 268 -2
33 265 -2
34 265 0
34 264 -5
34 263 -2
35 263 -1
35 262 -1
36 262 1
36 262 -2
36 261 -5
36 259 -5
36 258 -5
36 257 -5
36 256 1
36 256 -4
36 255 -5
36 252 -4
37 252 0
37 251 -4
37 251 2
38 250 -4
39 250 0
39 249 -1
37 249 -3
37 248 0
38 248 -4
38 247 -5
38 246 -5
38 245 -5
38 243 -1
39 243 -3
39 242 0
40 242 -4
40 240 -5
40 238 -5
40 235 -5
40 232 -5
40 230 -5
40 227 -3
40 208 0
40 203 0
40 202 0
41 202 -5
41 200 -5
41 199 -2
42 199 -1
43 199 0
43 198 -1
44 198 -2
45 198 -1
45 197 -1
46 197 -1
47 197 -1
47 196 -2
48 196 -2
48 195 -3
49 195 -5
50 195 -2
50 194 -2
51 194 -3
51 193 0
52 193 0
53 193 -2
54 193 -1
54 192 -3
55 192 -6
56 192 -3
56 191 -1
57 191 -9
58 191 -3
58 190 0
59 190 -4
60 190 -5
61 190 -24
61 189 -5
61 187 -5
61 185 -7
61 183 -5
62 183 0
62 181 -6
63 181 0
63 179 -2
64 179 -3
65 179 0
66 176 0
67 176 0
68 176 -1
69 176 -1
70 176 -1
70 174 -2
71 174 -3
71 173 -1
72 173 0
73 173 -2
74 173 4
74 171 -1
75 171 -1
76 171 0
77 171 -1
77 169 0
78 169 -5
78 168 -1
79 168 -4
80 168 0
80 166 -4
81 166 0
81 165 -5
82 165 -1
82 164 -12
82 163 0
83 163 0
84 163 -3
85 162 -1
86 162 -3
86 161 -1
87 161 -3
87 160 0
88 160 -4
90 160 -1
91 160 -2
92 160 -1
92 159 0
93 159 -2
94 159 -1
95 158 -2
96 158 -3
96 157 -4
97 157 -7
97 156 -6
97 155 -6
97 154 -3
98 154 -4
99 154 0
100 154 -2
101 154 -3
102 154 -1
103 154 -5
104 154 -19
103 154 -3
102 154 0
102 155 -2
101 155 0
100 155 -1
98 155 -4
97 155 -6
98 155 -1
99 155 -2
99 156 0
100 156 -2
101 156 0
101 156 1
102 156 -1
102 157 -6
103 157 -1
103 158 -6
103 158 2
103 158 -10
102 159 -3
101 159 -6
100 159 -6
100 160 -9
101 160 -7
100 160 -4
99 160 -4
97 160 -2
96 160 -8
95 160 -3
95 159 -5
94 158 -5
94 157 -3
94 157 1
94 157 -1
94 156 -6
94 155 -6
94 154 -5
94 152 0
93 152 -5
92 151 -5
91 151 -6
91 150 0
90 150 -4
90 149 -6
90 148 -5
90 147 -6
91 146 -4
92 146 -1
92 145 -2
93 145 -2
94 145 -1
95 145 -1
96 145 -2
97 144 0
98 144 0
99 144 0
100 144 -1
101 144 -1
102 144 0
103 144 0
104 144 0
105 144 -1
106 144 0
107 143 -1
108 143 0
109 143 -1
110 143 0
111 142 0
112 142 -1
114 142 0
116 142 -1
118 142 0
121 142 0
122 142 0
124 142 0
125 142 0
126 142 0
127 142 0
129 141 0
130 141 0
132 141 0
133 141 0
135 141 -1
137 140 0
138 140 0
139 140 0
141 140 0
143 140 0
144 140 0
149 139 0
150 139 0
151 139 0
152 139 0
153 139 0
155 139 0
156 139 0
158 139 0
159 139 0
160 139 0
161 139 0
162 139 0
164 139 0
165 138 0
166 138 0
168 138 0
169 138 -2
171 138 0
172 138 0
173 138 0
175 138 0
176 138 0
177 138 0
179 138 0
179 139 0
181 139 -1
182 139 -1
183 139 0
183 140 0
185 140 -1
186 140 -1
188 140 -1
189 141 -3
190 141 -1
191 141 0
191 142 0
191 142 4
191 142 -2
190 142 -2
190 143 -6
190 144 0
189 144 -3
188 144 0
187 145 -3
186 145 0
185 145 -1
185 146 -2
184 146 0
183 146 -1
182 146 0
182 147 0
181 147 -2
180 147 -2
179 147 0
178 147 -3
177 147 0
176 147 0
175 147 -2
174 147 -4
173 147 -1
172 147 -2
171 147 0
170 147 0
169 147 0
171 147 0
170 147 -2
169 147 0
168 147 -2
167 147 0
166 147 -2
165 147 0
164 147 0
164 145 0
163 145 -2
162 145 0
161 145 -1
160 145 0
159 144 -1
158 144 0
157 144 0
156 144 -1
155 144 0
154 143 0
153 143 -1
152 143 0
151 143 0
150 143 0
149 143 0
148 142 0
147 142 -1
146 142 -1
145 142 0
144 142 0
143 142 -1
142 141 0
141 141 -1
140 141 0
139 141 -1
138 141 0
137 139 -1
136 139 0
135 139 0
134 139 -1
133 139 -1
132 138 -2
131 138 -1
130 138 -1
129 138 0
129 137 -1
128 137 -2
127 137 -1
126 136 -1
125 136 -1
124 136 0
123 136 0
122 136 0
121 136 -1
120 136 0
119 136 -2
118 136 -1
117 136 -5
117 137 -2
116 137 0
116 137 2
116 137 0
115 138 -6
114 140 -5
113 140 0
113 142 -4
111 142 -1
111 144 -4
110 144 -1
110 145 -2
109 145 -3
109 147 -3
108 147 -2
108 149 -2
107 149 -3
107 151 -1
106 151 -4
106 152 -5
106 154 0
105 154 -4
105 155 -1
104 155 -1
104 155 1
104 155 -1
104 156 -1
103 156 -3
103 155 0
102 155 -4
101 154 -4
100 154 -1
100 153 -3
99 153 -1
99 152 -3
98 152 -2
98 151 0
98 151 2
97 151 -6
96 151 -1
95 151 -1
95 150 0
94 150 -2
93 150 -1
92 149 -6
92 148 0
91 148 -3
90 148 0
90 147 -4
89 147 -1
89 145 0
89 145 1
89 145 0
88 145 -4
86 145 -3
84 145 0
84 144 -2
83 144 -1
82 144 -2
81 144 -1
80 144 -2
80 143 0
78 143 -2
77 143 -4
76 143 -3
76 144 -1
75 144 -4
75 145 0
74 145 -4
74 147 -5
73 147 -1
73 149 -6
73 151 -6
73 151 1
73 152 -5
73 153 -6
73 154 -5
73 156 -5
73 157 -5
73 158 -4
73 161 0
72 160 -2
71 160 -2
70 160 -1
69 160 0
68 160 -2
67 160 -1
66 160 -14
66 159 -41
66 158 -1
66 158 32
66 158 -5
67 158 -3
68 158 -12
68 157 -3
68 156 -7
68 155 -8
68 155 8
68 155 -9
67 154 -1
68 154 0
67 154 -4
67 153 -4
67 152 -11
67 152 32
67 152 -17
66 152 -9
62 152 -21
61 152 -9
61 153 -7
61 154 -5
61 154 2
61 154 -13
62 154 -4
63 154 0
63 155 -3
63 156 -3
64 156 -3
64 156 1
64 156 0
65 156 -4
66 156 -3
66 155 -5
66 154 -13
66 153 -11
66 154 -2
67 154 -2
67 155 -3
68 155 -2
69 156 -1
70 156 -4
70 157 -3
70 158 -4
70 159 -6
69 160 -3
68 160 -2
67 161 0
67 162 0
67 163 -1
67 164 -1
67 165 -1
67 166 -3
67 165 -1
67 164 -1
=== ini section ===
level_name=The Final Frontier...

rocket_start_prob=70
rocket_min_start_speed=1
rocket_max_start_speed=10

drop_start_prob=50
drop_min_start_speed=3
drop_max_start_speed=5

bady_min_start_speed=3
bady_max_start_speed=7
