0
0
216
63
60
82 0 0
82 94 0
82 94 0
83 94 0
83 94 0
84 94 0
84 94 0
84 94 0
85 94 0
85 94 0
86 94 0
86 94 0
86 94 0
86 94 0
87 94 0
87 94 0
87 94 0
87 94 0
87 94 0
87 94 0
88 94 0
88 94 0
88 94 0
88 94 0
88 94 0
88 94 0
88 94 0
88 94 0
88 94 0
88 94 0
88 94 0
88 94 0
88 94 0
88 94 0
88 94 0
88 94 0
88 94 0
87 94 0
87 94 0
87 94 0
87 94 0
87 94 0
87 94 0
87 94 0
87 94 0
87 94 0
87 94 0
87 94 0
87 94 0
87 94 0
87 94 0
87 94 0
87 94 0
87 94 0
87 94 0
87 94 0
87 94 1
86 94 0
86 94 0
86 94 0
86 94 0
86 94 0
86 94 0
85 94 0
85 94 0
85 94 0
85 94 0
85 94 0
84 94 0
84 94 0
84 94 0
84 94 0
84 94 0
84 94 0
84 94 0
84 94 0
84 94 0
83 94 0
83 94 0
83 94 0
83 94 0
83 94 0
83 94 0
83 94 0
83 94 0
83 94 0
83 94 0
83 94 0
83 94 0
83 94 0
83 95 0
83 95 0
83 95 0
83 95 0
83 95 0
83 95 0
83 95 0
83 96 0
83 96 0
83 96 0
83 96 0
83 96 0
83 96 0
83 96 0
83 96 0
82 96 0
82 96 0
82 96 0
82 96 0
82 97 0
82 97 0
82 97 0
81 97 0
81 97 0
81 97 0
81 98 0
81 98 0
81 98 0
81 98 0
81 98 0
81 98 0
81 98 0
81 99 0
81 99 0
81 99 0
81 99 0
81 99 0
81 99 0
81 99 0
81 99 0
81 99 0
81 99 0
80 99 0
80 99 0
80 99 0
80 99 0
80 99 0
79 99 0
79 99 0
79 99 0
79 99 0
79 99 0
79 99 0
79 99 0
79 99 0
78 98 0
78 98 0
78 98 0
78 98 0
78 98 0
78 97 0
78 97 0
78 97 0
78 97 0
78 97 0
78 97 0
77 97 0
77 97 0
77 97 0
77 96 0
77 96 0
77 96 0
77 96 0
77 96 0
77 96 0
77 96 0
77 95 0
77 95 0
77 95 0
77 95 0
77 95 0
77 95 0
77 95 0
77 95 0
77 95 0
77 95 0
77 95 0
77 95 0
77 95 0
77 95 0
77 95 0
77 95 0
77 95 0
77 95 0
76 95 0
76 95 0
76 95 0
76 95 0
76 95 0
76 95 0
75 95 0
75 95 0
75 95 0
75 95 0
75 95 0
75 95 0
74 95 1
74 95 0
74 95 0
74 95 0
74 95 0
74 95 0
74 95 0
74 95 0
74 95 0
74 95 0
74 95 0
74 95 0
74 95 0
74 95 0
73 95 0
73 95 0
73 95 0
73 95 0
73 95 0
73 95 0
73 95 0
73 95 0
73 95 0
73 95 0
73 95 0
73 95 0
72 95 0
72 95 0
72 95 0
72 96 0
72 96 0
72 96 0
72 96 0
72 96 0
72 96 0
72 96 0
72 96 0
72 96 0
72 96 0
72 96 0
72 96 0
72 96 0
72 96 0
72 96 0
72 96 0
72 96 0
72 96 0
72 96 0
72 96 0
72 96 0
72 97 0
72 97 0
72 97 0
72 98 0
72 99 0
72 99 0
72 100 0
72 100 0
73 100 0
73 101 0
73 102 0
73 102 0
73 103 0
73 103 0
74 105 0
74 105 0
74 105 0
74 106 0
74 106 0
75 106 0
75 107 0
75 108 0
75 109 0
75 110 0
75 110 0
75 111 0
75 112 0
76 113 0
76 114 0
76 114 0
76 116 0
77 119 0
77 122 0
77 125 0
77 127 0
77 130 0
77 133 0
77 137 0
77 154 0
78 155 0
78 157 0
78 157 0
78 157 0
78 156 0
78 156 0
78 155 0
78 155 0
78 155 0
78 155 0
78 154 0
78 154 0
78 154 0
78 154 0
78 154 0
78 154 0
78 154 0
78 154 0
78 154 1
78 154 0
78 154 0
78 154 0
78 154 0
78 154 0
78 154 0
78 154 0
78 154 0
78 154 0
78 154 0
78 154 0
78 154 0
78 155 0
78 155 0
78 156 0
78 157 0
78 157 0
78 158 0
78 159 0
78 160 0
78 161 0
78 163 0
78 164 0
78 167 0
78 169 0
78 171 0
78 173 0
78 174 0
78 177 0
77 181 0
77 209 0
77 229 0
77 231 0
77 232 0
77 233 0
77 236 0
77 237 0
76 238 0
76 239 0
76 240 0
76 241 0
76 242 0
76 242 0
76 243 0
76 244 0
76 245 0
76 245 0
76 246 0
76 247 0
76 248 0
76 248 0
76 249 0
76 249 0
76 250 0
76 250 0
76 251 0
76 252 0
76 253 0
76 254 0
76 255 0
76 255 0
76 256 0
76 257 0
76 258 0
76 258 0
76 259 0
76 260 0
76 261 0
76 261 0
76 262 0
76 263 0
76 264 0
76 265 0
76 265 0
76 266 0
76 267 0
76 268 0
76 268 0
76 269 0
76 269 0
76 270 0
76 271 0
76 272 0
76 272 0
76 273 0
76 274 0
76 274 0
76 275 0
76 276 0
76 276 0
76 278 0
76 278 0
76 279 0
76 280 0
76 281 0
76 281 0
76 282 0
76 283 0
76 284 0
76 284 0
76 284 0
76 285 1
76 285 0
76 285 0
76 286 0
76 286 0
76 287 0
76 287 0
76 288 0
76 288 0
76 288 0
76 288 0
76 288 0
76 289 0
76 289 0
76 289 0
76 288 0
76 287 0
76 287 0
75 285 0
75 284 0
75 284 0
75 283 0
75 282 0
75 280 0
75 279 0
75 278 0
75 276 0
75 274 0
75 273 0
75 271 0
75 271 0
75 269 0
75 267 0
75 266 0
75 263 0
75 261 0
75 257 0
76 254 0
78 252 0
79 249 0
79 245 0
81 243 0
82 237 0
82 231 0
83 225 0
85 220 0
86 213 0
87 207 0
87 175 0
88 174 0
88 172 0
89 169 0
89 168 0
90 164 0
90 162 0
90 159 0
91 157 0
91 153 0
91 146 0
92 141 0
92 138 0
92 136 0
93 133 0
93 131 0
93 128 0
94 127 0
94 123 0
95 120 0
95 117 0
95 114 0
96 108 0
96 106 0
96 104 0
97 100 0
97 98 0
97 95 0
98 95 0
98 94 0
98 95 0
98 92 0
98 92 0
98 91 0
98 91 0
98 90 0
98 90 0
98 90 0
98 89 0
98 88 0
98 88 0
98 87 0
98 87 0
98 86 0
98 86 0
98 85 0
98 84 0
98 84 2
98 84 0
98 83 0
98 83 0
98 82 0
98 82 0
98 82 0
98 81 0
98 80 0
98 80 0
98 80 0
98 80 0
98 80 0
98 80 0
98 80 0
98 80 0
97 80 0
97 80 0
97 81 0
97 81 0
97 81 0
97 81 0
97 81 0
96 81 0
96 81 0
96 81 0
96 81 0
96 81 1
96 81 0
96 81 0
95 81 0
95 81 0
95 81 0
95 81 0
95 81 0
95 81 0
95 81 0
94 81 0
94 81 0
94 81 0
94 81 0
94 81 0
94 81 0
94 81 0
94 81 0
94 81 0
94 81 0
94 81 0
94 81 0
94 81 0
94 81 0
94 81 0
94 81 0
94 81 0
94 81 0
94 81 0
94 81 0
94 81 0
94 81 0
94 81 0
94 81 0
94 81 0
94 81 0
95 81 0
95 81 0
95 81 0
95 81 0
95 81 0
96 81 0
96 81 0
96 81 0
96 82 0
96 82 0
97 82 0
97 82 0
97 82 0
97 82 0
97 82 0
98 82 0
98 82 0
98 83 0
98 83 0
98 83 0
98 84 0
98 84 0
98 84 0
99 84 0
99 85 0
99 85 0
99 86 0
99 86 0
100 86 0
100 87 0
100 87 0
100 87 0
100 87 0
100 88 0
100 88 0
100 89 0
100 90 0
100 90 0
100 91 0
100 91 0
100 92 0
100 93 0
100 93 0
100 94 0
100 94 0
100 95 0
100 95 0
100 96 0
100 97 0
100 98 0
100 99 0
100 99 0
100 100 0
100 101 0
100 101 0
100 103 0
100 103 0
100 105 0
100 106 0
100 107 0
100 107 0
100 110 0
100 111 0
100 111 0
101 114 0
101 115 0
101 117 0
101 118 0
101 119 0
101 120 0
101 121 0
101 122 0
101 123 0
101 124 0
101 125 0
101 125 0
101 126 0
101 126 0
101 127 0
101 127 0
101 127 0
101 128 0
101 128 0
101 128 0
101 128 0
101 128 0
101 128 0
101 129 0
100 129 0
100 130 0
100 130 0
100 130 0
100 130 0
99 130 0
99 130 0
99 130 0
98 130 0
98 130 0
98 130 0
97 130 0
97 130 0
97 130 0
97 129 0
97 129 0
97 129 0
97 129 0
97 129 0
97 129 0
97 129 0
97 129 0
97 128 1
97 128 0
97 128 0
97 128 0
97 128 0
97 128 0
96 128 0
96 127 0
96 127 0
95 127 0
95 126 0
95 126 0
95 126 0
95 126 0
95 126 0
95 126 0
94 126 0
94 126 0
94 126 0
94 126 0
94 125 0
93 125 0
93 124 0
93 124 0
93 124 0
93 124 0
93 124 0
92 123 0
92 122 0
92 122 0
92 121 0
92 121 0
92 120 0
91 120 0
91 119 0
91 119 0
91 118 0
91 118 0
91 117 0
91 117 0
90 116 0
90 116 0
90 115 0
90 115 0
90 114 0
90 114 0
89 113 0
89 113 0
89 112 0
89 112 0
89 112 0
89 111 0
88 111 0
88 110 0
88 110 0
88 110 0
88 109 0
87 109 0
87 108 0
87 108 0
87 108 0
87 107 0
86 107 0
86 106 0
86 106 0
86 106 0
86 104 0
86 104 0
86 103 0
86 103 0
86 101 0
85 101 0
85 101 0
85 101 0
85 101 0
85 101 0
85 101 0
85 101 0
85 101 0
84 101 0
84 101 0
84 101 0
84 101 0
84 101 0
84 100 0
83 100 0
83 100 0
82 100 0
82 100 0
81 100 0
81 100 0
80 100 0
80 100 0
79 100 0
79 100 0
79 100 0
79 100 0
79 99 0
78 99 0
78 99 0
78 99 0
78 99 0
78 99 0
78 99 0
78 99 0
77 99 0
77 99 0
77 99 0
77 99 0
77 99 0
77 98 0
76 98 0
75 98 0
75 98 0
75 98 0
75 98 0
75 98 0
75 98 0
75 98 0
75 98 0
74 98 0
74 98 0
74 98 0
74 98 0
74 98 0
74 98 0
74 98 0
74 98 0
74 98 0
74 98 0
74 98 0
74 98 0
74 98 0
74 98 0
74 98 0
74 98 0
74 98 0
74 98 0
74 98 0
74 98 0
74 98 0
74 98 0
74 98 0
74 98 0
74 97 0
74 97 0
74 97 0
74 97 0
74 97 0
74 97 0
74 97 0
74 97 0
74 97 0
73 97 0
73 97 0
73 97 0
73 97 0
73 97 0
73 97 0
73 97 0
73 97 0
73 97 0
73 97 0
73 97 0
73 97 0
73 97 0
73 97 0
73 97 0
73 97 0
73 97 0
73 97 0
73 97 0
73 96 0
73 96 0
72 96 0
72 96 0
72 96 0
72 96 0
72 96 0
72 96 0
72 96 0
72 96 0
72 96 0
72 96 0
72 96 0
72 96 0
72 96 0
72 96 0
72 96 0
72 96 0
72 96 0
72 96 0
72 97 0
72 97 0
72 97 0
71 97 0
71 97 0
71 97 0
71 97 0
71 97 0
71 97 0
71 97 0
71 97 0
71 97 0
71 97 0
71 98 0
71 98 0
71 98 0
71 98 0
71 98 0
71 98 0
71 98 0
71 98 0
71 98 0
71 98 0
71 98 0
71 98 0
71 98 0
71 98 0
71 99 0
71 99 0
71 99 0
71 99 0
71 99 0
71 99 0
71 99 0
71 99 0
71 99 0
71 99 0
71 99 0
70 99 0
70 99 0
70 100 0
70 100 0
70 100 0
70 100 0
70 100 0
70 100 0
70 100 0
70 100 0
70 100 0
70 100 0
70 100 0
70 100 0
70 100 0
70 101 0
70 101 0
70 101 0
70 101 0
70 101 0
70 101 0
70 102 0
70 102 0
70 102 0
70 102 0
70 102 0
70 102 0
70 104 0
70 104 0
70 104 0
70 104 0
70 104 0
70 104 0
70 104 0
70 104 0
70 105 0
70 105 0
70 105 0
70 105 0
70 105 0
70 105 0
70 105 0
70 106 0
70 106 0
70 106 0
70 106 0
70 106 0
71 106 0
71 106 0
71 106 0
71 107 0
71 107 0
71 107 0
71 107 0
71 107 0
71 107 0
71 107 0
71 108 0
71 108 0
71 108 0
71 107 0
71 107 0
71 107 0
71 107 0
71 107 0
71 107 0
71 107 0
71 107 0
71 108 0
71 108 0
71 108 0
71 108 1
71 108 0
71 108 0
71 109 0
71 109 0
71 109 0
71 109 0
71 109 0
72 109 0
72 109 0
72 109 0
72 109 0
72 109 0
72 109 0
72 109 0
72 109 0
72 109 0
72 110 0
72 110 0
72 110 0
72 110 0
72 110 0
72 110 0
72 111 0
72 111 0
72 111 0
72 111 0
72 111 0
72 111 0
73 111 0
73 112 0
73 112 0
73 112 0
73 112 0
73 112 0
73 112 0
73 112 0
73 112 0
73 112 0
73 112 0
73 112 0
73 112 0
74 112 0
74 113 0
74 113 0
74 113 0
74 113 0
74 113 0
74 113 0
74 113 0
74 114 0
74 114 0
74 114 0
74 114 0
74 114 0
74 114 0
74 115 0
74 115 0
74 115 0
74 115 0
74 115 0
74 115 0
74 115 0
75 116 0
75 116 0
75 116 0
75 116 0
75 116 0
75 116 0
75 116 0
75 117 0
75 117 0
75 117 0
75 117 0
75 117 0
75 117 0
75 117 0
75 118 0
75 118 0
75 118 0
75 118 0
75 118 0
75 118 0
75 119 0
75 119 0
75 119 0
75 119 0
75 119 0
75 119 0
75 119 0
75 120 0
75 120 0
75 120 0
75 120 0
75 120 0
75 120 0
75 121 0
75 121 0
75 121 0
75 121 2
75 121 0
75 121 0
75 121 0
75 121 0
75 121 0
75 121 0
75 121 0
75 121 0
75 121 0
75 123 0
75 123 0
75 123 0
75 123 0
75 123 0
75 123 0
75 124 0
75 124 0
75 124 0
75 124 0
75 124 0
75 124 0
75 125 0
75 125 0
75 125 0
75 125 0
75 125 0
75 125 0
75 125 0
75 126 0
75 126 0
75 126 0
75 126 0
75 126 0
75 126 0
75 127 0
75 127 0
75 127 0
75 127 0
75 127 0
75 127 0
75 128 0
75 128 0
75 128 0
75 128 0
75 128 0
75 128 0
75 128 0
75 128 0
75 128 0
75 128 0
75 128 0
75 128 0
75 128 0
75 129 0
75 129 0
75 129 0
75 129 0
75 129 0
75 129 0
75 130 0
75 130 0
75 130 0
74 130 0
74 130 0
74 130 0
74 131 0
74 131 0
74 131 0
74 131 0
74 131 0
74 131 0
74 131 0
74 132 0
74 132 0
74 132 0
74 132 0
74 132 0
74 132 0
73 134 0
73 134 0
73 134 0
73 134 0
73 134 0
73 134 0
73 136 0
73 136 0
73 136 0
73 136 0
73 136 0
73 136 0
73 137 0
73 137 0
73 137 0
73 137 0
73 137 0
73 137 0
72 139 0
72 139 0
72 139 0
72 139 0
72 139 0
72 139 0
72 140 0
72 140 0
72 140 0
72 140 0
72 140 0
72 140 0
72 142 0
72 142 0
72 142 0
72 142 0
72 142 0
72 142 0
72 142 0
72 144 0
72 144 0
72 144 0
72 144 0
72 144 0
72 144 0
71 145 0
71 145 0
71 145 0
71 145 0
71 145 0
71 145 0
71 146 0
71 146 0
71 146 0
71 146 0
71 146 0
71 146 0
71 148 0
71 148 0
71 148 0
71 148 0
71 148 0
71 148 0
71 150 0
71 150 0
71 150 0
72 150 0
72 150 0
72 150 0
72 152 0
72 152 0
72 152 0
72 152 0
72 152 0
72 152 0
72 154 0
72 154 0
72 154 0
72 154 0
72 154 0
73 154 0
73 156 0
73 156 0
73 156 0
73 156 0
73 156 0
73 156 0
73 158 0
73 158 0
73 158 0
73 158 0
73 158 0
73 161 0
73 161 0
73 161 0
73 161 0
73 161 0
73 161 0
73 163 0
73 163 0
74 163 0
74 163 0
74 163 0
74 165 0
74 165 0
74 165 0
74 165 0
74 165 0
74 165 0
74 167 0
74 167 0
74 167 0
74 167 0
74 167 0
74 167 0
74 169 0
74 169 0
74 169 0
74 169 0
74 169 0
74 171 0
74 171 0
74 171 0
74 171 0
74 171 0
74 171 0
74 172 0
75 172 0
75 172 0
75 172 0
75 172 0
75 173 0
75 173 0
75 173 0
75 173 1
75 173 0
75 173 0
75 173 0
75 173 0
75 173 0
75 173 0
76 173 0
76 174 0
76 174 0
76 174 0
76 174 0
76 174 0
77 174 0
77 175 0
77 175 0
77 175 0
77 175 0
77 175 0
77 175 0
78 176 0
78 176 0
78 176 0
78 176 0
78 176 0
78 176 0
78 177 0
78 177 0
78 177 0
78 177 0
78 177 0
78 177 0
78 178 0
78 178 0
78 178 0
78 178 0
78 178 0
78 178 0
78 179 0
78 179 0
78 179 0
78 179 0
78 179 0
78 179 0
78 181 0
78 181 0
78 181 0
78 181 0
78 181 0
78 181 0
78 182 0
78 182 0
78 182 0
78 182 0
78 182 0
78 182 0
78 183 0
78 183 0
78 183 0
78 183 0
78 183 0
78 183 0
78 185 0
79 185 0
79 185 0
79 185 0
79 185 0
79 185 0
79 186 0
79 186 0
79 186 0
79 186 0
79 186 0
79 186 0
79 188 0
79 188 0
79 188 0
80 188 0
80 188 0
80 188 0
80 189 0
80 189 0
80 189 0
80 189 0
80 189 0
80 189 0
80 190 0
80 190 0
80 190 0
80 190 0
80 190 0
80 192 0
80 192 0
80 192 0
80 192 0
80 192 0
80 192 0
80 193 0
80 193 0
81 193 0
81 193 0
81 193 0
81 194 0
81 194 0
81 194 0
81 194 0
81 194 0
81 194 0
81 195 0
81 195 0
81 195 0
81 195 0
81 195 0
81 195 0
81 196 0
81 196 0
81 196 0
81 196 0
81 196 0
81 196 0
81 197 0
81 197 0
81 197 0
81 197 0
81 197 0
81 197 0
81 198 0
81 198 0
81 198 0
81 198 0
81 198 0
81 198 0
81 199 0
81 199 0
81 199 0
81 199 0
81 199 0
81 200 0
81 200 0
81 200 0
81 200 0
81 200 0
81 200 0
81 201 0
81 201 0
81 201 0
81 201 0
81 201 0
81 201 0
81 203 0
81 203 0
81 203 0
81 203 0
81 203 0
81 204 0
81 204 0
81 204 0
81 204 0
80 204 0
80 205 0
80 205 0
80 205 0
80 205 0
80 205 0
80 205 0
80 206 0
80 206 0
80 206 0
80 206 0
80 206 0
80 208 0
79 208 0
79 208 0
79 208 0
79 208 0
79 208 0
79 209 0
79 209 0
79 209 0
79 209 0
79 209 0
79 211 0
79 211 0
79 211 0
78 211 0
78 211 0
78 212 0
78 212 0
78 212 0
78 212 0
78 214 0
77 214 0
77 214 0
77 214 0
77 214 0
77 216 0
77 216 0
77 216 0
77 216 0
77 217 0
77 217 0
77 217 0
77 217 0
77 217 0
77 218 0
77 218 0
77 218 0
77 218 0
77 220 0
77 220 0
77 220 0
77 222 0
77 222 0
77 222 0
77 224 0
77 224 0
77 224 0
77 224 0
77 226 0
77 226 0
77 226 0
77 226 0
77 228 0
77 228 0
77 228 0
77 229 0
77 229 0
77 229 0
77 229 0
77 229 0
77 230 0
77 230 0
77 230 0
77 230 0
77 231 0
77 231 0
77 231 0
77 231 0
77 231 0
77 232 0
77 232 0
77 232 0
77 232 0
77 232 0
77 234 0
77 234 0
77 234 0
77 234 0
77 234 0
78 236 0
78 236 0
78 236 0
78 236 0
78 236 0
78 238 0
78 238 0
78 238 0
78 238 0
78 238 0
78 239 0
78 239 0
78 239 0
79 239 0
79 241 0
79 241 0
79 241 0
79 241 0
79 241 0
79 242 0
79 242 0
79 242 0
79 242 0
79 242 0
79 244 0
79 244 0
80 244 0
80 244 0
80 244 0
80 245 0
80 245 0
80 245 0
81 245 0
81 245 0
81 246 0
81 246 0
81 246 0
81 246 0
81 246 0
81 248 0
81 248 0
81 248 0
81 248 0
81 248 0
81 249 0
81 249 0
81 249 0
81 249 0
81 249 0
81 250 0
81 250 0
81 250 0
81 250 0
81 250 0
81 251 0
81 251 0
81 251 0
81 251 0
81 251 0
81 251 0
81 251 0
81 251 0
81 251 0
81 251 0
81 252 0
81 252 0
81 252 0
81 252 0
81 252 0
81 252 0
81 252 0
81 252 0
81 252 0
81 252 0
81 252 0
81 253 0
81 253 0
81 253 0
81 253 1
81 253 0
81 253 0
81 252 0
81 252 0
81 252 0
81 252 0
81 252 0
81 252 0
81 251 0
81 251 0
81 251 0
81 251 0
81 251 2
81 251 0
81 251 0
81 250 0
81 250 0
81 250 0
81 250 0
81 250 0
81 250 0
81 250 0
81 249 0
81 249 0
81 249 0
81 249 0
81 249 0
81 249 0
81 248 0
81 248 0
82 248 0
82 248 0
82 248 0
82 248 0
82 248 0
82 247 0
83 247 0
83 247 0
83 247 0
83 247 0
83 247 0
83 246 0
83 246 0
84 246 0
84 246 0
84 246 0
84 246 0
84 246 0
84 245 0
85 245 0
85 245 0
85 245 0
85 245 0
85 245 0
85 245 0
85 244 0
86 244 0
86 244 0
86 244 0
86 244 0
86 244 0
86 244 0
86 243 0
87 243 0
87 243 0
87 243 0
87 243 0
87 243 0
87 242 0
88 242 0
88 242 0
88 242 0
88 242 0
88 242 0
88 240 0
88 240 0
88 240 0
88 240 0
88 240 0
88 240 0
88 238 0
88 238 0
88 238 0
89 238 0
89 238 0
89 238 0
89 237 0
89 237 0
89 237 0
89 237 0
89 237 0
89 237 0
89 236 0
89 236 0
89 236 0
89 236 0
89 236 0
89 236 0
89 235 0
89 235 0
89 235 0
89 235 0
89 235 0
89 235 0
89 234 0
89 234 0
89 234 0
89 234 0
89 234 0
89 234 0
89 232 0
89 232 0
89 232 0
89 232 0
89 232 0
89 232 0
89 231 0
88 231 0
88 231 0
88 231 0
88 231 0
88 231 0
88 230 0
88 230 0
88 230 0
88 230 0
88 230 0
88 230 0
88 229 0
88 229 0
88 229 0
87 229 0
87 229 0
87 229 0
87 228 0
87 228 0
87 228 0
87 228 0
87 228 0
87 228 0
87 227 0
87 227 0
87 227 0
87 227 0
87 227 0
87 227 0
87 226 0
87 226 0
87 226 0
87 226 0
87 226 0
87 226 0
87 225 0
85 225 0
85 225 0
85 225 0
85 225 0
85 225 0
85 224 0
85 224 0
85 224 0
85 224 0
85 224 0
85 224 0
85 223 0
85 223 0
85 223 0
85 223 0
85 223 0
85 223 0
85 222 0
85 222 0
85 222 0
85 222 0
85 222 0
85 222 0
85 220 0
85 220 0
85 220 0
85 220 0
84 220 0
84 220 0
84 219 0
84 219 0
84 219 0
84 219 0
84 219 0
84 219 0
83 218 0
83 218 0
83 218 0
83 218 0
83 218 0
83 217 0
83 217 0
83 217 0
82 217 0
82 217 0
82 217 0
82 216 0
82 216 0
82 216 0
82 216 0
82 216 0
82 216 0
82 214 0
82 214 0
82 214 0
82 214 0
82 214 0
82 214 0
82 212 0
82 212 0
82 212 0
82 212 0
82 212 0
82 211 0
82 211 0
82 211 0
82 211 0
81 211 0
81 209 0
81 209 0
81 209 0
81 209 0
81 209 0
81 209 0
81 208 0
81 208 0
81 208 0
81 208 0
81 208 0
81 206 0
81 206 0
81 206 0
82 206 0
82 206 0
82 205 0
82 205 0
82 205 0
82 205 0
83 205 0
83 204 0
83 204 0
83 204 0
83 204 0
83 204 0
83 203 0
83 203 0
83 203 0
83 203 0
83 203 0
83 201 0
83 201 0
84 201 0
84 201 0
84 200 0
84 200 0
84 200 0
84 200 0
84 200 0
84 199 0
84 199 0
84 199 0
84 199 0
84 199 0
84 197 0
84 197 0
84 197 0
84 197 0
84 197 0
84 196 0
84 196 0
84 196 0
84 196 0
84 196 0
84 195 0
84 195 0
84 195 0
84 195 0
84 195 0
84 195 0
84 194 0
84 194 0
84 194 0
84 194 0
84 194 0
84 193 0
83 193 0
83 193 0
83 193 0
83 193 0
83 192 0
83 192 0
83 192 0
83 192 0
83 192 0
83 190 0
83 190 0
83 190 0
83 190 0
83 190 0
83 189 0
82 189 0
82 189 0
82 189 0
82 189 0
82 188 0
82 188 0
82 188 0
81 188 0
81 188 0
81 187 0
81 187 0
81 187 0
81 187 0
81 187 0
80 185 0
80 185 0
80 185 0
80 185 0
80 185 0
80 183 0
80 183 0
78 183 0
78 183 0
78 182 0
78 182 0
78 182 0
78 182 0
78 182 0
78 181 0
77 181 0
77 181 0
77 179 0
77 179 0
77 179 0
77 179 0
77 178 0
75 178 0
75 178 0
75 178 0
75 176 0
75 176 0
75 176 0
75 176 0
75 175 0
75 175 0
74 175 0
74 175 0
74 173 0
74 173 0
74 173 0
74 173 0
74 172 0
72 172 0
72 172 0
72 172 0
72 172 0
72 170 0
72 170 0
72 170 0
72 169 0
70 169 0
70 169 0
70 169 0
70 169 0
70 168 0
70 168 0
70 168 0
70 167 0
69 167 0
69 167 0
69 167 0
69 167 0
69 165 0
69 165 0
69 165 0
69 165 0
68 165 0
68 164 0
68 164 0
68 164 0
68 164 0
68 163 0
68 163 0
68 163 0
66 163 0
66 162 0
66 162 0
66 162 0
66 162 0
66 161 0
66 161 0
66 161 0
66 161 0
66 161 0
66 159 0
66 159 0
66 159 0
66 159 0
65 159 0
65 158 0
65 158 0
65 158 0
65 158 0
65 157 0
65 157 0
65 157 0
65 157 0
65 155 0
65 155 0
65 155 0
65 155 0
64 155 0
64 154 0
64 154 0
64 154 0
64 154 0
64 154 0
64 153 0
63 153 0
63 153 0
63 153 0
63 153 0
63 151 0
63 151 0
63 151 0
63 151 0
63 151 0
63 149 0
63 149 0
63 149 0
63 149 0
63 149 0
63 148 0
63 148 0
63 148 0
63 148 0
63 148 0
63 147 0
63 147 0
63 147 0
63 147 0
63 147 0
63 145 0
63 145 0
63 145 0
63 145 0
63 145 0
63 143 0
63 143 0
63 143 0
63 143 0
63 143 0
63 141 0
63 141 0
63 141 0
63 141 0
63 141 0
63 141 0
63 139 0
63 139 0
63 139 0
63 139 0
63 139 0
63 137 0
63 137 0
63 137 0
63 137 0
63 137 0
63 135 0
63 135 0
63 135 0
63 135 0
63 135 0
63 134 0
62 134 0
62 134 0
62 134 0
62 134 0
62 134 0
62 133 0
62 133 0
62 133 0
62 133 0
62 133 0
62 133 0
62 132 0
62 132 0
62 132 0
62 132 0
62 132 0
62 132 0
62 131 0
62 131 0
62 131 0
62 131 0
61 131 0
61 131 0
61 130 0
61 130 0
61 130 0
61 130 0
61 130 0
61 130 0
61 129 0
61 129 0
61 129 0
61 129 0
61 129 0
60 129 0
60 128 0
60 128 0
60 128 0
60 128 0
60 128 0
60 128 0
60 127 0
60 127 0
60 127 0
60 127 0
60 127 0
60 127 0
60 126 0
60 126 0
60 126 0
60 126 0
60 126 0
60 125 0
60 125 0
60 125 1
60 125 0
60 125 0
60 125 0
60 126 0
60 126 0
60 126 0
60 126 0
60 126 0
60 126 0
60 126 0
60 127 0
60 127 0
60 127 0
60 127 0
60 127 0
60 127 0
59 127 0
59 128 0
59 128 0
59 128 0
59 128 0
59 128 0
59 128 0
59 128 0
59 130 0
59 130 0
59 130 0
59 130 0
59 130 0
59 130 0
59 130 0
58 130 0
58 132 0
58 132 0
58 132 0
58 132 0
58 132 0
58 132 0
57 132 0
57 132 0
57 134 0
57 134 0
57 134 0
57 134 0
57 134 0
57 134 0
56 134 0
56 137 0
56 137 0
56 137 0
56 137 0
56 137 0
56 137 0
55 137 0
55 137 0
55 139 0
55 139 0
55 139 0
55 139 0
55 139 0
55 139 0
54 139 0
54 139 0
54 141 0
54 141 0
54 141 0
54 141 0
54 141 0
54 141 0
54 141 0
54 144 0
54 144 0
54 144 0
54 144 0
54 144 0
54 144 0
53 144 0
53 147 0
53 147 0
53 147 0
53 147 0
53 147 0
53 147 0
53 147 0
52 149 0
52 149 0
52 149 0
52 149 0
52 149 0
52 149 0
52 149 0
52 151 0
52 151 0
52 151 0
52 151 0
52 151 0
52 151 0
52 151 0
52 153 0
52 153 0
52 153 0
52 153 0
52 153 0
52 153 0
52 155 0
52 155 0
52 155 0
52 155 0
52 155 0
52 155 0
52 155 0
52 157 0
52 157 0
52 157 0
52 157 0
52 157 0
52 157 0
52 157 0
52 158 0
52 158 0
52 158 0
52 158 0
52 158 0
52 158 0
52 159 0
52 159 0
52 159 0
52 159 0
53 159 0
53 159 0
53 159 0
53 161 0
53 161 0
53 161 0
53 161 0
53 161 0
53 161 0
53 162 0
53 162 0
53 162 0
53 162 0
53 162 0
53 162 0
54 162 0
54 163 0
54 163 0
54 163 0
54 163 0
54 163 0
54 163 0
55 163 0
55 163 0
55 163 0
55 163 0
55 163 0
55 163 0
55 163 0
56 164 0
56 164 0
56 164 0
56 164 0
56 164 0
56 164 0
56 163 0
57 163 0
57 163 0
57 163 0
57 163 0
57 163 0
57 162 0
57 162 0
58 162 0
58 162 0
58 162 0
58 162 0
58 160 0
58 160 0
58 160 0
59 160 0
59 160 0
59 160 0
59 159 0
59 159 0
59 159 0
59 159 0
60 159 0
60 159 0
60 157 0
60 157 0
60 157 0
60 157 0
60 157 0
60 156 0
60 156 0
60 156 0
60 156 0
60 156 0
60 156 0
60 153 0
61 153 0
61 153 0
61 153 0
61 153 0
61 153 0
61 151 0
61 151 0
61 151 0
61 151 0
61 151 0
61 150 0
61 150 0
61 150 0
62 150 0
62 150 0
62 147 0
62 147 0
62 147 0
62 147 0
63 147 0
63 147 2
63 146 0
63 146 0
63 146 0
63 146 0
63 146 0
63 145 0
63 145 0
63 145 0
63 145 0
63 145 0
63 143 0
63 143 0
63 143 0
63 143 0
63 143 0
63 143 0
63 141 0
63 141 0
63 141 0
63 141 0
63 141 0
63 140 0
63 140 0
63 140 0
63 140 0
63 140 0
63 140 0
63 139 0
63 139 0
63 139 0
63 139 0
63 139 0
63 137 0
63 137 0
63 137 0
63 137 0
63 137 0
63 137 0
63 136 0
63 136 0
63 136 0
63 136 0
63 136 0
63 134 0
63 134 0
63 134 0
63 134 0
62 134 0
62 134 0
62 133 0
62 133 0
62 133 0
62 133 0
62 133 0
62 131 0
61 131 0
61 131 0
61 131 0
61 131 0
61 131 0
61 130 0
61 130 0
61 130 0
61 130 0
60 130 0
60 130 0
60 129 0
60 129 0
60 129 0
60 129 0
60 129 0
60 128 0
59 128 0
59 128 0
59 128 0
59 128 0
59 128 0
59 127 0
59 127 0
59 127 0
58 127 0
58 127 0
58 127 0
58 125 0
58 125 0
58 125 0
58 125 0
58 125 0
57 125 0
57 124 0
57 124 0
57 124 0
57 124 0
57 124 0
57 124 0
57 123 0
57 123 0
57 123 0
57 123 0
57 123 0
57 123 0
57 122 0
57 122 0
57 122 0
57 122 0
57 122 0
57 122 0
57 121 0
57 121 0
57 121 0
57 121 0
57 121 0
57 120 0
57 120 0
57 120 0
57 120 0
57 120 0
57 120 0
57 118 0
57 118 0
57 118 0
57 118 0
57 118 0
57 118 0
57 117 0
57 117 0
57 117 0
57 117 0
57 117 0
57 117 0
57 118 0
57 118 0
57 118 0
57 118 0
57 118 0
56 118 0
56 118 0
56 118 0
56 118 0
56 118 0
56 118 0
56 118 0
56 118 0
56 118 0
56 120 0
56 120 0
56 120 0
56 120 0
56 120 0
56 120 0
56 120 0
56 121 0
56 121 0
56 121 0
56 121 0
56 121 0
56 121 0
56 121 0
56 124 0
56 124 0
56 124 0
56 124 0
56 124 0
56 124 0
56 124 0
56 124 0
56 126 0
56 126 0
56 126 0
56 126 0
56 126 0
56 126 0
56 126 0
56 126 0
56 129 0
56 129 0
56 129 0
56 129 0
56 129 0
56 129 0
56 129 0
56 129 0
56 131 0
56 131 0
56 131 0
56 131 0
56 131 0
56 131 0
57 131 0
57 133 0
57 133 0
57 133 0
57 133 0
57 133 0
58 133 0
58 133 0
58 133 0
58 136 0
58 136 0
58 136 0
58 136 0
60 136 0
60 136 0
60 136 0
60 137 0
60 137 0
60 137 0
60 137 0
61 137 0
61 137 0
61 137 0
61 140 0
61 140 0
61 140 0
61 140 0
62 140 0
62 140 0
62 140 0
62 142 0
62 142 0
62 142 0
64 142 0
64 142 0
64 142 0
64 142 0
64 144 0
64 144 0
64 144 0
65 144 0
65 144 0
65 144 0
65 145 0
65 145 0
65 145 0
65 145 0
66 145 0
66 145 0
66 145 0
66 146 0
66 146 0
66 146 0
66 146 0
66 146 0
66 146 0
66 147 0
66 147 0
66 147 0
66 147 0
66 147 0
66 147 0
66 147 0
66 149 0
66 149 0
66 149 0
66 149 0
66 149 0
67 149 0
67 150 0
67 150 0
67 150 0
67 150 0
67 150 0
67 150 0
67 150 0
67 151 0
67 151 0
67 151 0
67 151 0
67 151 0
67 151 0
67 152 0
67 152 0
67 152 0
67 152 0
67 152 0
67 152 0
67 152 0
67 154 0
67 154 0
67 154 0
67 154 0
67 154 0
67 154 0
67 155 0
67 155 0
67 155 0
67 155 0
67 155 0
67 155 0
67 155 0
67 156 0
66 156 0
66 156 0
66 156 0
66 156 0
66 156 0
66 156 0
65 159 0
65 159 0
65 159 0
65 159 0
65 159 0
65 159 0
65 159 0
65 159 0
65 159 0
65 159 0
65 159 0
65 159 0
65 159 0
65 160 0
65 160 0
64 160 0
64 160 0
64 160 0
64 160 0
64 161 0
64 161 0
64 161 0
64 161 0
64 161 0
64 161 0
64 162 0
64 162 0
64 162 1
64 162 0
64 162 0
64 162 0
64 162 0
64 161 0
64 161 0
64 161 0
64 161 0
63 161 0
63 161 0
63 160 0
63 160 0
63 160 0
63 160 0
63 160 0
63 160 0
63 159 0
63 159 0
63 159 0
63 159 0
63 159 0
63 159 0
62 158 0
62 158 0
62 158 0
62 158 0
62 158 0
62 158 0
62 156 0
62 156 0
61 156 0
61 156 0
61 156 0
61 154 0
61 154 0
61 154 0
61 154 0
61 154 0
61 154 0
61 151 0
61 151 0
61 151 0
61 151 0
61 151 0
61 151 0
61 149 0
60 149 0
60 149 0
60 149 0
60 149 0
60 146 0
60 146 0
60 146 0
60 146 0
60 146 0
60 146 0
60 144 0
60 144 0
60 144 0
60 144 0
60 144 0
60 144 0
60 142 0
60 142 0
60 142 0
60 142 0
60 142 0
60 140 0
60 140 0
59 140 0
59 140 0
59 140 0
59 140 0
59 138 0
59 138 0
60 138 0
60 138 0
60 138 0
60 138 0
60 136 0
60 136 0
60 136 0
61 136 0
61 136 0
61 135 0
61 135 0
61 135 0
61 135 0
62 135 0
62 135 0
62 133 0
62 133 0
62 133 0
62 133 0
62 133 0
62 133 0
63 132 0
63 132 2
63 132 0
62 132 0
62 132 0
62 132 0
62 131 0
62 131 0
62 131 0
62 131 0
62 131 0
62 130 0
62 130 0
62 130 0
62 130 0
62 130 0
62 130 0
62 129 0
62 129 0
62 129 0
62 129 0
62 129 0
62 129 0
62 128 0
62 128 0
62 128 0
62 128 0
62 128 0
62 128 0
62 127 0
62 127 0
62 127 0
62 127 0
62 127 0
62 127 0
62 126 0
62 126 0
62 126 0
62 126 0
62 126 0
62 126 0
62 125 0
63 125 0
63 125 0
63 125 0
63 125 0
63 125 0
63 124 0
63 124 0
63 124 0
63 124 0
63 124 0
63 124 0
63 122 0
63 122 0
63 122 0
63 122 0
63 122 0
63 122 0
63 121 0
63 121 0
63 121 0
63 121 0
63 121 0
63 120 0
63 120 0
63 120 0
63 120 0
63 120 0
63 120 0
63 119 0
63 119 0
63 119 0
63 119 0
63 119 0
63 119 0
63 118 0
63 118 0
63 118 0
63 118 0
63 118 0
63 118 0
63 116 0
63 116 0
63 116 0
63 116 0
63 116 0
63 115 0
63 115 0
63 115 0
63 115 0
63 115 0
63 115 0
63 114 0
63 114 0
63 114 0
63 114 0
63 114 0
63 114 0
63 113 0
63 113 0
63 113 0
63 113 0
63 113 0
63 113 0
63 112 0
63 112 0
63 112 0
63 112 0
63 112 0
63 112 0
63 111 0
63 111 0
63 111 0
63 111 0
63 111 0
63 111 0
63 110 0
63 110 0
63 110 0
63 110 0
63 110 0
63 110 0
63 109 0
63 109 0
63 109 0
63 109 0
63 109 0
63 109 0
63 108 0
63 108 0
63 108 0
63 108 0
63 108 0
63 108 0
63 107 0
63 107 0
63 107 0
63 107 0
63 107 0
63 107 0
63 106 0
63 106 0
63 106 0
63 106 0
63 106 0
63 106 0
63 105 0
63 105 0
63 105 0
63 105 0
63 105 0
63 105 0
63 104 0
63 104 0
63 104 0
63 104 0
63 104 0
63 104 0
63 103 0
63 103 0
63 103 0
63 103 0
63 103 0
63 103 0
63 102 0
63 102 0
63 102 0
63 102 0
63 102 0
63 102 0
63 102 0
63 101 0
63 101 0
63 101 0
63 101 0
63 101 0
63 101 0
63 101 0
63 101 0
63 101 0
63 101 0
63 101 0
63 101 0
63 101 0
63 101 0
63 101 0
63 101 0
63 101 0
63 101 0
63 101 0
63 101 0
63 102 0
63 102 0
63 102 0
63 102 0
63 102 0
63 102 0
63 102 0
63 103 0
63 103 0
63 103 0
63 103 0
63 103 0
63 103 0
63 103 0
63 105 0
63 105 0
63 105 0
63 105 0
63 105 0
63 105 0
63 105 0
63 105 0
63 106 0
63 106 0
63 106 0
63 106 0
63 106 0
63 106 0
63 106 0
63 107 0
63 107 0
63 107 0
63 107 0
63 107 0
63 107 0
63 107 0
63 108 0
63 108 0
63 108 0
64 108 0
64 108 0
64 108 0
64 108 0
64 108 0
64 109 0
64 109 0
65 109 0
65 109 0
65 109 0
65 109 0
65 109 0
65 111 0
66 111 0
66 111 0
66 111 0
66 111 0
66 111 0
66 111 0
66 112 0
67 112 0
67 112 0
67 112 0
67 112 0
67 112 0
67 112 0
67 113 0
67 113 0
67 113 0
67 113 0
67 113 0
67 113 0
67 114 0
68 114 0
68 114 0
68 114 0
68 114 0
68 114 0
68 114 0
68 115 0
69 115 0
69 115 0
69 115 0
69 115 0
69 115 0
69 115 0
70 115 0
70 115 0
70 115 0
70 115 0
70 115 0
70 115 0
70 116 0
71 116 0
71 116 0
71 116 0
71 116 0
71 116 0
71 116 0
71 117 0
72 117 0
72 117 0
72 117 0
72 117 0
72 117 0
72 117 0
72 117 0
72 117 0
72 117 0
72 117 2
72 117 0
72 117 0
72 118 0
72 118 0
72 118 0
72 118 0
72 118 0
72 118 0
72 119 0
72 119 0
72 119 0
72 119 0
72 119 0
72 119 0
72 120 0
72 120 0
72 120 0
72 120 0
72 120 0
72 120 0
72 120 0
72 121 0
72 121 0
72 121 0
72 121 0
72 121 0
72 121 0
72 121 0
72 122 0
72 122 0
72 122 0
72 122 0
72 122 0
72 122 0
72 122 0
72 123 0
72 123 0
72 123 0
72 123 0
72 123 0
72 123 0
72 125 0
72 125 0
72 125 0
72 125 0
72 125 0
71 125 0
71 126 0
71 126 0
71 126 0
71 126 0
71 126 1
71 126 0
71 126 0
71 127 0
71 127 0
71 127 0
71 127 0
71 127 0
71 127 0
71 129 0
71 129 0
71 129 0
71 129 0
71 129 0
71 129 0
71 129 0
71 131 0
71 131 0
69 131 0
69 131 0
69 131 0
69 131 0
69 131 0
69 133 0
69 133 0
69 133 0
69 133 0
69 133 0
69 133 0
69 135 0
69 135 0
69 135 0
69 135 0
69 135 0
69 135 0
69 135 0
69 137 0
69 137 0
69 137 0
69 137 0
69 137 0
68 137 0
68 137 0
68 139 0
68 139 0
68 139 0
68 139 0
68 139 0
68 139 0
68 139 0
68 141 0
68 141 0
68 141 0
68 141 0
68 141 0
68 141 0
67 143 0
67 143 0
67 143 0
67 143 0
67 143 0
67 143 0
67 143 0
67 144 0
67 144 0
67 144 0
67 144 0
67 144 0
67 144 0
67 147 0
67 147 0
67 147 0
67 147 0
67 147 0
67 147 0
67 149 0
67 149 0
67 149 0
67 149 0
67 149 0
67 149 0
67 149 0
67 152 0
67 152 0
67 152 0
67 152 0
67 152 0
67 152 0
67 154 0
67 154 0
67 154 0
67 154 0
67 154 0
67 154 0
67 156 0
67 156 0
67 156 0
67 156 0
67 156 0
67 156 0
67 156 0
67 159 0
67 159 0
67 159 0
67 159 0
67 159 0
67 159 0
67 161 0
67 161 0
67 161 0
67 161 0
67 161 0
67 161 0
67 164 0
67 164 0
67 164 0
67 164 0
67 164 0
67 164 0
67 167 0
67 167 0
67 167 0
67 167 0
67 167 0
67 167 0
67 169 0
67 169 0
67 169 0
67 169 0
67 169 0
68 169 0
68 172 0
68 172 0
68 172 0
68 172 0
68 172 0
68 172 0
69 175 0
69 175 0
69 175 0
69 175 0
69 175 0
69 175 0
70 178 0
70 178 0
70 178 0
70 178 0
70 178 0
70 180 0
70 180 0
70 180 0
70 180 0
70 180 0
70 180 0
70 183 0
70 183 0
71 183 0
71 183 0
71 183 0
71 185 0
71 185 0
71 185 0
71 185 0
71 185 0
71 185 0
71 188 0
71 188 0
71 188 0
71 188 0
71 188 0
71 190 0
71 190 0
71 190 0
71 190 0
71 190 0
71 190 0
71 193 0
71 193 0
71 193 0
71 193 0
71 193 0
71 194 0
71 194 0
71 194 0
71 194 0
71 194 0
71 194 0
71 197 0
71 197 0
71 197 1
71 197 0
71 197 0
71 197 0
71 198 0
71 198 0
71 198 0
71 198 0
71 198 0
71 200 0
71 200 0
71 200 0
71 200 0
71 200 0
71 200 0
71 202 0
71 202 0
71 202 0
71 202 0
71 202 0
71 202 0
71 203 0
71 203 0
71 203 0
71 203 0
71 203 0
71 203 0
70 206 0
70 206 0
70 206 0
70 206 0
70 206 0
70 208 0
70 208 0
70 208 0
70 208 0
70 208 0
70 208 0
70 211 0
70 211 0
70 211 0
70 211 0
70 211 0
70 211 0
70 213 0
69 213 0
69 213 0
69 213 0
69 213 0
69 215 0
69 215 0
69 215 0
69 215 0
69 215 0
69 215 0
69 217 0
69 217 0
69 217 0
69 217 0
69 217 0
69 219 0
69 219 0
69 219 0
68 219 0
68 219 0
68 219 0
68 221 0
68 221 0
68 221 0
68 221 0
68 221 0
68 221 0
68 222 0
68 222 0
68 222 0
68 222 0
68 222 0
68 222 0
68 224 0
68 224 0
68 224 0
68 224 0
68 224 0
68 226 0
68 226 0
68 226 0
68 226 0
68 226 0
68 226 0
68 228 0
68 228 0
68 228 0
68 228 0
68 228 0
68 228 0
68 230 0
68 230 0
68 230 0
68 230 0
68 230 0
68 230 0
68 232 0
68 232 0
68 232 0
68 232 0
68 232 0
68 232 0
68 234 0
68 234 0
68 234 0
68 234 0
68 234 0
68 234 0
68 235 0
68 235 0
68 235 0
68 235 0
68 235 0
68 235 0
68 236 0
68 236 0
68 236 0
68 236 0
68 236 0
68 236 0
68 237 0
68 237 0
68 237 0
68 237 0
68 237 0
68 237 0
68 238 0
68 238 0
68 238 0
68 238 0
68 238 0
68 238 0
68 239 0
70 239 0
70 239 0
70 239 0
70 239 0
70 239 0
70 241 0
70 241 0
70 241 0
70 241 0
70 241 0
70 241 0
70 242 0
70 242 0
70 242 0
71 242 0
71 242 0
71 242 0
71 245 0
71 245 0
71 245 0
72 245 0
72 245 0
72 245 0
72 247 0
72 247 0
72 247 0
72 247 0
73 247 0
73 247 0
73 250 0
73 250 0
73 250 0
73 250 0
73 250 0
73 250 0
73 252 0
73 252 0
73 252 0
73 252 0
73 252 0
74 252 0
74 254 0
74 254 0
74 254 0
74 254 0
74 254 0
74 254 0
75 256 0
75 256 0
75 256 0
75 256 0
75 256 0
75 256 0
75 256 0
75 257 0
75 257 0
75 257 0
75 257 0
75 257 0
75 257 0
75 259 0
75 259 0
75 259 0
75 259 0
75 259 0
75 259 0
75 260 0
75 260 0
74 260 0
74 260 0
74 260 0
74 260 0
74 261 0
74 261 0
74 261 0
74 261 0
74 261 0
74 261 0
74 262 0
74 262 0
74 262 1
74 262 0
74 262 0
73 262 0
73 263 0
73 263 0
73 263 0
73 263 0
73 263 0
73 263 0
73 263 0
73 266 0
71 266 0
71 266 0
71 266 0
71 266 0
71 266 0
71 268 0
71 268 0
71 268 0
70 268 0
70 268 0
70 268 0
70 270 0
70 270 0
70 270 0
70 270 0
70 270 0
70 270 0
70 270 0
69 273 0
69 273 0
69 273 0
69 273 0
69 273 0
69 273 0
69 274 0
69 274 0
69 274 0
68 274 0
68 274 0
68 274 0
68 277 0
68 277 0
68 277 0
68 277 0
68 277 0
68 277 0
68 277 0
67 278 0
67 278 0
67 278 0
67 278 0
67 278 0
67 278 0
67 279 0
67 279 0
67 279 0
67 279 0
67 279 0
67 279 0
67 280 0
67 280 0
67 280 0
67 280 0
67 280 1
67 280 0
67 280 0
67 279 0
67 279 0
67 279 0
67 279 0
67 279 0
67 279 0
67 278 0
66 278 0
66 278 0
66 278 0
66 278 0
66 277 0
66 277 0
66 277 0
66 277 0
66 277 0
66 277 0
66 275 0
66 275 0
66 275 0
66 275 0
66 275 0
66 275 0
66 273 0
66 273 0
66 273 0
66 273 0
66 273 0
66 270 0
66 270 0
66 270 0
66 270 0
66 270 0
66 267 0
66 267 0
66 267 0
67 267 0
67 267 0
67 264 0
67 264 0
67 264 0
67 264 0
68 264 0
68 261 0
68 261 0
68 261 0
68 261 0
68 258 0
68 258 0
68 258 0
68 258 0
68 258 0
68 258 0
68 254 0
68 254 0
69 254 0
69 254 0
69 254 0
69 252 0
69 252 0
69 252 0
69 252 0
69 252 0
69 252 0
69 249 0
69 249 0
69 249 0
69 249 0
70 249 1
70 247 0
70 247 0
70 247 0
70 247 0
70 247 0
71 245 0
71 245 0
71 245 0
71 245 0
71 245 0
71 245 0
71 244 0
71 244 0
71 244 0
71 244 0
71 244 0
71 242 0
71 242 0
72 242 0
72 242 0
72 242 0
72 240 0
72 240 0
72 240 0
72 240 0
72 240 0
72 238 0
72 238 0
72 238 0
72 238 0
72 238 0
72 237 0
72 237 0
72 237 0
72 237 0
72 237 0
72 237 0
72 235 0
72 235 0
72 235 0
72 235 0
72 235 0
72 233 0
72 233 0
72 233 0
71 233 0
71 233 0
71 232 0
71 232 0
71 232 0
71 232 0
71 232 0
71 232 0
70 231 0
70 231 0
70 231 0
70 231 0
70 231 0
70 231 0
70 229 0
70 229 0
69 229 0
69 229 0
69 229 0
69 228 0
69 228 0
69 228 0
69 228 0
69 228 0
69 226 0
69 226 0
69 226 0
69 226 0
69 226 0
69 226 0
69 224 0
69 224 0
69 224 0
69 224 0
68 224 0
68 223 0
68 223 0
68 223 0
68 223 0
68 223 0
68 221 0
68 221 0
68 221 0
68 221 0
68 221 0
68 221 0
68 219 0
68 219 0
68 219 0
68 219 0
68 219 0
68 217 0
68 217 0
68 217 0
68 217 0
68 217 0
68 216 0
68 216 0
68 216 0
68 216 0
68 216 0
68 214 0
68 214 0
68 214 0
68 214 0
68 214 0
68 214 0
68 213 0
68 213 0
68 213 0
68 213 0
68 213 0
68 211 0
68 211 0
68 211 0
68 211 0
68 211 0
68 211 0
68 209 0
68 209 0
68 209 0
68 209 0
68 209 0
68 208 0
68 208 0
68 208 0
68 208 0
68 208 0
68 207 0
68 207 0
68 207 0
68 207 0
68 207 0
68 207 0
68 205 0
68 205 0
68 205 0
68 205 0
68 205 0
68 204 0
68 204 0
68 204 0
68 204 0
68 204 0
68 201 0
68 201 0
68 201 0
68 201 0
68 201 0
68 199 0
68 199 0
68 199 0
68 199 0
68 199 0
68 198 0
69 198 0
69 198 0
69 198 0
69 198 0
69 195 0
69 195 0
69 195 0
69 195 0
69 195 0
69 194 0
69 194 0
69 194 0
69 194 0
69 194 0
69 191 0
70 191 0
70 191 0
70 191 0
70 191 0
70 189 0
70 189 0
70 189 0
70 189 0
70 189 0
70 189 0
70 188 0
70 188 0
70 188 0
71 188 0
71 186 0
71 186 0
71 186 0
71 186 0
71 186 0
71 184 0
72 184 0
72 184 0
72 184 0
72 184 0
72 183 0
72 183 0
73 183 0
73 183 0
73 181 0
73 181 0
73 181 0
73 181 0
73 181 0
74 180 0
74 180 0
74 180 0
74 180 0
74 180 0
74 179 0
74 179 0
74 179 0
74 179 0
74 179 0
74 178 0
74 178 0
74 178 0
74 178 0
74 178 0
74 176 0
74 176 0
74 176 0
74 176 0
74 176 0
74 175 0
74 175 0
74 175 0
74 175 0
74 175 0
74 173 0
74 173 0
74 173 0
74 173 0
74 171 0
74 171 0
74 171 0
74 171 0
74 171 0
74 169 0
74 169 0
74 169 0
74 169 0
74 169 0
74 168 0
74 168 0
74 168 0
74 168 0
73 166 0
73 166 0
73 166 0
73 166 0
73 166 0
73 165 0
73 165 0
73 165 0
73 165 0
73 165 0
73 163 0
73 163 0
73 163 0
73 163 0
73 163 0
73 162 0
73 162 0
73 162 0
73 162 0
73 162 1
73 160 0
73 160 0
73 160 0
73 160 0
73 160 0
73 159 0
72 159 0
72 159 0
72 159 0
72 159 0
72 158 0
72 158 0
72 158 0
72 158 0
72 158 0
72 158 0
72 157 0
72 157 0
72 157 0
72 157 0
72 157 0
72 156 0
72 156 0
72 156 0
72 156 0
72 156 0
72 156 0
72 156 0
72 156 0
72 156 0
72 156 0
72 156 0
72 155 0
72 155 0
72 155 0
72 155 0
72 155 0
72 154 0
73 154 0
73 154 0
73 154 0
73 154 0
73 154 0
73 153 0
75 153 0
75 153 0
75 153 0
75 153 0
75 153 0
75 152 0
76 152 0
76 152 0
76 152 0
76 152 0
76 151 0
76 151 0
77 151 0
77 151 0
77 151 0
77 151 0
77 150 0
77 150 0
77 150 0
78 150 0
78 150 0
78 148 0
78 148 0
78 148 0
78 148 0
79 148 0
79 147 0
79 147 0
79 147 0
79 147 0
79 147 0
80 145 0
80 145 0
80 145 0
80 145 0
80 145 0
80 144 0
81 144 0
81 144 0
81 144 0
81 144 0
81 143 0
81 143 0
81 143 0
81 143 0
81 143 0
81 143 0
81 143 0
81 143 0
81 143 0
81 143 0
81 143 0
81 142 0
81 142 0
81 142 0
81 142 0
81 142 0
81 141 0
81 141 0
81 141 0
81 141 0
81 141 0
81 141 0
81 141 0
81 141 0
81 141 0
81 141 0
81 141 0
81 140 0
81 140 0
81 140 0
81 140 0
81 140 0
81 140 0
81 139 0
81 139 0
81 139 0
81 139 0
81 139 0
81 138 0
81 138 0
81 138 0
81 138 0
81 138 0
81 138 0
81 137 0
81 137 0
81 137 0
81 137 0
80 137 0
80 137 0
80 136 0
80 136 0
80 136 0
80 136 0
80 136 0
80 135 0
80 135 0
80 135 0
80 135 0
80 135 0
80 135 0
80 135 0
80 135 0
80 135 0
80 135 0
80 135 0
80 135 0
80 135 0
80 134 0
80 134 0
80 134 0
80 134 0
79 134 0
79 132 0
79 132 0
79 132 0
79 132 0
79 132 0
79 131 0
79 131 0
79 131 0
79 131 0
79 131 0
79 130 0
79 130 0
79 130 0
79 130 0
79 130 0
79 130 0
79 130 0
79 130 0
79 130 0
79 130 0
80 130 0
80 129 0
80 129 0
80 129 0
80 129 0
80 129 0
81 128 0
81 128 0
81 128 0
81 128 0
81 128 0
81 128 0
81 127 0
81 127 0
81 127 0
81 127 0
81 127 0
81 127 0
81 127 0
81 127 0
82 127 0
82 127 0
82 127 0
82 126 0
82 126 0
82 126 0
82 126 0
82 126 0
82 126 0
82 125 0
82 125 0
82 125 0
82 125 0
82 125 0
82 124 0
82 124 0
82 124 0
82 124 0
82 124 0
82 124 0
82 123 0
82 123 0
82 123 0
82 123 0
82 123 0
82 123 0
82 122 0
82 122 0
82 122 0
82 122 0
82 122 0
82 121 0
82 121 0
82 121 0
82 121 0
82 121 0
82 121 0
82 120 0
82 120 0
82 120 0
82 120 0
82 120 0
82 120 0
82 119 0
82 119 0
82 119 0
82 119 0
82 119 0
82 119 0
82 118 0
82 118 0
82 118 0
82 118 0
82 118 0
82 118 0
82 117 0
82 117 0
82 117 0
82 117 0
82 117 0
82 117 0
82 117 0
82 116 0
82 116 0
82 116 0
81 116 0
81 116 0
81 116 0
81 115 0
81 115 0
81 115 0
81 115 0
81 115 0
81 115 0
81 115 0
81 115 0
81 115 0
81 115 0
81 115 0
82 115 0
82 115 0
82 114 0
82 114 0
82 114 0
82 114 0
82 114 0
82 114 0
82 113 0
82 113 0
82 113 0
82 113 0
82 113 0
82 113 0
83 113 0
83 112 0
83 112 0
83 112 0
83 112 0
83 112 0
83 112 0
84 111 0
84 111 0
84 111 0
84 111 0
84 111 0
84 111 0
84 110 0
85 110 0
85 110 0
85 110 1
85 110 0
85 110 0
85 110 0
86 109 0
86 109 0
86 109 0
86 109 0
86 109 0
86 109 0
86 108 0
87 108 0
87 108 0
87 108 0
87 108 0
87 108 0
87 108 0
88 108 0
88 108 0
88 108 0
88 108 0
88 108 0
88 108 0
88 107 0
89 107 0
89 107 0
89 107 0
89 107 0
89 107 0
89 106 0
90 106 0
90 106 0
90 106 0
90 106 0
90 106 0
90 106 0
92 105 0
92 105 0
92 105 0
92 105 0
92 105 0
92 105 0
92 105 0
92 105 0
92 105 0
92 105 0
92 105 0
92 105 0
92 105 0
92 104 0
93 104 0
93 104 0
93 104 0
93 104 0
93 104 0
93 103 0
94 103 0
94 103 0
94 103 0
94 103 0
94 103 0
94 102 0
95 102 0
95 102 0
95 102 0
95 102 0
95 102 0
95 102 0
96 101 0
96 101 0
96 101 0
96 101 0
96 101 0
96 101 0
98 100 0
98 100 0
98 100 0
98 100 0
98 100 0
98 100 0
99 99 0
99 99 0
99 99 0
99 99 0
99 99 0
99 99 0
100 99 0
100 99 0
100 99 0
100 99 0
100 99 0
100 99 0
101 99 0
101 98 0
101 98 0
101 98 0
101 98 0
101 98 0
101 98 0
102 98 0
102 98 0
102 98 0
102 98 0
102 98 0
102 98 0
104 98 0
104 97 0
104 97 0
104 97 0
104 97 0
104 97 0
105 97 0
105 96 0
105 96 0
105 96 0
105 96 0
105 96 0
106 96 0
106 95 0
106 95 0
106 95 0
106 95 0
106 95 0
107 95 0
107 94 0
107 94 0
107 94 0
107 94 0
107 94 0
107 94 0
108 94 0
108 93 0
108 93 0
108 93 0
108 93 0
108 93 0
109 93 0
109 92 0
109 92 0
109 92 0
109 92 0
109 92 0
110 92 0
110 91 0
110 91 0
110 91 0
110 91 0
110 91 0
111 91 0
111 90 0
111 90 0
111 90 0
111 90 0
111 90 0
112 90 0
112 89 0
112 89 0
112 89 0
112 89 0
112 89 0
113 89 0
113 88 0
113 88 0
113 88 0
113 88 0
113 88 0
113 88 0
113 88 0
113 88 0
113 88 0
113 88 0
113 88 0
113 88 0
114 88 0
114 87 0
114 87 0
114 87 0
114 87 0
114 87 0
115 87 0
115 86 0
115 86 0
115 86 0
115 86 0
115 86 0
116 86 0
116 86 0
116 86 0
116 86 0
116 86 0
116 86 0
117 86 0
117 86 0
117 85 0
117 85 0
117 85 0
117 85 0
118 85 0
118 85 0
118 84 0
118 84 0
118 84 0
118 84 0
119 84 0
119 84 0
119 84 0
119 84 0
119 84 0
119 84 0
120 84 0
120 84 0
120 84 0
120 83 0
120 83 0
120 83 0
120 83 0
121 83 0
121 83 0
121 83 0
121 83 0
121 83 0
121 83 0
123 83 0
123 83 0
123 83 0
123 82 0
123 82 0
123 82 0
124 82 0
124 82 0
124 82 0
124 82 0
124 82 0
124 82 0
126 82 0
126 82 0
126 82 0
126 82 0
126 81 0
126 81 0
126 81 0
127 81 0
127 81 0
127 81 0
127 80 0
127 80 0
127 80 0
128 80 0
128 80 0
128 80 0
128 80 0
128 79 0
128 79 0
129 79 0
129 79 0
129 79 0
129 79 0
129 78 0
129 78 0
131 78 0
131 78 0
131 78 0
131 78 0
131 78 0
131 77 0
132 77 0
132 77 0
132 77 0
132 77 0
132 77 0
132 77 0
134 77 0
134 77 0
134 77 0
134 77 0
134 77 0
134 77 0
135 76 0
135 76 0
135 76 0
135 76 0
135 76 0
135 76 0
137 75 0
137 75 0
137 75 0
137 75 0
137 75 0
137 75 0
138 75 0
138 75 0
138 75 0
138 75 0
138 75 0
138 75 0
139 75 0
139 74 0
139 74 0
139 74 0
139 74 0
139 74 0
140 74 0
140 73 0
140 73 0
140 73 0
140 73 0
140 73 0
140 73 0
141 72 0
141 72 0
141 72 0
141 72 0
141 72 0
141 72 0
142 71 0
142 71 0
142 71 0
142 71 0
142 71 0
142 71 0
143 70 0
143 70 0
143 70 0
143 70 0
143 70 0
143 70 0
144 69 0
144 69 0
144 69 0
144 69 0
144 69 0
144 69 0
145 68 0
145 68 0
145 68 0
145 68 0
145 68 0
145 68 0
145 67 0
145 67 0
145 67 0
145 67 0
145 67 0
145 67 0
145 66 0
146 66 0
146 66 0
146 66 0
146 66 0
146 66 0
146 66 0
147 66 0
147 66 0
147 66 0
147 66 0
147 66 0
147 66 0
147 65 0
148 65 0
148 65 0
148 65 0
148 65 0
148 65 0
148 64 0
149 64 0
149 64 0
149 64 0
149 64 0
149 64 0
149 64 0
149 63 0
150 63 0
150 63 0
150 63 0
150 63 0
150 63 0
150 63 0
150 63 0
151 63 0
151 63 2
151 63 0
151 63 0
151 63 0
151 62 0
151 62 0
151 62 0
151 62 0
151 62 0
151 62 0
151 62 0
151 62 0
151 62 0
151 62 0
151 62 0
151 62 0
151 62 0
151 61 0
151 61 0
151 61 0
151 61 0
151 61 0
151 61 1
151 60 0
151 60 0
151 60 0
151 60 0
151 60 0
151 60 0
151 60 0
151 60 0
151 60 0
151 60 0
151 60 0
151 60 0
151 60 0
151 60 0
151 59 0
151 59 0
151 59 0
150 59 0
150 59 0
150 59 0
150 59 0
150 58 0
150 58 0
150 58 0
150 58 0
150 58 0
150 58 0
150 58 0
150 57 0
150 57 0
150 57 0
149 57 0
149 57 0
149 57 0
149 57 0
149 57 0
149 57 0
149 57 0
149 57 0
149 57 0
149 57 0
149 57 0
149 56 0
149 56 0
149 56 0
148 56 0
148 56 0
148 56 0
148 56 0
148 56 0
148 56 0
148 56 0
147 56 0
147 56 0
147 56 0
147 55 0
147 55 0
147 55 0
147 55 0
147 55 0
147 55 0
147 55 0
147 55 0
147 55 0
147 55 0
147 55 0
147 55 0
146 55 0
146 54 0
146 54 0
146 54 0
146 54 0
146 54 0
146 54 0
145 54 0
145 53 0
145 53 0
145 53 0
145 53 0
145 53 0
145 53 0
144 53 0
144 53 0
144 53 0
144 53 0
144 53 0
144 53 0
144 53 0
143 53 0
143 52 0
143 52 0
143 52 0
143 52 0
143 52 0
143 52 0
142 52 0
142 52 0
142 52 0
142 52 0
142 52 0
142 52 0
142 52 0
140 52 0
140 52 0
140 52 0
140 52 0
140 52 0
140 52 0
140 52 0
139 51 0
139 51 0
139 51 0
139 51 0
139 51 0
139 51 0
139 51 0
138 51 0
138 51 0
138 51 0
138 51 0
138 51 0
138 51 0
138 50 0
137 50 0
137 50 0
137 50 0
137 50 0
137 50 0
137 50 0
137 50 0
136 50 0
136 50 0
136 50 0
136 50 0
136 50 0
136 50 0
136 50 0
135 50 0
135 50 0
135 50 0
135 50 0
135 50 0
135 49 0
134 49 0
134 49 0
134 49 0
134 49 0
134 49 0
134 49 0
134 48 0
133 48 0
133 48 0
133 48 0
133 48 0
133 48 0
133 48 0
133 48 0
133 48 0
133 48 0
133 48 0
133 48 0
133 48 0
133 48 0
132 48 0
132 48 0
132 48 0
132 48 0
132 48 0
132 48 0
132 48 0
132 48 0
132 48 0
132 48 0
132 48 0
132 48 0
132 48 0
131 48 0
131 47 0
131 47 0
131 47 0
131 47 0
131 47 0
130 47 0
130 47 0
130 47 0
130 47 0
130 47 0
130 47 0
130 47 0
129 47 0
129 47 0
129 47 0
129 47 0
129 47 0
129 47 0
129 47 0
128 47 0
128 47 0
128 47 0
128 47 0
128 47 0
128 47 0
128 47 0
128 47 0
128 47 0
128 47 0
128 47 0
128 47 0
128 47 0
127 47 0
127 47 0
127 47 0
127 47 0
127 47 0
127 47 0
126 47 0
126 47 0
126 47 0
126 47 0
126 47 0
126 47 0
126 47 0
125 47 0
125 47 0
125 47 0
125 47 0
125 47 0
125 47 0
125 47 0
124 47 0
124 47 0
124 47 0
124 47 0
124 47 0
124 47 0
123 47 0
123 47 0
123 47 0
123 47 0
123 47 0
123 46 0
123 46 0
122 46 0
122 46 0
122 46 0
122 46 0
122 46 0
122 46 0
122 46 0
121 46 0
121 46 0
121 46 0
121 46 0
121 46 0
121 45 0
121 45 0
120 45 0
120 45 0
120 45 0
120 45 0
120 45 0
120 45 0
120 44 0
119 44 0
119 44 0
119 44 0
119 44 0
119 44 0
119 44 0
119 44 0
118 44 0
118 44 0
118 44 0
118 44 0
118 44 0
118 44 0
117 43 0
117 43 0
117 43 0
117 43 0
117 43 0
117 43 0
117 43 0
116 42 0
116 42 0
116 42 0
116 42 0
116 42 0
116 42 0
116 42 0
115 42 0
115 42 0
115 42 0
115 42 0
115 42 0
115 42 0
115 42 0
113 42 0
113 42 0
113 42 0
113 42 0
113 42 0
113 42 0
113 42 0
113 42 0
113 42 0
113 42 0
113 42 0
113 42 0
113 42 0
112 42 0
112 42 0
112 42 0
112 42 0
112 42 0
112 42 0
112 42 0
112 42 0
112 42 0
112 42 0
112 42 0
112 42 0
112 42 0
111 42 0
111 42 0
111 42 0
111 42 0
111 42 0
111 42 0
110 42 0
110 42 0
110 42 0
110 42 0
110 42 0
110 42 0
110 42 0
109 42 0
109 42 0
109 42 0
109 42 0
109 42 0
109 42 0
109 42 0
108 42 0
108 42 0
108 42 0
108 42 0
108 42 0
108 42 0
107 42 0
107 42 0
107 42 0
107 42 0
107 42 0
107 41 0
107 41 0
106 41 0
106 41 0
106 41 0
106 41 0
106 41 0
106 41 0
106 41 0
105 41 0
105 41 0
105 41 0
105 41 0
105 41 0
105 41 0
105 41 0
105 41 0
105 41 0
105 41 0
105 41 0
105 41 0
105 41 0
104 41 0
104 41 0
104 41 0
104 41 0
104 41 0
104 41 0
104 41 0
104 41 0
104 41 0
104 41 0
104 41 0
104 41 0
104 42 0
103 42 0
103 42 0
103 42 0
103 42 0
103 42 0
103 42 0
102 42 0
102 42 0
102 42 0
102 42 0
102 42 0
102 42 0
102 42 0
101 42 0
101 42 0
101 42 0
101 42 0
101 42 0
101 42 0
101 42 0
100 42 0
100 42 0
100 42 0
100 42 0
100 42 0
100 42 0
100 42 0
99 42 0
99 42 0
99 42 0
99 42 0
99 42 0
99 42 0
99 42 0
99 42 0
99 43 0
99 43 0
99 43 0
99 43 0
99 43 1
98 43 0
98 43 0
98 43 0
98 43 0
98 43 0
98 43 0
97 43 0
97 43 0
97 43 0
97 43 0
97 43 0
97 43 0
97 43 0
96 43 0
96 43 0
96 43 0
96 43 0
96 43 0
96 43 0
96 43 0
96 43 0
96 43 2
96 43 0
96 43 0
96 44 0
96 44 0
96 44 0
95 44 0
95 44 0
95 44 0
95 44 0
95 44 0
95 44 0
94 44 0
94 44 0
94 44 0
94 44 0
94 44 0
94 44 0
94 44 0
94 44 0
94 44 0
94 44 0
94 44 0
94 44 0
94 45 0
94 45 0
94 45 0
93 45 0
93 45 0
93 45 0
93 45 0
93 45 0
93 45 0
93 45 0
93 45 0
93 45 0
93 45 0
93 46 0
93 46 0
93 46 0
93 46 0
92 46 0
92 46 0
92 46 0
92 46 0
92 46 0
92 46 0
92 46 0
92 46 0
92 46 0
92 47 0
92 47 0
92 47 0
92 47 0
91 47 0
91 47 0
91 48 0
91 48 0
91 48 0
91 48 0
91 48 0
91 48 0
91 48 0
91 49 0
91 49 0
91 49 0
91 49 0
91 49 0
91 49 0
91 50 0
91 50 0
91 50 0
91 50 0
91 50 0
91 50 0
91 50 0
91 51 0
91 51 0
91 51 0
91 51 0
91 51 0
91 51 0
91 51 0
91 53 0
91 53 0
91 53 0
91 53 0
91 53 0
91 53 0
91 55 0
91 55 0
91 55 0
91 55 0
91 55 0
91 55 0
91 55 0
90 56 0
90 56 0
90 56 0
90 56 0
90 56 0
90 56 0
90 56 0
90 58 0
90 58 0
90 58 0
90 58 0
90 58 0
90 58 0
90 59 0
90 59 0
90 59 0
90 59 0
90 59 0
90 59 0
90 59 0
90 61 0
89 61 0
89 61 0
89 61 0
89 61 0
89 61 0
89 62 0
89 62 0
89 62 0
89 62 0
89 62 0
89 62 0
89 62 0
89 63 0
89 63 0
89 63 0
89 63 0
89 63 0
89 63 0
89 64 0
89 64 0
88 64 0
88 64 0
88 64 0
88 64 0
88 65 0
88 65 0
88 65 0
88 65 0
88 65 0
88 65 0
88 67 0
88 67 0
88 67 0
88 67 0
88 67 0
88 67 0
88 68 0
88 68 0
88 68 0
88 68 0
88 68 0
88 68 0
88 69 0
88 69 0
88 69 0
88 69 0
88 69 0
88 69 0
88 70 0
88 70 0
88 70 0
88 70 0
88 70 0
88 70 0
88 72 0
88 72 0
88 72 0
88 72 0
88 72 0
88 72 0
88 73 0
88 73 0
88 73 0
87 73 0
87 73 0
87 73 0
87 74 0
87 74 0
87 74 0
87 74 0
87 74 0
87 74 0
87 76 0
87 76 0
87 76 0
87 76 0
87 76 0
87 76 0
87 77 0
87 77 0
87 77 0
87 77 0
87 77 0
87 77 0
87 78 0
87 78 0
87 78 0
87 78 0
87 78 0
87 78 0
87 80 0
87 80 0
87 80 0
87 80 0
87 80 0
87 80 0
87 81 0
87 81 0
87 81 0
87 81 0
87 81 0
87 81 0
87 82 0
87 82 0
87 82 0
87 82 0
87 82 0
87 82 0
87 83 0
87 83 0
87 83 0
87 83 0
87 83 0
87 83 0
87 84 0
87 84 0
87 84 0
87 84 0
87 84 0
87 84 0
87 85 0
87 85 0
87 85 0
87 85 0
87 85 0
87 85 0
87 87 0
87 87 0
87 87 0
87 87 0
87 87 0
87 87 0
87 88 0
87 88 0
87 88 0
87 88 0
87 88 0
87 88 0
87 89 0
87 89 0
87 89 2
88 89 0
88 89 0
88 89 0
88 91 0
88 91 0
88 91 0
88 91 0
88 91 0
88 91 0
88 92 0
88 92 0
88 92 0
88 92 0
89 92 0
89 92 0
89 95 0
89 95 0
89 95 0
89 95 0
89 95 0
91 95 0
91 97 0
91 97 0
91 97 0
91 97 0
91 97 0
92 97 0
92 100 0
92 100 0
92 100 0
92 100 0
92 100 0
92 100 0
92 101 0
93 101 0
93 101 0
93 101 0
93 101 0
93 101 0
93 103 0
93 103 0
93 103 0
93 103 0
93 103 0
93 103 0
93 105 0
93 105 0
95 105 0
95 105 0
95 105 0
95 105 0
95 107 0
95 107 0
95 107 0
95 107 0
95 107 0
95 107 0
95 109 0
95 109 0
95 109 0
96 109 0
96 109 0
96 109 0
96 111 0
96 111 0
96 111 0
97 111 0
97 111 0
97 111 0
97 114 0
97 114 0
97 114 0
97 114 0
98 114 0
98 117 0
98 117 0
98 117 0
98 117 0
98 117 0
98 120 0
99 120 0
99 120 1
99 120 0
99 120 0
99 120 0
99 123 0
99 123 0
100 123 0
100 123 0
100 123 0
100 126 0
100 126 0
100 126 0
101 126 0
101 126 0
101 126 0
101 129 0
101 129 0
101 129 0
101 129 0
102 129 0
102 132 0
102 132 0
102 132 0
102 132 0
102 132 0
102 135 0
102 135 0
102 135 0
102 135 0
102 135 0
102 135 0
102 137 0
103 137 0
103 137 0
103 137 0
103 137 0
103 140 0
103 140 0
103 140 0
104 140 0
104 140 0
104 142 0
104 142 0
104 142 0
104 142 0
104 142 0
105 143 0
105 143 0
105 143 0
105 143 0
105 143 0
105 143 0
106 145 0
106 145 0
106 145 0
106 145 0
106 145 0
106 145 0
106 145 0
107 145 0
107 149 0
107 149 0
107 149 0
107 149 0
107 149 0
107 149 0
108 149 0
108 151 0
108 151 0
108 151 0
108 151 0
108 151 0
108 151 0
108 152 0
108 152 0
108 152 0
108 152 0
108 152 0
108 152 0
109 154 0
109 154 0
109 154 0
109 154 0
109 154 0
109 154 0
110 155 0
110 155 0
110 155 0
110 155 0
110 155 0
110 155 0
110 157 0
110 157 0
110 157 0
110 157 0
110 157 0
110 157 0
110 159 0
110 159 0
111 159 0
111 159 0
111 159 0
111 159 0
111 161 0
111 161 0
111 161 0
112 161 0
112 161 0
112 163 0
112 163 0
112 163 0
112 163 0
113 163 0
113 163 0
113 165 0
113 165 0
113 165 0
113 165 0
113 165 0
113 166 0
113 166 0
113 166 0
113 166 0
113 166 0
113 166 0
114 169 0
114 169 0
114 169 0
114 169 0
114 169 0
114 169 0
115 171 0
115 171 0
115 171 0
115 171 0
115 171 0
115 171 0
116 172 0
116 172 0
116 172 0
116 172 0
116 172 0
116 173 0
117 173 0
117 173 0
117 173 0
117 173 0
117 173 0
117 174 0
117 174 0
117 174 0
117 174 0
117 174 0
117 174 0
117 175 0
117 175 0
118 175 0
118 175 0
118 175 1
118 175 0
118 176 0
118 176 0
119 176 0
119 176 0
119 176 0
119 176 0
119 177 0
119 177 0
120 177 0
120 177 0
120 177 0
120 177 0
120 178 0
120 178 0
122 178 0
122 178 0
122 178 0
122 178 0
122 179 0
122 179 0
123 179 0
123 179 0
123 179 0
123 179 0
123 180 0
123 180 0
124 180 0
124 180 0
124 180 0
124 180 0
124 181 0
124 181 0
125 181 0
125 181 0
125 181 0
125 181 0
125 182 0
125 182 0
126 182 0
126 182 0
126 182 0
126 182 0
126 182 0
126 183 0
127 183 0
127 183 0
127 183 0
127 183 0
127 183 0
127 184 0
128 184 0
128 184 0
128 184 0
128 184 0
128 184 0
128 184 0
129 185 0
129 185 0
129 185 0
129 185 0
129 185 0
129 185 0
130 186 0
130 186 0
130 186 0
130 186 0
130 186 0
130 186 0
131 187 0
131 187 0
131 187 0
131 187 0
131 187 0
131 187 0
132 187 0
132 188 0
132 188 0
132 188 0
132 188 0
132 188 0
134 188 0
134 189 0
134 189 0
134 189 0
134 189 0
134 189 0
134 189 0
134 189 0
134 190 0
134 190 0
135 190 0
135 190 0
135 190 0
135 190 0
135 190 0
135 191 0
135 191 0
135 191 0
135 191 0
135 191 0
135 191 0
136 192 0
136 192 0
136 192 0
136 192 0
136 192 0
136 192 0
137 192 1
137 190 0
137 190 0
137 190 0
137 190 0
138 190 0
138 190 0
138 189 0
138 189 0
138 189 0
139 189 0
139 189 0
139 189 0
139 187 0
139 187 0
139 187 0
140 187 0
140 187 0
140 187 0
140 186 0
140 186 0
141 186 0
141 186 0
141 186 0
141 186 0
141 184 0
141 184 0
142 184 0
142 184 0
142 184 0
142 184 0
142 182 0
142 182 0
143 182 0
143 182 0
143 182 0
143 182 0
143 180 0
143 180 0
144 180 0
144 180 0
144 180 0
144 180 0
144 178 0
144 178 0
145 178 0
145 178 0
145 178 0
145 178 0
145 176 0
145 176 0
145 176 0
145 176 0
145 176 0
145 176 0
145 174 0
145 174 0
145 174 0
145 174 0
145 174 0
145 174 0
145 172 0
145 172 0
145 172 0
145 172 0
145 172 0
145 172 0
145 170 0
145 170 0
145 170 0
145 170 0
145 170 0
145 170 0
145 168 0
145 168 0
145 168 0
145 168 0
145 168 0
145 166 0
145 166 0
144 166 0
144 166 0
144 166 0
144 166 0
144 163 0
144 163 0
144 163 0
144 163 0
143 163 0
143 163 0
143 162 0
143 162 0
143 162 0
143 162 0
143 162 0
143 160 0
143 160 0
143 160 0
143 160 0
143 160 0
143 160 0
143 158 0
143 158 0
142 158 0
142 158 0
142 158 0
142 156 0
142 156 0
142 156 0
141 156 0
141 156 0
141 155 0
141 155 0
141 155 0
141 155 0
141 155 0
140 155 0
140 154 0
140 154 0
140 154 0
140 154 0
140 154 0
140 154 0
139 151 0
139 151 0
139 151 0
139 151 0
139 151 0
139 150 0
138 150 0
138 150 0
138 150 0
138 150 0
138 150 0
138 147 0
138 147 0
137 147 0
137 147 0
137 147 0
137 146 0
137 146 0
137 146 0
136 146 0
136 146 0
136 144 0
136 144 0
136 144 0
136 144 0
136 144 0
135 142 0
135 142 0
135 142 0
135 142 0
135 142 0
135 139 0
135 139 0
135 139 0
135 139 0
135 139 0
135 139 0
135 137 0
135 137 0
134 137 0
134 137 0
134 137 0
134 136 0
134 136 0
134 136 0
134 136 0
133 136 0
133 134 0
133 134 0
133 134 0
133 134 0
133 134 0
132 134 0
132 132 0
132 132 0
132 132 0
132 132 0
132 132 0
132 130 0
131 130 0
131 130 0
131 130 0
131 130 1
131 129 0
131 129 0
130 129 0
130 129 0
130 129 0
130 127 0
130 127 0
130 127 0
130 127 0
129 127 0
129 127 0
129 126 0
129 126 0
129 126 0
129 126 0
129 126 0
128 124 0
128 124 0
128 124 0
128 124 0
128 124 0
128 124 0
128 123 0
128 123 0
128 123 0
128 123 0
128 123 0
128 122 0
128 122 0
127 122 0
127 122 0
127 122 0
127 120 0
127 120 0
127 120 0
127 120 0
127 120 0
127 120 0
127 119 0
127 119 0
127 119 0
127 119 0
126 119 0
126 118 0
126 118 0
126 118 0
126 118 0
126 118 0
125 118 0
125 117 0
125 117 0
125 117 0
125 117 0
125 117 0
125 115 0
125 115 0
125 115 0
125 115 0
125 115 0
125 114 0
125 114 0
125 114 0
124 114 0
124 114 0
124 114 0
124 113 0
124 113 0
124 113 0
124 113 0
123 112 0
123 112 0
123 112 0
123 112 0
123 112 0
123 111 0
123 111 0
123 111 0
123 111 0
123 111 0
123 111 0
123 109 0
123 109 0
123 109 0
123 109 0
122 108 0
122 108 0
122 108 0
122 108 0
122 108 0
122 108 0
122 107 0
122 107 0
121 107 0
121 107 0
121 107 0
121 105 0
121 105 0
121 105 0
121 105 0
121 104 0
121 104 0
120 104 0
120 104 0
120 104 0
120 103 0
120 103 0
120 103 0
120 103 0
120 103 0
120 101 0
120 101 0
120 101 0
120 101 0
120 101 0
120 100 0
120 100 0
120 100 0
120 100 0
120 100 0
120 99 0
120 99 0
120 99 0
120 99 0
120 99 0
120 97 0
120 97 0
120 97 0
120 97 0
120 96 0
120 96 0
120 96 0
120 96 0
120 96 0
120 93 0
120 93 0
120 93 0
120 93 0
120 93 0
120 92 0
120 92 0
120 92 0
120 92 0
120 88 0
120 88 0
120 88 0
120 88 0
120 86 0
119 86 0
119 86 0
119 86 0
119 84 0
119 84 0
119 84 0
119 84 0
119 84 0
119 81 0
119 81 0
119 81 0
119 81 0
119 79 0
119 79 0
118 79 0
118 77 0
118 77 0
118 77 0
118 77 0
118 76 0
118 76 0
118 76 0
118 76 0
118 74 0
118 74 0
118 74 0
118 73 0
117 73 0
117 73 0
117 73 0
117 73 0
117 72 0
117 72 0
117 72 0
117 72 0
117 71 0
117 71 0
117 71 0
117 71 0
117 71 0
116 70 0
116 70 0
116 70 0
116 70 0
116 70 0
116 69 0
116 69 0
116 69 0
116 69 0
116 69 0
116 68 0
116 68 0
116 68 0
115 68 0
115 68 0
115 67 0
115 67 0
115 67 0
115 67 0
115 66 0
115 66 0
115 66 0
115 66 0
115 66 0
115 66 0
115 66 0
115 66 0
114 66 0
114 66 0
114 65 0
114 65 0
114 65 0
114 65 0
114 65 0
113 64 0
113 64 0
113 64 0
113 64 0
113 64 0
113 63 0
112 63 0
112 63 0
112 63 0
112 63 0
112 63 0
112 63 0
112 63 0
112 63 0
111 63 0
111 62 0
111 62 0
111 62 0
111 62 0
111 62 0
111 61 0
110 61 0
110 61 0
110 61 1
110 61 0
110 61 0
110 61 0
110 61 0
109 61 0
109 61 0
109 60 0
109 60 0
109 60 0
109 60 0
109 60 0
108 60 0
108 60 0
108 60 0
108 60 0
108 60 0
108 60 0
108 59 0
106 59 0
106 59 0
106 59 0
106 59 0
106 59 0
106 59 0
106 59 0
106 59 0
105 59 0
105 59 0
105 58 0
105 58 0
105 58 0
105 58 0
105 58 0
104 57 0
104 57 0
104 57 0
104 57 0
104 57 0
104 56 0
104 56 0
103 56 0
103 56 0
103 56 0
103 55 0
103 55 0
103 55 0
102 55 0
102 54 0
102 54 0
102 54 0
102 54 0
102 54 0
102 53 0
101 53 0
101 53 0
101 53 0
101 52 0
101 52 0
101 52 0
101 52 0
100 52 0
100 52 0
100 52 0
100 52 0
100 52 0
100 51 0
100 51 0
99 51 0
99 51 0
99 51 0
99 50 0
99 50 0
99 50 0
98 50 0
98 50 0
98 49 0
98 49 0
98 49 0
98 49 0
98 48 0
97 48 0
97 48 0
97 48 0
97 48 0
97 48 0
97 48 0
97 48 0
96 48 0
96 48 0
96 47 0
96 47 0
96 47 0
96 47 0
96 47 0
95 47 0
95 47 0
95 47 0
95 47 0
95 47 0
95 47 0
95 46 0
94 46 0
94 46 0
94 46 0
94 46 0
94 46 0
94 45 0
94 45 0
92 45 0
92 45 0
92 45 0
92 44 0
92 44 0
92 44 0
92 44 0
92 44 0
91 44 0
91 44 0
91 44 0
91 44 0
91 44 0
91 44 0
91 43 0
90 43 0
90 43 0
90 43 0
90 43 0
90 43 0
90 42 0
90 42 0
90 42 0
89 42 0
89 42 0
89 42 0
89 42 0
89 42 0
89 42 0
89 42 0
89 42 0
88 41 0
88 41 0
88 41 0
88 41 0
88 41 0
88 41 0
88 41 0
87 41 0
87 41 0
87 41 0
87 41 0
87 41 0
87 41 0
87 41 0
86 41 0
86 41 0
86 41 0
86 41 0
86 41 0
86 41 0
86 41 0
86 41 0
86 41 0
86 41 0
86 41 0
86 41 0
86 41 0
86 41 0
85 41 0
85 41 0
85 41 0
85 41 0
85 41 0
85 41 0
84 41 0
84 41 0
84 41 0
84 41 0
84 41 0
84 41 0
84 41 0
83 42 0
83 42 0
83 42 0
83 42 0
83 42 0
83 42 0
83 43 0
82 43 0
82 43 0
82 44 0
82 44 0
82 44 0
82 44 0
81 44 0
81 44 0
81 43 0
81 43 0
81 42 0
81 42 0
81 42 0
81 41 0
81 41 0
81 41 0
81 41 0
81 41 0
81 41 0
81 41 0
80 40 0
80 40 0
80 40 0
80 40 0
80 40 0
80 40 0
79 40 0
79 39 0
79 39 0
79 39 0
79 39 0
79 39 0
79 39 0
78 39 0
78 39 0
78 38 0
78 38 0
78 38 0
78 37 0
78 37 0
78 37 0
78 37 0
78 37 0
78 37 0
78 37 0
78 37 0
78 37 0
77 37 0
77 37 0
77 37 0
77 37 0
77 37 0
77 37 0
76 37 0
76 37 0
76 37 0
76 37 2
76 37 0
73 37 0
73 37 0
73 37 0
72 37 0
72 36 0
72 36 0
72 36 0
71 36 0
71 36 0
71 36 0
71 36 0
70 36 0
70 36 0
70 36 0
70 36 0
70 36 0
70 36 0
69 36 0
69 36 0
69 36 0
69 36 0
69 36 0
69 36 0
69 36 0
68 36 0
68 36 0
68 36 0
68 36 0
68 36 0
68 36 0
67 36 0
67 36 0
67 36 0
67 36 0
67 36 0
66 36 0
66 35 0
66 35 0
66 35 0
66 35 0
66 35 0
66 35 0
66 35 0
66 35 0
66 35 0
65 35 0
65 35 0
65 35 0
65 35 0
64 35 0
64 35 0
64 35 0
64 35 0
64 35 0
63 35 0
63 35 0
63 35 0
63 35 0
63 35 0
63 35 0
63 35 0
63 35 0
63 35 0
63 35 0
63 35 0
63 35 0
63 35 0
63 35 0
63 35 0
63 35 1
63 35 0
63 36 0
63 36 0
63 36 0
63 36 0
63 36 0
63 36 0
63 36 0
63 36 0
63 36 0
63 36 0
63 36 0
63 36 0
63 36 0
63 37 0
63 37 0
63 37 0
63 37 0
63 37 0
63 37 0
63 37 0
63 38 0
63 38 0
63 39 0
63 39 0
63 39 0
63 39 0
63 39 0
63 39 0
63 39 0
63 39 0
63 39 0
63 39 0
63 39 0
63 39 0
63 39 0
63 39 0
63 39 0
63 39 0
63 39 0
63 39 0
63 39 0
63 39 0
63 39 0
63 39 0
63 39 0
63 40 0
64 40 0
64 40 0
64 40 0
65 40 0
65 40 0
65 40 0
65 40 0
65 40 0
65 40 0
66 40 0
66 40 0
67 40 0
68 40 0
68 40 0
68 40 0
69 40 0
69 40 0
69 40 0
70 40 0
70 40 0
70 40 0
71 40 0
71 40 0
72 40 0
72 40 0
73 40 0
73 40 0
73 40 0
73 40 0
74 40 0
74 40 2
74 40 0
74 40 0
74 40 0
74 40 0
74 40 0
74 40 0
74 40 0
74 40 0
74 40 0
74 40 0
74 40 0
74 40 0
74 40 0
74 40 0
74 40 0
74 40 0
74 40 0
74 40 0
74 40 0
74 40 0
74 40 0
74 40 0
74 40 0
74 40 0
74 40 0
74 40 0
74 40 0
74 40 0
74 40 0
74 40 0
74 40 0
74 40 0
74 40 0
74 40 0
74 40 0
74 40 0
74 39 0
74 39 0
74 39 0
74 39 0
74 39 0
74 39 0
73 39 0
73 39 0
73 39 0
73 39 0
73 39 0
73 39 0
73 39 0
73 39 0
73 39 0
73 39 0
73 39 0
73 39 0
73 39 0
73 39 0
73 39 0
73 39 0
73 39 0
73 39 0
73 39 0
73 39 0
73 39 0
73 39 0
73 39 0
73 39 0
73 39 0
73 39 0
73 39 0
73 39 0
73 39 0
73 39 0
73 39 0
73 39 0
73 39 0
73 39 0
73 39 0
73 39 0
73 39 0
73 39 0
73 39 0
73 39 0
73 39 0
73 39 0
73 39 0
73 39 0
73 39 0
73 39 0
73 39 0
73 39 0
73 39 0
73 39 0
73 39 0
73 39 0
73 39 0
73 39 0
73 39 0
73 39 0
73 39 0
73 39 0
73 39 0
73 39 0
73 39 0
73 40 0
73 40 0
73 40 0
73 40 0
73 40 0
73 40 0
73 40 0
73 40 0
73 40 0
73 40 0
73 40 0
73 40 0
73 40 0
73 40 0
73 40 0
73 40 0
73 40 0
73 40 0
73 40 0
73 40 0
73 40 0
73 40 0
73 40 0
73 40 0
73 40 0
73 40 0
73 40 0
73 40 0
73 40 0
73 40 0
73 40 0
74 40 0
74 40 0
74 40 0
74 40 0
74 40 0
74 40 0
74 40 0
74 40 0
74 40 0
74 40 0
74 40 0
74 40 0
74 40 0
74 40 0
74 40 0
74 40 0
75 40 0
75 40 0
75 40 0
75 40 0
75 40 0
75 40 0
75 40 0
75 40 0
75 40 0
75 40 0
75 40 0
75 40 0
75 40 0
75 40 0
75 40 0
75 40 0
75 40 0
75 40 0
75 40 0
75 40 0
75 40 0
75 40 0
75 40 0
75 40 0
75 40 0
75 40 0
75 40 0
75 40 0
75 40 0
75 40 0
75 40 0
75 40 0
75 40 0
75 40 0
75 40 0
76 40 0
76 40 0
76 40 0
76 40 0
76 40 0
76 40 0
76 40 0
76 40 0
76 40 0
76 40 0
76 40 0
76 40 0
76 40 0
76 40 0
76 40 0
76 40 0
76 40 0
76 40 0
76 40 0
76 40 0
76 40 0
76 40 0
76 40 0
76 40 0
76 40 0
76 40 0
76 40 0
76 40 0
76 40 0
76 40 0
76 40 0
76 40 0
76 40 0
76 40 0
76 40 0
76 40 0
76 40 0
76 40 0
76 40 0
76 40 0
76 40 0
76 40 0
76 40 0
76 40 0
76 40 0
76 40 0
76 40 0
76 40 0
76 40 0
76 41 0
76 41 0
76 41 0
76 41 0
76 41 0
76 41 0
76 41 0
76 41 0
76 41 0
76 41 0
76 41 0
76 41 0
76 41 0
76 41 0
76 41 0
76 41 0
76 41 0
76 41 0
76 41 0
76 41 0
76 41 0
76 41 0
76 41 0
76 41 0
76 41 0
76 41 0
76 41 0
76 42 0
76 42 0
76 42 0
76 42 0
76 42 0
76 42 0
76 42 0
76 42 0
76 42 0
76 42 0
76 42 0
76 42 0
76 42 0
76 42 0
76 42 0
76 42 0
76 42 0
76 42 0
76 42 0
76 42 0
76 42 0
76 42 0
76 42 0
76 42 0
76 42 0
76 42 0
76 42 0
76 42 0
76 42 0
76 42 0
76 42 0
76 42 0
76 42 0
76 42 0
76 42 0
76 42 0
76 42 0
76 42 0
76 42 0
75 42 1
75 42 0
75 42 0
75 42 0
75 43 0
75 43 0
75 43 0
75 43 0
74 43 0
74 43 0
74 43 0
74 43 0
74 43 0
74 43 0
74 43 0
74 43 0
74 43 0
74 43 0
74 43 0
74 43 0
74 43 0
74 43 0
73 43 0
73 43 0
73 43 0
73 43 0
73 43 0
73 43 0
73 43 0
73 43 0
73 43 0
73 43 0
73 43 0
73 43 0
73 43 0
72 43 0
72 43 0
72 43 0
72 43 0
72 43 0
72 43 0
72 43 0
72 43 0
72 43 0
72 43 0
72 43 0
72 43 0
72 43 0
71 43 0
71 43 0
71 43 0
71 43 0
71 43 0
71 43 0
70 43 0
70 43 0
70 43 0
70 43 0
70 43 0
70 43 0
69 43 0
69 44 0
69 44 0
69 44 0
69 44 0
69 44 0
69 44 0
69 44 0
69 44 0
69 45 0
69 45 0
69 45 0
69 45 0
68 45 0
68 45 0
68 45 0
68 45 0
68 45 0
68 45 0
68 45 0
67 45 0
67 45 0
67 45 0
67 45 0
67 45 0
67 45 0
67 45 0
67 46 0
67 46 0
66 46 0
66 46 0
66 46 0
66 46 0
66 46 0
66 46 0
66 46 0
65 46 0
65 46 0
65 46 0
65 46 0
65 46 0
65 46 0
63 46 0
63 46 0
63 46 0
63 46 0
63 46 0
63 46 0
63 46 0
63 47 0
62 47 0
62 47 0
62 47 0
62 47 0
62 47 0
62 47 0
62 47 0
61 47 0
61 47 0
61 47 0
61 47 0
61 47 0
61 47 0
61 47 0
61 47 0
61 47 0
61 47 0
61 47 0
61 47 0
61 47 0
61 47 0
61 47 0
61 47 0
61 47 0
61 47 0
61 47 0
61 48 0
61 48 0
61 48 0
61 48 0
61 48 0
61 48 0
61 48 0
61 48 0
61 48 0
61 48 0
61 48 0
61 48 0
61 48 0
61 48 0
61 48 0
61 48 0
61 48 0
61 48 0
61 48 0
61 48 0
61 48 0
61 48 0
61 48 0
61 48 0
61 48 0
61 48 0
61 48 0
61 48 0
61 48 0
61 48 0
61 48 0
61 48 0
61 48 0
61 48 0
61 48 0
61 48 0
61 48 0
61 48 0
61 48 0
61 48 0
61 48 0
61 48 0
61 48 0
61 48 0
61 48 0
61 48 0
61 48 0
61 48 0
61 48 0
61 48 0
61 48 0
61 48 0
61 48 0
61 48 0
61 48 0
61 48 0
61 48 0
61 48 0
61 48 0
61 48 0
61 48 0
61 48 0
61 48 0
61 48 0
61 48 0
61 48 0
61 47 0
61 47 0
61 47 0
61 47 0
61 47 0
61 47 0
61 47 0
61 47 0
61 47 0
61 47 0
61 47 0
62 47 0
62 47 0
62 47 0
62 47 0
62 46 0
62 46 0
62 46 0
62 46 0
62 46 0
62 46 0
62 46 0
62 46 0
62 46 0
62 46 0
62 46 0
62 46 0
62 46 0
62 46 0
62 46 0
62 45 0
62 45 0
62 45 0
62 45 0
63 45 0
63 45 0
63 45 0
63 45 0
63 45 0
63 45 0
63 45 0
63 45 0
63 45 0
63 45 0
64 45 0
64 45 0
64 45 0
64 45 0
64 45 0
64 45 0
64 45 0
64 45 0
64 45 0
64 45 0
64 45 0
64 44 0
64 44 0
64 44 0
64 44 0
64 44 0
64 44 0
64 44 0
64 44 0
63 44 0
63 44 0
63 44 0
62 44 0
62 44 0
61 44 0
61 44 0
61 44 0
61 44 0
61 44 0
61 44 0
61 44 0
61 43 0
61 43 0
61 43 0
61 43 0
62 43 0
62 43 0
62 43 0
62 43 0
63 43 0
64 43 0
65 43 0
66 43 0
68 43 0
69 43 0
70 43 0
70 43 0
70 43 0
71 43 0
71 43 0
71 43 0
71 43 0
71 43 0
71 43 0
71 44 0
71 44 0
71 44 0
71 44 0
71 44 0
71 44 0
71 44 0
71 44 0
71 44 0
71 44 0
72 44 0
74 44 0
75 44 0
75 44 0
76 44 0
76 44 0
76 44 0
77 44 0
77 44 0
77 44 0
78 44 0
78 45 0
78 45 0
78 45 0
78 45 0
78 45 0
78 45 0
78 45 0
78 45 0
77 45 0
77 45 0
77 45 0
77 45 0
77 45 0
77 45 0
76 45 0
76 45 0
76 45 0
76 45 0
76 45 0
76 45 0
76 45 0
75 46 0
75 46 0
75 46 0
75 46 0
74 46 0
74 46 0
74 46 0
74 46 0
74 46 0
74 46 0
74 46 0
74 46 0
74 46 0
74 46 0
74 46 0
74 46 0
74 46 0
