1
0
0
0x38
0x38
0x4700 0x410b5a00
0x6e070000
0x5e4a6a00
174 45 0
174 44 0
175 44 0
175 43 0
175 43 0
176 43 0
176 42 0
176 42 0
176 41 0
176 41 0
177 40 0
177 40 0
177 40 0
177 39 0
177 39 0
177 39 0
177 39 0
177 39 0
177 39 0
177 39 0
177 39 0
177 39 0
176 39 0
176 38 0
176 38 0
175 38 0
175 38 0
174 38 0
174 38 0
174 38 0
174 38 0
173 38 0
173 38 0
173 38 0
172 38 0
172 38 0
171 38 0
170 38 0
170 38 0
170 38 0
169 38 0
169 38 0
169 38 0
168 38 0
168 38 0
168 38 0
168 38 0
168 38 0
168 38 0
168 38 0
167 38 0
167 38 0
167 38 0
167 38 0
167 38 0
167 38 0
166 38 0
166 38 0
166 38 0
165 38 0
165 38 0
164 38 0
164 38 0
164 38 0
164 38 0
164 38 0
164 38 0
163 38 0
163 38 0
163 38 0
162 38 0
162 38 0
162 38 0
161 38 0
161 38 0
160 38 0
160 38 0
159 38 0
158 38 0
158 38 0
157 38 0
156 38 0
156 39 0
155 39 0
155 39 0
155 39 0
155 39 0
154 39 0
153 39 0
153 39 0
153 40 0
152 40 0
152 40 0
152 40 0
151 40 0
151 40 0
150 40 0
150 40 0
150 40 0
150 40 0
149 40 0
149 40 0
148 40 0
148 40 0
147 41 0
147 41 0
146 41 0
146 41 0
145 41 0
145 41 0
144 41 0
144 41 0
143 41 0
143 41 0
143 41 0
142 41 0
142 41 0
141 41 0
141 41 0
141 41 0
140 41 0
140 41 0
140 41 0
140 41 0
140 41 0
139 41 0
139 41 0
139 41 0
138 41 0
137 41 0
137 41 0
137 41 0
136 41 0
136 41 0
136 41 0
135 41 0
135 41 0
135 41 0
134 41 0
134 41 0
133 41 0
133 41 0
133 41 0
133 41 0
133 41 0
133 41 0
132 41 0
132 41 0
132 41 0
132 41 0
131 41 0
131 41 0
130 41 0
130 41 0
130 41 0
129 41 0
128 41 0
128 41 0
128 41 0
127 41 0
127 41 0
126 41 0
126 41 0
124 42 0
124 42 0
124 42 0
124 42 0
123 42 0
123 42 0
122 43 0
122 43 0
122 43 0
121 44 0
121 44 0
120 45 0
120 45 0
120 45 0
119 46 0
119 46 0
118 47 0
118 47 0
118 48 0
117 48 0
117 49 0
116 49 0
116 49 0
116 50 0
115 50 0
115 50 0
114 51 0
114 51 0
114 51 0
113 52 0
112 53 0
112 53 0
112 54 0
111 54 0
111 54 0
110 56 0
110 56 0
109 56 0
108 56 0
108 57 0
108 57 0
107 58 0
107 58 0
106 58 0
105 59 0
105 60 0
105 60 0
104 61 0
104 61 0
104 61 0
104 62 0
104 62 0
103 64 0
103 64 0
102 64 0
102 65 0
102 67 0
102 67 0
102 67 0
102 68 0
102 69 0
101 70 0
101 70 0
101 71 0
101 71 0
101 72 0
101 72 0
100 73 0
100 73 0
100 73 0
100 73 0
100 74 0
100 74 0
99 74 0
99 74 0
99 75 0
99 75 0
99 75 0
99 75 0
99 75 0
99 75 0
98 75 0
98 75 0
98 75 0
98 75 0
98 75 0
98 75 0
98 75 0
98 75 0
98 75 1
98 75 0
98 75 0
98 75 0
97 75 0
97 75 0
97 75 0
97 75 0
96 75 0
96 75 0
96 75 0
96 75 0
95 75 0
95 75 0
95 75 0
95 75 0
95 75 0
95 75 0
95 75 0
94 74 0
94 74 0
94 74 0
94 74 0
94 73 0
94 73 0
94 72 0
94 72 0
93 72 0
93 71 0
93 70 0
93 70 0
93 70 0
93 70 0
93 69 0
93 68 0
93 68 0
93 66 0
93 65 0
93 65 0
93 64 0
93 63 0
93 63 0
93 62 0
93 61 0
93 60 0
93 60 0
93 59 0
93 58 0
93 57 0
93 57 0
93 56 0
93 56 0
93 56 0
92 56 0
92 55 0
92 55 0
92 54 0
92 54 0
92 54 0
92 54 0
92 53 0
92 53 0
92 53 0
92 53 0
92 53 0
92 53 0
92 53 0
92 53 0
91 53 0
91 53 0
91 53 0
91 53 0
90 53 0
90 53 0
90 53 0
90 53 0
89 53 0
89 53 0
89 53 0
89 53 0
89 53 0
89 53 0
89 53 0
89 53 0
88 53 0
88 53 0
88 53 0
88 53 1
88 53 0
87 53 0
87 53 0
87 53 0
87 53 0
87 53 0
87 53 0
87 53 0
87 53 0
87 53 0
86 53 0
86 53 0
86 53 0
86 53 0
86 53 0
86 53 0
86 53 0
86 53 0
86 53 0
86 53 0
86 53 0
86 53 0
86 53 0
86 53 0
86 53 0
86 53 0
86 53 0
86 53 0
86 53 0
86 53 0
86 53 0
86 53 0
87 53 0
87 53 0
87 53 0
87 53 0
87 53 0
87 53 0
87 53 0
87 53 0
87 54 0
87 54 0
87 54 0
87 54 0
87 54 0
87 54 0
87 55 0
87 55 0
87 55 0
87 55 0
87 55 0
87 55 0
87 55 0
87 56 0
87 56 0
87 56 0
87 56 0
87 56 0
87 56 0
87 56 0
87 57 0
87 57 0
87 58 0
87 58 0
87 58 0
87 58 0
87 59 0
87 59 0
87 60 0
87 61 0
87 61 0
87 62 0
87 62 0
87 63 0
87 63 0
87 63 0
87 63 0
87 63 0
87 63 0
88 63 0
88 63 0
88 64 0
88 64 0
89 64 0
89 64 0
89 64 1
89 64 0
89 65 0
90 65 0
91 65 0
91 65 0
92 65 0
92 65 0
92 65 0
94 65 0
94 65 0
94 65 0
95 65 0
95 65 0
95 65 0
95 65 0
96 66 0
96 66 0
96 66 0
97 66 0
97 66 0
98 66 0
98 66 0
99 66 0
99 66 0
99 66 0
100 66 0
100 66 0
100 66 0
100 66 0
101 66 0
102 65 0
102 65 0
102 65 0
103 65 0
104 65 0
104 65 0
104 65 0
104 65 0
105 64 0
106 64 0
106 64 0
107 64 0
107 64 0
107 63 0
107 63 0
107 63 0
108 63 0
108 63 0
109 63 0
109 62 0
110 62 0
110 62 0
110 62 0
110 62 0
111 62 0
112 61 0
112 61 0
113 61 0
113 61 0
113 61 0
114 61 0
114 60 0
115 60 0
115 60 0
115 60 0
115 60 0
116 59 0
116 59 0
116 59 0
117 59 0
117 59 0
117 59 0
117 59 0
117 59 0
117 58 0
117 58 0
118 58 0
118 58 0
118 58 0
118 57 0
118 57 0
118 57 0
118 57 0
119 57 0
119 57 0
119 57 0
119 56 0
119 56 0
119 56 0
119 56 0
119 56 0
119 56 0
119 56 0
119 55 0
119 55 0
120 55 0
120 55 0
120 54 0
122 54 0
122 54 0
123 54 0
127 54 0
127 54 0
129 54 0
131 54 0
133 53 0
136 53 0
138 53 0
141 53 0
143 53 0
145 53 0
145 53 0
146 53 0
147 53 0
149 53 0
151 53 0
152 53 0
153 53 0
154 53 0
157 53 0
157 53 0
159 53 0
161 53 0
162 53 0
164 53 0
167 53 0
169 53 0
173 53 0
174 53 0
176 53 0
178 53 0
182 54 0
184 54 0
187 54 0
190 54 0
192 54 0
195 54 0
198 54 0
286 54 0
286 54 0
287 54 0
290 54 0
291 54 0
292 54 0
294 54 0
294 54 0
295 54 0
295 54 0
296 54 0
297 54 0
299 54 0
299 54 0
299 54 0
300 54 0
300 54 2
302 54 0
302 54 0
303 54 0
303 54 0
305 54 0
305 54 0
305 54 0
306 54 0
306 54 0
306 54 0
307 54 0
307 54 0
308 54 0
308 55 0
308 55 0
309 55 0
309 55 0
309 56 0
310 56 0
310 56 0
311 56 0
311 56 0
311 56 0
312 56 0
312 56 0
313 56 0
313 56 0
314 56 0
314 56 0
314 56 0
314 56 0
315 56 0
315 56 2
316 56 0
316 56 0
316 57 0
317 57 0
317 57 0
317 57 0
318 57 0
318 57 0
318 57 0
319 57 0
319 57 0
319 57 0
319 57 0
319 57 0
319 57 0
320 57 0
320 57 0
320 57 0
320 57 0
320 57 0
320 57 0
320 57 0
320 57 0
320 57 0
320 57 0
320 57 0
320 57 0
319 57 0
319 57 0
319 57 0
318 57 0
318 57 0
317 57 0
317 57 0
317 57 0
315 57 0
315 57 0
315 57 0
314 57 0
314 57 0
313 57 0
313 57 0
312 57 0
312 57 0
310 57 0
310 57 2
310 57 0
310 57 0
309 57 0
308 57 0
308 57 0
308 57 0
307 57 0
307 57 0
307 57 0
306 57 0
306 57 0
306 57 0
306 57 0
306 57 0
306 57 0
306 57 0
305 57 0
305 57 0
305 57 0
305 57 0
305 57 0
305 57 0
305 57 0
305 57 0
304 57 0
304 57 0
304 57 0
304 57 0
303 57 0
303 57 0
303 56 0
303 56 0
303 56 0
303 56 0
302 56 0
302 56 0
302 56 0
302 56 0
301 56 0
300 56 0
300 56 0
300 56 0
300 56 0
300 56 0
300 56 0
300 56 0
300 56 0
300 56 0
300 56 0
300 56 0
300 56 0
300 56 0
300 56 0
299 56 0
299 56 0
299 56 0
299 56 0
299 56 0
299 56 0
299 56 0
299 56 0
299 56 0
299 56 0
299 56 0
299 56 0
299 56 0
299 56 0
299 56 0
299 56 0
299 56 0
299 56 0
299 56 0
299 56 0
298 56 0
298 56 0
298 56 0
298 56 0
298 56 0
298 56 0
298 56 0
298 56 0
298 56 0
298 56 0
298 56 0
298 57 0
298 57 0
298 57 0
298 57 0
298 57 0
298 57 0
298 57 0
298 57 0
298 58 0
298 58 0
298 58 0
298 58 0
298 58 0
298 58 0
298 58 0
298 58 0
298 59 0
297 59 0
297 59 0
297 59 0
297 59 0
297 59 0
297 59 0
297 59 0
297 60 0
297 60 0
297 60 0
297 60 0
297 60 0
297 60 0
297 60 0
297 61 0
296 61 0
296 61 0
296 61 0
296 61 0
296 61 0
296 61 0
296 61 0
296 61 0
296 61 0
296 61 0
296 61 0
296 61 0
296 61 0
296 60 0
296 60 0
296 60 0
296 60 0
296 60 0
296 60 0
296 60 0
296 60 0
296 60 0
296 60 0
296 60 0
296 60 0
296 60 0
296 60 0
296 59 0
296 59 0
296 59 0
296 59 0
296 59 0
296 59 0
296 59 0
296 59 0
296 59 0
296 59 0
296 59 0
296 59 0
296 59 0
296 59 0
296 59 0
296 59 0
295 59 0
295 59 0
295 59 0
295 59 0
295 60 0
295 60 0
294 60 0
294 60 0
294 60 0
294 60 0
294 60 0
294 61 0
293 61 0
293 61 0
293 61 0
293 61 0
293 61 0
293 61 0
292 62 0
292 62 0
292 62 0
292 62 0
292 62 0
292 62 0
292 63 0
290 63 0
290 63 0
290 63 0
290 63 0
290 63 0
290 63 0
289 64 0
289 64 0
289 64 0
289 64 0
289 64 0
289 64 0
289 64 0
288 64 0
288 64 0
288 64 0
288 64 0
288 64 0
288 64 0
286 64 0
286 64 0
286 64 0
286 64 0
286 64 0
286 64 0
284 64 0
284 64 0
284 63 0
284 63 0
284 63 0
284 63 0
284 63 0
282 63 0
282 63 0
282 62 0
282 62 0
282 62 0
282 62 0
282 62 0
281 62 0
281 62 0
281 62 0
281 62 0
281 62 0
281 62 0
281 62 0
279 62 0
279 62 0
279 62 0
279 62 0
279 62 0
279 62 0
279 62 0
279 62 0
279 62 0
279 63 0
279 63 0
279 63 0
279 63 0
278 63 0
278 63 0
278 63 0
278 63 0
278 63 0
278 63 0
278 63 0
278 63 0
278 63 0
278 64 0
278 64 0
278 64 0
278 64 0
277 64 0
277 64 0
277 64 0
277 66 0
277 66 0
277 66 0
277 66 0
276 66 0
276 66 0
276 66 0
276 67 0
276 67 0
276 67 0
275 67 0
275 67 0
275 67 0
275 67 0
275 67 0
275 67 0
275 67 0
273 67 0
273 67 0
273 67 0
273 67 0
273 68 0
273 68 0
270 68 0
270 68 0
270 68 0
270 68 0
270 68 0
270 69 0
267 69 0
267 69 0
267 69 0
267 69 0
267 69 0
267 69 0
264 69 0
264 69 0
264 69 0
264 69 0
264 69 0
264 69 0
261 69 0
261 69 0
261 69 0
261 69 0
261 69 0
261 69 0
261 69 0
257 68 0
257 68 0
257 68 0
257 68 0
257 68 0
257 68 0
257 67 0
254 67 0
254 67 2
254 67 0
254 67 0
254 67 0
254 67 0
250 66 0
250 66 0
250 66 0
250 66 0
250 66 0
250 66 0
250 65 0
247 65 0
247 65 0
247 65 0
247 65 0
247 65 0
247 64 0
245 64 0
245 64 0
245 64 0
245 64 0
245 64 0
245 63 0
245 63 0
243 63 0
243 63 0
243 63 0
243 63 0
243 63 0
243 62 0
243 62 0
241 62 0
241 62 0
241 62 0
241 62 0
241 62 0
241 61 0
241 61 0
240 61 0
240 61 0
240 61 0
240 61 0
240 61 0
240 61 0
238 61 0
238 61 0
238 61 0
238 61 0
238 61 0
238 61 0
238 60 0
237 60 0
237 60 0
237 60 0
237 60 0
237 60 0
237 61 0
236 61 0
236 61 0
236 61 0
236 61 0
236 61 0
236 61 0
236 62 0
235 62 0
235 62 0
235 62 0
235 62 0
235 62 0
235 62 0
234 63 0
234 63 0
234 63 0
234 63 0
234 63 0
234 63 0
232 63 0
232 64 0
232 64 0
232 64 0
232 64 0
232 64 0
231 64 0
231 64 0
231 64 0
231 65 0
231 65 0
231 65 0
230 65 0
230 65 0
230 65 0
230 66 0
230 66 0
230 66 0
229 66 0
229 66 0
229 66 0
229 66 0
229 66 0
229 66 0
228 66 0
228 66 0
228 66 0
228 66 0
228 66 2
228 67 0
228 67 0
226 67 0
226 67 0
226 67 0
226 67 0
226 68 0
226 68 0
225 68 0
225 68 0
225 68 0
225 68 0
225 68 0
225 69 0
223 69 0
223 69 0
223 69 0
223 69 0
223 69 0
223 70 0
222 70 0
222 70 0
222 70 0
222 70 0
222 70 0
222 71 0
221 71 0
221 71 0
221 71 0
221 71 0
221 71 0
221 73 0
220 73 0
220 73 0
220 73 0
220 73 0
220 72 0
220 72 0
218 72 0
218 72 0
218 72 0
218 72 0
218 72 0
218 72 0
217 72 0
217 72 0
217 72 0
217 72 0
217 72 0
217 72 0
216 72 0
216 72 0
216 73 0
216 73 0
216 74 0
216 74 0
215 74 0
215 74 0
215 74 0
215 74 0
215 74 0
215 74 0
214 75 0
214 75 0
214 75 0
214 75 0
214 75 0
214 75 0
212 76 0
212 76 0
212 76 0
212 76 0
212 76 0
212 76 0
211 76 0
211 76 0
211 77 0
211 77 0
211 77 0
211 77 0
210 77 0
210 77 0
210 77 0
210 77 0
210 77 0
210 77 0
209 77 0
209 77 0
209 77 0
209 77 0
209 77 0
209 77 2
208 77 0
208 77 0
208 77 0
208 77 0
208 77 0
208 78 0
207 78 0
207 78 0
207 78 0
207 80 0
207 81 0
207 81 0
206 81 0
206 81 0
206 81 0
206 81 0
206 81 0
206 81 0
205 81 0
205 81 0
205 81 0
205 82 0
205 82 0
205 82 0
204 82 0
204 82 0
204 82 0
204 82 0
204 82 0
204 82 0
203 82 0
203 82 0
203 82 0
203 82 0
203 82 0
203 82 0
202 82 0
202 81 0
202 81 0
202 81 0
202 81 0
202 81 0
201 81 0
201 81 0
201 81 0
201 81 0
201 81 0
201 82 0
200 82 0
200 83 0
200 83 0
200 83 0
200 84 0
200 85 0
198 85 0
198 85 0
198 85 0
198 86 0
198 86 0
198 87 0
197 87 0
197 87 0
197 87 0
197 87 0
197 88 0
197 88 0
196 88 0
196 88 0
196 89 0
196 89 0
196 89 2
195 89 0
195 89 0
195 89 0
195 89 0
195 90 0
195 91 0
192 92 0
192 93 0
192 93 0
192 93 0
192 95 0
192 95 0
191 95 0
191 95 0
191 96 0
191 96 0
191 96 0
191 96 0
190 97 0
190 97 0
190 97 0
190 98 0
190 98 0
190 100 0
189 101 0
189 101 0
189 101 0
189 101 0
189 102 0
189 102 0
187 102 0
187 102 0
187 102 0
187 103 0
187 103 0
187 103 0
187 104 0
187 104 0
187 105 0
187 105 0
187 105 0
186 105 0
186 106 0
186 107 0
186 107 0
186 106 0
186 107 0
185 107 0
185 108 0
185 109 0
185 109 0
185 109 0
185 110 0
184 110 0
184 111 0
184 111 0
184 111 0
184 111 0
184 112 0
184 112 0
184 112 0
184 113 2
184 113 0
184 113 0
183 114 0
183 114 0
183 114 0
183 115 0
183 115 0
183 115 0
181 115 0
181 116 0
181 117 0
181 118 0
181 119 0
181 119 0
180 119 0
180 120 0
180 120 0
180 121 0
180 121 0
180 122 0
179 122 0
179 122 0
179 124 0
179 124 0
179 124 0
178 124 0
178 124 0
178 124 0
178 124 0
178 124 0
178 124 0
177 124 0
177 125 0
177 125 0
177 125 0
177 125 0
177 125 0
176 125 0
176 125 0
176 125 0
176 125 0
176 126 0
176 126 0
176 126 0
176 126 0
176 126 0
176 126 0
176 126 0
175 126 0
175 126 0
175 126 0
175 126 0
175 126 0
175 126 0
174 126 0
174 126 0
174 126 0
174 126 0
174 126 0
174 126 0
173 126 0
173 126 0
173 126 0
173 126 1
173 125 0
173 125 0
172 125 0
172 125 0
172 125 0
172 126 0
172 126 0
172 126 0
171 126 0
171 126 2
171 126 0
171 126 0
171 126 0
171 126 0
169 126 0
169 126 0
169 126 0
169 126 0
169 126 0
169 126 0
169 126 0
169 125 0
169 125 0
169 125 0
169 124 0
169 124 0
169 124 0
168 124 0
168 124 0
168 124 0
168 124 0
168 123 0
168 123 0
167 122 0
167 122 0
167 120 0
167 119 0
167 118 0
167 118 0
166 117 0
166 116 0
166 116 0
166 115 0
166 115 0
166 115 0
166 114 0
165 114 0
165 113 0
165 113 0
165 112 0
165 111 0
165 108 0
164 107 0
164 106 0
164 106 0
164 105 0
164 104 0
164 104 0
163 102 0
163 102 0
163 102 0
163 101 0
163 101 0
163 101 0
163 101 0
162 100 0
162 100 0
162 99 0
162 99 0
162 99 0
162 97 0
161 96 0
161 96 0
161 95 0
161 95 0
161 94 0
161 93 0
161 92 0
160 89 0
160 88 0
160 87 0
160 87 0
160 87 0
160 87 0
158 86 0
158 86 0
158 84 0
158 84 0
158 84 0
158 83 2
157 81 0
157 81 0
157 80 0
157 77 0
157 77 0
157 75 0
156 75 0
156 75 0
156 75 0
156 73 0
156 72 0
156 72 0
156 71 0
154 70 0
154 69 0
154 69 0
154 68 0
154 66 0
154 66 0
153 66 0
153 65 0
153 65 0
153 65 0
153 65 0
153 65 0
152 64 0
152 64 0
152 64 0
152 64 0
152 64 0
152 64 0
151 64 0
151 64 0
151 64 0
151 64 0
151 64 0
151 64 0
151 65 0
150 65 0
150 65 0
150 66 0
150 66 1
150 66 0
150 66 0
150 66 0
150 66 0
150 66 0
150 66 0
150 67 0
150 67 0
150 67 0
151 67 0
151 67 0
151 67 2
151 67 0
151 67 0
151 67 0
152 67 0
152 67 0
152 67 0
152 68 0
152 68 0
152 68 0
152 68 0
153 69 0
153 69 0
153 70 0
153 70 0
153 70 0
153 70 0
154 70 0
154 71 0
154 71 0
154 71 0
154 71 0
154 71 0
154 71 0
156 71 0
156 71 0
156 71 0
156 72 0
156 72 0
156 72 0
157 72 0
157 72 0
157 72 0
157 72 0
157 72 0
157 72 0
157 73 0
158 73 0
158 74 0
158 74 0
158 75 0
158 75 0
158 75 0
158 75 0
158 76 0
158 76 0
158 76 0
158 77 0
158 77 2
158 78 0
159 78 0
159 78 0
159 78 0
159 79 0
159 80 0
159 81 0
159 81 0
159 82 0
159 82 0
159 82 0
159 82 0
159 82 0
159 82 0
160 82 0
160 82 0
160 84 0
160 84 0
160 85 0
160 86 0
160 86 0
161 87 0
161 87 0
161 87 0
161 88 0
161 88 0
161 89 0
162 89 0
162 89 0
162 90 0
162 90 0
162 90 0
162 90 0
163 91 0
163 91 0
163 91 0
163 92 0
163 92 0
163 93 0
163 93 0
164 94 0
164 94 0
164 95 0
164 96 0
164 96 0
164 97 0
165 97 0
165 98 0
165 98 0
165 99 0
165 100 0
165 100 0
165 100 0
166 101 0
166 101 2
166 102 0
166 103 0
166 103 0
166 103 0
167 103 0
167 104 0
167 104 0
167 104 0
167 104 0
167 104 0
168 105 0
168 105 0
168 105 0
168 105 0
168 105 0
168 105 0
168 104 0
169 105 0
169 105 0
169 105 0
169 106 0
169 106 0
169 106 0
170 106 0
170 106 0
170 106 0
170 106 0
170 106 0
170 106 0
170 106 0
170 106 0
170 106 0
170 106 0
170 106 0
170 106 0
170 106 0
171 106 0
171 106 0
171 106 0
171 106 0
171 106 0
171 105 0
172 105 0
172 105 0
172 105 0
172 105 0
172 105 0
172 105 0
173 105 0
173 105 0
173 105 0
173 106 0
173 106 0
173 104 0
174 104 0
174 104 0
174 104 0
174 104 0
174 104 0
174 104 0
175 104 0
175 104 0
175 104 0
175 103 0
175 103 0
175 103 0
176 103 0
176 103 0
176 103 0
176 103 0
176 103 0
176 103 0
177 103 0
177 103 0
177 103 0
177 103 0
177 102 0
177 102 0
178 102 0
178 102 0
178 102 0
178 102 0
178 102 0
178 102 0
178 102 0
178 102 0
178 102 0
178 102 0
178 102 0
178 101 0
178 101 0
179 101 0
179 101 0
179 101 0
179 101 0
179 100 0
179 100 0
180 100 0
180 100 0
180 100 0
180 100 2
180 100 0
180 100 0
181 100 0
181 100 0
181 100 0
181 100 0
181 100 0
181 99 0
182 99 0
182 99 0
182 99 0
182 99 0
182 99 0
182 98 0
183 98 0
183 98 0
183 98 0
183 98 0
183 98 0
183 98 0
184 97 0
184 97 0
184 97 0
184 97 0
184 97 0
184 97 0
185 97 0
185 97 0
185 97 0
185 97 0
185 97 0
185 97 0
186 97 0
186 96 0
186 96 0
186 96 0
186 96 0
186 96 0
187 96 0
187 96 0
187 96 0
187 96 0
187 96 0
187 96 0
188 96 0
188 96 0
188 95 0
188 95 0
188 95 0
188 95 0
189 95 0
189 95 0
189 94 0
189 94 0
189 94 0
189 94 0
190 94 0
190 94 0
190 94 0
190 94 0
190 94 0
191 94 0
191 94 0
191 94 0
191 94 0
191 93 0
191 93 0
192 93 0
192 93 0
192 93 0
192 93 0
192 92 0
192 92 0
193 92 0
193 92 0
193 92 0
193 92 0
193 91 0
193 91 0
194 91 0
194 91 0
194 91 0
194 91 0
194 91 0
194 91 0
195 91 0
195 91 0
195 91 0
195 91 0
195 91 0
195 90 0
196 90 0
196 90 0
196 90 0
196 90 0
196 90 0
197 90 0
197 90 0
197 90 0
197 90 0
197 90 0
197 90 0
198 90 0
198 90 0
198 90 0
198 90 0
198 90 0
199 90 0
199 90 2
199 90 0
199 90 0
200 90 0
200 90 0
200 90 0
200 90 0
200 90 0
201 90 0
201 90 0
201 90 0
201 90 0
201 90 0
203 90 0
203 90 0
203 90 0
203 91 0
203 91 0
205 91 0
205 91 0
205 91 0
205 91 0
205 91 0
207 92 0
207 92 0
207 92 0
207 92 0
207 92 0
208 92 0
208 93 0
208 93 0
208 93 0
209 93 0
209 93 0
209 93 0
209 93 0
209 92 0
209 92 0
211 92 0
211 92 0
211 92 0
211 92 0
212 91 0
212 91 0
212 91 0
212 91 0
212 91 0
213 91 0
213 90 0
213 90 0
213 90 0
214 90 0
214 90 0
214 90 0
214 89 0
214 89 0
215 89 0
215 89 0
215 89 0
215 89 0
217 88 0
217 88 0
217 88 0
217 88 0
217 88 0
217 88 0
217 87 0
217 87 0
217 87 0
217 87 0
218 87 0
218 87 0
218 86 0
218 86 0
218 86 0
220 86 0
220 86 0
220 86 0
222 85 0
222 85 0
222 85 0
222 85 0
223 85 0
223 85 0
223 84 0
223 84 0
223 84 0
224 84 0
224 84 0
224 84 0
224 83 0
226 83 0
226 83 0
226 83 0
226 83 0
227 83 0
227 82 0
227 82 0
227 82 0
227 82 0
226 82 0
226 82 0
226 81 0
226 81 0
226 81 0
226 81 0
228 81 0
228 81 0
228 80 0
228 80 0
228 80 0
228 80 0
231 80 0
231 80 0
231 79 0
232 79 0
232 79 0
232 79 0
232 79 0
232 79 2
229 78 0
229 78 0
229 78 0
229 78 0
229 78 0
229 78 0
229 77 0
229 77 0
230 77 0
230 77 0
230 77 0
230 77 0
230 76 0
230 76 0
231 76 0
231 76 0
231 76 0
231 76 0
231 75 0
232 75 0
232 75 0
232 75 0
232 75 0
232 75 0
232 74 0
233 74 0
233 74 0
233 74 0
233 74 0
233 74 0
234 73 0
234 73 0
234 73 0
234 73 0
234 73 0
236 73 0
236 72 0
236 72 0
236 72 0
236 72 0
237 72 0
237 72 0
237 71 0
237 71 0
237 71 0
239 71 0
239 71 0
239 71 0
239 71 0
240 71 0
240 71 0
240 71 0
240 71 0
240 71 0
242 71 0
242 70 0
242 70 0
242 70 0
242 70 0
242 70 0
242 70 0
242 69 0
242 69 0
242 69 0
243 69 0
243 69 0
243 69 0
243 68 0
243 68 0
244 68 0
244 68 0
244 68 0
244 68 0
244 67 0
245 67 0
245 67 0
245 67 0
245 67 0
245 67 0
245 66 0
246 66 0
246 66 0
246 66 0
246 66 0
246 66 2
247 65 0
247 65 0
247 65 0
247 65 0
247 65 0
248 65 0
248 65 0
248 65 0
248 65 0
248 65 0
248 65 0
250 65 0
250 65 0
250 65 0
250 65 0
250 65 0
251 65 0
251 65 0
251 65 0
251 65 0
251 65 0
252 65 0
252 65 0
252 65 0
252 65 0
252 65 0
254 65 0
254 65 0
254 65 0
254 65 0
255 65 0
255 65 0
255 65 0
255 65 0
255 65 0
256 66 0
256 67 0
256 67 0
256 67 0
256 68 0
256 68 0
258 68 0
258 68 0
258 68 0
258 68 0
259 68 0
259 68 0
259 68 0
259 68 0
259 69 0
260 70 0
260 70 0
260 70 0
260 70 0
260 70 0
261 71 0
261 71 0
261 71 0
261 71 0
261 71 0
262 73 0
262 73 0
262 74 0
262 74 0
262 74 0
263 74 0
263 75 0
263 76 0
263 76 0
263 76 0
263 77 0
263 78 0
263 78 0
263 78 0
263 78 0
265 78 0
265 78 0
265 78 0
265 79 0
266 79 2
266 79 0
266 79 0
266 80 0
266 80 0
266 81 0
266 81 0
266 82 0
266 83 0
266 83 0
268 84 0
268 84 0
268 84 0
268 84 0
270 85 0
270 85 0
270 85 0
271 86 0
271 86 0
271 87 0
271 88 0
273 89 0
273 89 0
273 89 0
273 89 0
274 89 0
274 89 0
274 89 0
274 89 0
276 89 0
276 90 0
276 90 0
276 91 0
277 91 0
277 91 0
277 91 0
277 92 0
279 92 0
279 92 0
279 93 0
279 93 0
280 93 0
280 94 0
280 94 0
280 95 0
282 96 0
282 96 0
282 96 0
282 96 0
283 96 0
283 96 0
283 96 0
283 96 0
283 96 0
284 97 0
284 97 0
284 97 0
284 97 0
284 97 0
285 97 0
285 97 0
285 97 0
285 97 0
287 96 0
287 96 0
287 96 0
287 96 0
288 96 0
288 96 0
288 96 0
288 96 0
290 96 0
290 96 0
290 96 0
290 96 0
291 96 0
291 96 0
291 96 0
292 96 0
292 96 0
292 96 2
292 96 0
292 96 0
294 96 0
294 96 0
294 96 0
294 96 0
295 96 0
295 96 0
295 96 0
295 96 0
295 96 0
296 96 0
296 96 0
296 96 0
296 96 0
296 96 0
297 97 0
297 97 0
297 97 0
297 97 0
297 97 0
297 97 0
298 97 0
298 97 0
298 97 0
298 97 0
298 97 0
299 97 0
299 97 0
299 97 0
299 97 0
299 97 0
299 97 0
301 97 0
301 97 0
301 97 0
301 97 0
301 97 0
303 97 0
303 97 0
303 97 0
303 97 0
303 97 0
305 97 0
305 97 0
305 96 0
305 96 0
305 96 0
306 96 0
306 96 0
306 96 0
306 96 0
306 96 0
306 96 0
308 96 0
308 96 0
308 96 0
308 96 0
308 96 0
309 96 0
309 95 0
309 95 0
309 95 0
309 95 0
310 95 0
310 95 0
310 95 0
310 95 0
310 95 0
311 95 0
311 95 0
311 95 0
311 94 0
311 94 0
311 94 0
312 94 0
312 94 0
312 93 0
312 92 0
312 92 0
312 92 0
313 92 0
313 92 0
313 92 0
313 92 0
313 91 0
313 91 0
314 91 0
314 90 2
314 90 0
314 90 0
314 90 0
316 90 0
316 87 0
316 87 0
316 87 0
316 86 0
316 84 0
317 84 0
317 84 0
317 83 0
317 82 0
317 82 0
319 82 0
319 82 0
319 81 0
319 80 0
319 79 0
321 79 0
321 78 0
321 78 0
321 78 0
321 77 0
323 77 0
323 77 0
323 76 0
323 76 0
323 76 0
325 75 0
325 75 0
325 75 0
325 74 0
325 74 0
325 74 0
327 74 0
327 73 0
327 73 0
327 73 0
327 73 0
328 72 0
328 72 0
328 71 0
328 71 0
328 70 0
329 70 0
329 70 0
329 70 0
329 70 0
329 70 0
329 69 0
330 69 0
330 69 0
330 69 0
330 69 0
330 69 0
330 69 0
331 68 0
331 68 0
331 67 0
331 67 0
331 67 0
331 66 0
332 66 0
332 66 0
332 65 0
332 63 0
332 62 0
332 62 0
333 61 0
333 61 0
333 61 0
333 61 0
333 60 0
333 60 0
334 60 0
334 60 0
334 59 0
334 59 0
334 59 0
334 59 0
335 59 0
335 59 0
335 58 0
335 58 0
335 58 0
336 58 0
336 58 0
336 58 0
336 57 0
336 57 0
336 57 0
337 57 0
337 57 0
337 57 0
337 56 0
337 56 0
337 56 0
338 56 0
338 56 0
338 56 0
338 57 0
338 57 0
338 57 0
339 57 0
339 57 0
339 57 0
339 57 0
339 58 0
339 58 0
340 58 0
340 58 0
340 58 0
340 58 0
340 58 0
340 58 0
341 58 0
341 58 1
341 58 0
341 58 0
341 58 0
341 57 0
342 57 0
342 57 0
342 57 0
342 57 2
342 57 0
342 56 0
342 56 0
342 56 0
342 56 0
342 56 0
342 56 0
342 55 0
341 55 0
341 55 0
341 55 0
341 55 0
341 55 0
341 54 0
340 54 0
340 54 0
340 54 0
340 54 0
340 54 0
339 53 0
339 53 0
339 53 0
339 53 0
339 53 0
339 53 0
338 52 0
338 52 0
338 52 0
338 52 0
338 52 0
337 52 0
337 53 0
337 53 0
337 53 0
337 53 0
337 53 0
336 53 0
336 54 0
336 54 0
336 54 0
336 54 0
335 54 0
335 54 0
335 54 0
335 55 0
335 55 0
335 55 0
334 55 0
334 55 0
334 55 0
334 55 0
334 56 0
334 56 0
333 56 0
333 56 0
333 56 0
333 56 0
333 55 0
333 55 0
332 55 0
332 55 0
332 55 0
332 55 0
332 54 0
332 54 0
331 54 0
331 54 0
331 54 0
331 54 0
331 55 0
330 55 0
330 55 0
330 55 0
330 55 0
330 55 0
330 56 0
329 56 0
329 56 0
329 56 0
329 56 0
329 56 0
329 57 0
328 57 0
328 57 0
328 57 0
328 57 0
328 57 0
328 57 0
327 58 0
327 58 0
327 58 0
327 58 0
327 58 0
327 58 0
326 58 0
326 58 0
326 58 0
326 58 0
326 58 0
326 58 0
325 58 0
325 57 0
325 57 0
325 57 0
325 57 0
325 57 0
325 57 0
324 56 0
324 56 0
324 56 0
324 56 0
324 56 0
324 56 0
323 57 0
323 57 0
323 57 0
323 57 0
323 57 0
323 57 0
323 58 0
322 58 0
322 58 0
322 58 0
322 58 0
322 58 0
322 59 0
321 59 0
321 59 0
321 59 0
321 59 0
321 59 0
321 60 0
321 60 0
320 60 0
320 60 0
320 60 0
320 60 0
320 60 0
320 60 0
319 60 0
319 60 0
319 60 0
319 60 0
319 60 0
319 61 0
319 61 0
318 61 0
318 61 0
318 61 0
318 61 0
318 62 0
318 62 0
318 62 0
317 62 0
317 62 0
317 62 0
317 63 0
317 63 0
317 63 0
317 63 0
316 63 0
316 63 0
316 64 0
316 64 0
316 64 0
316 64 0
315 64 0
315 64 0
315 65 0
315 65 0
315 65 0
315 65 0
315 65 0
314 65 0
314 66 0
314 66 0
314 66 0
314 66 0
314 66 0
312 66 0
312 65 0
312 65 0
312 65 0
312 65 0
312 65 0
312 65 0
312 64 0
311 64 0
311 64 0
311 64 0
311 64 0
311 64 0
311 64 0
310 64 0
310 64 0
310 64 0
310 64 0
310 64 0
310 64 0
310 65 0
309 65 0
309 65 0
309 65 0
309 65 0
309 65 0
309 66 0
308 66 0
308 66 0
308 66 0
308 66 0
308 66 0
308 66 0
308 68 0
307 68 0
307 68 0
307 68 0
307 68 0
307 68 0
307 68 0
306 69 0
306 69 0
306 69 0
306 69 1
306 69 0
306 69 0
306 69 0
305 70 0
305 70 0
305 70 0
305 70 0
305 70 0
305 70 0
303 70 0
303 69 0
303 69 0
303 69 0
303 69 0
303 69 0
303 69 0
303 67 0
302 67 0
302 67 0
302 67 0
302 67 0
302 67 0
302 66 0
301 66 0
301 66 0
301 66 0
301 66 0
301 66 0
301 65 0
301 65 0
300 65 0
300 65 0
300 65 0
300 65 0
300 63 0
300 63 0
299 63 0
299 63 0
299 63 0
299 63 0
299 62 0
299 62 0
298 62 0
298 62 0
298 62 0
298 62 0
298 61 0
298 61 0
296 61 0
296 61 0
296 61 0
296 61 0
296 62 0
296 62 0
296 62 0
295 62 0
295 62 0
295 62 0
295 63 0
295 63 0
295 63 0
294 63 0
294 63 0
294 63 0
294 64 0
294 64 0
294 64 0
293 64 0
293 64 0
293 64 0
293 65 0
293 65 0
293 65 0
292 65 0
292 65 0
292 65 0
292 65 0
292 64 0
292 64 0
292 64 0
291 64 0
291 64 0
291 64 0
291 63 0
291 63 0
291 63 0
290 63 0
290 63 0
290 63 0
290 63 0
290 63 0
290 63 0
289 63 0
289 63 0
289 63 0
289 63 0
289 63 0
289 63 0
288 63 0
288 64 0
288 64 0
288 64 0
288 64 0
288 64 0
287 64 0
287 65 0
287 65 0
287 65 0
287 65 0
287 65 0
285 65 0
285 65 0
285 66 0
285 66 0
285 66 0
285 66 0
284 66 0
284 66 0
284 67 0
284 67 0
284 67 0
284 67 0
282 67 0
282 67 0
282 68 0
282 68 0
282 68 0
282 68 0
281 68 0
281 68 0
281 68 0
281 69 0
281 69 0
281 69 0
279 69 0
279 69 0
279 69 0
279 69 0
279 69 0
279 69 0
277 69 0
277 69 0
277 69 0
277 69 0
277 69 0
276 69 0
276 69 0
276 69 0
276 69 0
276 69 0
276 69 0
275 69 0
275 69 0
275 69 0
275 69 0
275 69 0
273 69 0
273 69 0
273 69 0
273 69 0
273 69 0
273 69 0
272 69 0
272 69 0
272 69 0
272 69 0
272 69 0
270 69 0
270 69 0
270 69 1
270 69 0
270 69 0
270 69 0
268 69 0
268 69 0
268 69 0
268 69 0
268 69 0
267 69 0
267 69 0
267 69 0
267 69 0
267 69 0
265 69 0
265 69 0
265 69 0
265 69 0
265 69 0
265 69 0
264 69 0
264 69 0
264 69 0
264 69 0
264 69 0
262 69 0
262 69 0
262 69 0
262 69 0
262 69 0
261 69 0
261 70 0
261 70 0
261 70 0
261 70 0
259 70 0
259 70 0
259 71 0
259 71 0
259 71 0
258 71 0
258 71 0
258 71 0
258 72 0
258 72 0
258 72 0
257 72 0
257 72 0
257 72 0
257 73 0
257 73 0
255 73 0
255 73 0
255 73 0
255 73 0
255 74 0
255 74 0
253 74 0
253 74 0
253 74 0
253 74 0
253 74 0
252 74 0
252 74 0
252 74 0
252 74 0
252 74 0
252 74 0
250 75 0
250 75 0
250 75 0
250 75 0
250 75 0
249 75 0
249 76 0
249 76 0
249 76 0
249 76 0
246 76 0
246 76 0
246 77 0
246 77 0
246 77 0
244 77 0
244 77 0
244 77 0
244 77 0
244 78 0
242 78 0
242 78 0
242 78 0
242 78 0
242 78 0
240 78 0
240 78 0
240 78 0
240 78 0
238 78 0
238 78 0
238 78 0
238 79 0
238 79 0
236 79 0
236 79 0
236 79 0
236 79 0
236 79 0
236 79 0
235 79 0
235 79 0
235 79 0
235 79 0
235 79 0
233 79 0
233 79 0
233 79 0
233 79 0
233 79 0
231 79 0
231 79 0
231 79 0
231 79 0
231 79 0
231 79 0
229 79 0
229 79 0
229 79 0
229 79 0
229 79 0
228 79 0
228 79 2
228 79 0
228 79 0
228 79 0
228 79 0
228 79 0
228 79 0
228 79 0
228 79 0
228 80 0
226 80 0
226 80 0
226 80 0
226 80 0
226 80 0
226 80 0
225 80 0
225 80 0
225 80 0
225 80 0
225 81 0
224 81 0
224 81 0
224 81 0
224 81 0
224 81 0
224 82 0
223 82 0
223 82 0
223 82 0
223 82 0
223 82 0
223 83 0
222 83 0
222 83 0
222 83 0
222 83 0
222 83 0
220 84 0
220 84 0
220 84 0
220 84 0
220 84 0
220 84 0
219 85 0
219 85 0
219 85 0
219 85 0
219 85 0
218 85 0
218 86 0
218 86 0
218 86 0
218 86 0
217 86 0
217 86 0
217 87 0
217 87 0
217 87 0
217 87 0
215 87 0
215 87 0
215 88 0
215 88 0
215 88 0
215 88 0
215 88 0
215 88 0
215 88 0
215 88 0
215 88 0
214 88 0
214 88 0
214 88 0
214 88 0
214 89 0
214 89 0
213 89 0
213 89 0
213 89 0
213 89 0
213 89 0
213 89 0
212 89 0
212 89 0
212 89 0
212 89 0
212 89 0
212 89 0
211 89 0
211 89 0
211 89 0
211 89 0
211 89 0
210 89 0
210 89 0
210 89 0
210 89 0
210 89 0
210 89 0
209 89 0
209 89 0
209 89 0
209 89 0
209 89 0
209 89 0
208 89 0
208 89 0
208 89 0
208 89 0
208 89 0
208 89 0
207 89 0
207 89 0
207 89 0
207 89 0
207 88 0
206 88 0
206 88 0
206 88 0
206 88 0
206 88 1
206 87 0
205 87 0
205 87 0
205 87 0
205 87 0
205 87 0
205 86 0
204 86 0
204 86 0
204 86 0
204 86 0
204 86 0
204 85 0
203 85 0
203 85 0
203 85 0
203 85 0
203 85 0
202 84 0
202 84 0
202 84 0
202 84 0
202 84 0
202 84 0
201 83 0
201 83 0
201 83 2
201 83 0
201 83 0
201 83 0
200 82 0
200 82 0
200 82 0
200 82 0
200 82 0
200 82 0
199 81 0
199 81 0
199 81 0
199 81 0
199 81 0
199 81 0
198 80 0
198 80 0
198 80 0
198 80 0
198 80 0
198 80 0
197 79 0
197 79 0
197 79 0
197 79 0
197 79 0
197 79 0
196 78 0
196 78 0
196 78 0
196 78 0
196 78 0
196 78 0
195 77 0
195 77 0
195 77 0
195 77 0
195 77 0
195 77 0
193 77 0
193 76 0
193 76 0
193 76 0
193 76 0
193 76 0
193 76 0
193 75 0
193 75 0
193 75 0
193 75 0
192 75 0
192 75 0
192 75 0
192 75 0
192 75 0
192 75 0
191 75 0
191 75 0
191 75 0
191 74 0
191 74 0
191 74 0
190 74 0
190 74 0
190 74 0
190 74 0
190 73 0
190 73 0
189 73 0
189 73 0
189 73 0
189 73 0
189 72 0
189 72 0
188 72 0
188 72 0
188 72 0
188 72 0
188 71 0
188 71 0
187 71 0
187 71 0
187 71 0
187 71 0
187 71 0
187 70 0
186 70 0
186 70 0
186 70 0
186 70 0
186 70 0
186 69 0
185 69 0
185 69 0
185 69 0
185 69 0
185 69 0
185 68 0
185 68 0
184 68 0
184 68 0
184 68 0
184 68 0
184 67 0
184 67 0
183 67 0
183 67 0
183 67 0
183 67 0
183 66 0
183 66 0
183 66 0
182 66 0
182 66 0
182 66 0
182 66 0
182 66 0
182 66 0
182 66 0
182 66 0
182 66 0
182 66 0
182 66 0
182 66 0
182 66 0
181 66 0
181 66 0
181 66 0
181 66 0
181 66 0
181 66 0
181 66 0
181 66 0
181 66 0
181 66 0
181 66 0
181 67 0
181 67 0
180 67 0
180 67 0
180 67 0
180 68 0
180 68 0
180 68 0
180 68 0
180 68 0
180 68 2
180 68 0
180 70 0
180 70 0
180 72 0
180 72 0
180 75 0
180 75 0
180 75 0
180 76 0
180 76 0
180 76 0
180 77 0
180 77 0
180 77 0
180 77 0
180 77 0
180 77 0
180 77 0
180 77 0
180 77 0
180 77 0
180 77 0
180 77 0
180 77 0
180 77 0
180 77 0
180 77 0
180 77 0
180 77 0
180 77 0
180 77 0
180 77 0
180 77 0
180 77 0
180 77 0
180 77 0
180 77 0
180 77 0
180 77 0
180 77 0
180 77 0
180 77 0
180 77 0
180 77 0
180 77 0
180 77 0
180 77 0
180 77 0
180 77 0
180 77 0
180 77 0
180 77 0
180 77 0
180 77 0
180 77 0
180 77 0
180 77 0
180 77 0
180 77 0
180 77 0
181 77 0
181 77 0
181 77 0
181 77 0
181 77 0
181 77 0
181 76 0
182 76 0
182 76 0
182 76 0
182 76 0
182 76 0
182 76 0
182 76 0
182 76 0
182 76 0
182 76 0
182 76 0
182 76 0
182 76 0
182 76 0
183 76 0
183 76 0
183 76 0
183 76 0
183 76 0
183 76 0
184 76 0
184 76 0
184 75 1
184 75 0
184 75 0
184 75 0
184 75 0
184 75 0
184 75 0
184 75 0
184 75 0
184 75 0
184 75 0
184 75 0
185 75 0
185 75 0
185 75 0
185 75 0
185 75 0
185 75 0
186 75 0
186 75 0
186 75 0
186 75 0
186 75 0
186 75 0
186 75 0
186 75 0
186 75 0
186 75 0
186 75 0
186 75 0
186 75 0
188 75 0
188 75 0
188 75 0
188 75 0
188 75 0
188 75 0
188 75 0
188 75 0
188 75 0
188 75 0
188 75 0
188 75 0
188 75 0
189 75 0
189 75 0
189 75 0
189 75 0
189 75 0
189 75 0
190 75 0
190 75 0
190 75 0
190 75 0
190 75 0
190 75 0
190 75 0
190 75 0
190 75 0
190 75 0
190 75 0
190 75 0
190 75 0
191 75 0
191 75 0
191 75 0
191 75 0
191 75 0
191 75 0
192 75 0
192 75 0
192 75 0
192 76 0
192 76 0
192 76 0
193 76 0
193 76 0
193 76 0
193 76 0
193 77 0
193 77 0
194 77 0
194 77 0
194 77 0
194 77 0
194 78 0
194 78 0
195 78 0
195 78 0
195 78 0
195 78 0
195 79 0
195 79 0
195 79 0
195 79 0
195 79 0
195 80 0
195 80 0
195 80 0
195 80 1
196 80 0
196 81 0
196 81 0
196 81 0
196 82 0
196 82 0
197 82 0
197 83 0
197 83 0
197 83 0
197 83 0
197 83 0
198 83 0
198 83 0
198 83 0
198 83 0
198 83 0
198 83 0
198 83 0
198 83 0
198 83 0
198 83 2
198 83 0
198 83 0
198 83 0
197 83 0
197 83 0
197 83 0
197 83 0
197 83 0
197 83 0
196 83 0
196 83 0
196 83 0
196 83 0
196 83 0
196 83 0
196 83 0
193 83 0
193 83 0
193 83 0
193 83 0
193 83 0
193 83 0
193 83 0
193 83 0
191 83 0
191 83 0
191 83 0
191 83 0
191 83 0
191 83 0
191 83 0
190 83 0
190 83 0
190 83 0
190 83 0
190 83 0
190 83 0
190 83 0
188 83 0
188 83 0
188 83 0
188 84 0
188 84 0
188 84 0
188 84 0
186 84 0
186 84 0
186 84 0
186 84 0
186 84 0
186 84 0
186 84 0
184 84 0
184 84 0
184 84 0
184 84 0
184 84 0
184 84 0
184 84 0
182 84 0
182 83 0
182 83 0
182 83 0
182 83 0
182 83 0
182 83 0
180 83 0
180 83 0
180 83 0
180 83 0
180 82 0
180 82 0
180 82 0
179 82 0
179 82 0
179 81 0
179 81 0
179 81 0
179 81 0
177 81 0
177 80 0
177 80 0
177 80 0
177 80 1
177 80 0
177 80 0
176 80 0
176 80 0
176 80 0
176 80 0
176 80 0
176 79 0
176 79 0
175 79 0
175 79 0
175 79 0
175 78 0
175 78 0
175 78 0
173 78 0
173 78 0
173 78 0
173 77 0
173 77 0
173 77 0
173 77 0
172 77 0
172 77 0
172 77 0
172 77 0
172 77 0
172 77 0
171 77 0
171 77 0
171 77 0
171 77 0
171 77 0
171 77 0
171 77 0
172 77 0
172 77 0
172 77 0
172 78 0
172 78 0
172 78 0
173 78 0
173 78 0
173 78 0
173 78 0
173 79 0
173 79 0
175 79 0
175 79 0
175 79 0
175 79 0
175 79 0
175 79 0
176 79 0
176 79 0
176 79 0
176 79 0
176 79 0
176 79 0
177 79 0
177 79 0
177 79 0
177 79 0
177 79 0
177 79 0
178 79 0
178 79 0
178 79 0
178 79 0
178 79 0
178 79 0
180 80 0
180 80 0
180 80 0
180 80 0
180 80 0
180 81 0
181 81 0
181 81 0
181 81 0
181 81 0
181 81 0
181 81 0
182 81 0
182 81 0
182 81 0
182 81 0
182 81 0
182 81 1
183 81 0
183 81 0
183 81 0
183 81 0
183 81 0
183 81 0
184 81 0
184 81 0
184 81 0
184 80 0
184 80 0
184 80 0
185 80 0
185 82 0
185 82 0
185 82 0
185 81 0
185 81 0
187 81 0
187 81 0
187 81 0
187 81 0
187 81 0
187 82 0
188 82 0
188 82 0
188 82 0
188 82 0
188 82 0
188 82 0
189 82 0
189 82 0
189 82 0
189 82 2
189 82 0
189 82 0
190 83 0
190 83 0
190 83 0
190 83 0
190 83 0
190 83 0
189 83 0
189 84 0
189 84 0
189 84 0
189 85 0
189 85 0
189 85 0
188 86 0
188 86 0
188 86 0
188 86 0
188 86 0
188 86 0
187 87 0
187 87 0
187 87 0
187 87 0
187 87 0
187 88 0
187 88 0
186 89 0
186 89 0
186 89 0
186 89 0
186 89 0
186 91 0
185 91 0
185 91 0
185 92 0
185 93 0
185 94 0
185 94 0
185 94 0
184 95 0
184 95 0
184 96 0
184 98 0
184 99 0
184 99 0
184 101 0
182 101 0
182 102 0
182 102 0
182 103 0
182 103 0
182 103 0
182 104 0
181 104 0
181 104 0
181 105 0
181 105 0
181 107 0
181 107 0
181 108 0
180 108 0
180 109 0
180 109 0
180 109 0
180 110 0
180 110 0
178 111 0
178 111 0
178 111 0
178 111 0
178 111 0
178 112 0
178 113 0
178 113 0
178 113 0
178 114 0
178 114 0
178 115 0
178 115 0
177 115 0
177 115 0
177 116 0
177 116 0
177 119 0
177 119 0
176 120 0
176 120 0
176 120 0
176 120 0
176 120 0
176 120 0
176 120 0
174 120 0
174 120 0
174 120 0
174 120 0
174 120 0
174 120 0
174 120 0
173 121 0
173 121 0
173 122 0
173 122 0
173 122 0
173 122 1
173 123 0
173 123 0
173 124 0
173 124 0
173 124 0
173 124 0
173 124 0
173 124 0
173 124 0
173 124 0
173 124 0
173 124 0
173 124 0
173 124 0
173 124 0
173 125 0
173 125 0
173 125 0
173 125 0
173 126 0
173 126 0
173 126 0
174 126 0
174 126 0
174 126 0
174 127 0
174 127 0
174 127 0
174 127 0
174 128 0
174 128 0
174 128 0
174 128 0
174 128 0
174 128 0
174 128 0
174 128 0
175 128 0
175 128 0
175 129 0
175 129 0
175 129 0
175 129 0
175 129 0
176 129 0
176 129 0
176 129 0
176 129 0
176 129 0
176 129 0
176 129 0
176 129 0
176 129 0
176 128 0
176 128 0
176 128 0
176 128 0
177 128 0
177 128 0
177 128 0
177 127 0
177 127 0
177 125 0
177 125 0
178 125 0
178 125 0
178 124 0
178 124 0
178 124 0
178 124 0
178 124 0
179 124 0
179 123 0
179 123 0
179 122 0
179 122 0
179 122 0
180 121 0
180 121 0
180 121 0
180 121 0
180 121 0
180 120 0
180 119 0
181 119 0
181 118 0
181 118 0
181 117 0
181 117 0
181 116 0
181 116 0
181 115 0
181 114 0
181 113 0
181 113 0
181 113 0
181 112 0
182 112 0
182 112 0
182 112 0
182 111 0
182 111 0
182 111 0
182 111 0
182 110 0
182 110 0
182 109 0
182 109 0
182 108 0
182 108 0
183 107 0
183 107 0
183 106 0
183 105 0
183 103 0
183 102 0
183 102 0
183 102 0
183 102 0
183 102 0
183 102 0
183 101 0
183 101 0
182 101 0
182 101 0
182 100 0
182 99 0
182 99 0
182 98 0
181 97 0
181 97 0
181 97 0
181 96 0
181 96 0
181 96 0
181 95 0
179 95 0
179 95 0
179 93 0
179 93 0
179 93 0
179 93 0
179 92 0
178 92 0
178 92 0
178 91 0
178 91 0
178 90 0
178 89 0
177 89 0
177 88 0
177 87 0
177 89 0
177 89 0
177 88 0
177 88 0
175 87 0
175 86 0
175 85 0
175 84 0
175 84 0
175 83 0
175 82 0
174 82 0
174 81 0
174 80 0
174 80 0
174 79 0
174 79 0
174 78 0
172 78 0
172 78 0
172 77 0
172 77 0
172 77 0
172 77 0
171 76 0
171 76 0
171 76 0
171 76 0
171 76 0
171 75 0
171 75 0
170 74 0
170 74 0
170 74 0
170 74 0
170 74 0
170 74 0
170 74 0
169 73 0
169 73 0
169 73 0
169 73 0
169 72 1
169 72 0
169 72 0
168 72 0
168 72 0
168 72 0
168 72 0
168 71 0
168 71 0
168 70 0
167 70 0
167 70 0
167 70 0
167 69 0
167 69 0
167 69 0
167 69 0
167 69 0
167 69 0
167 69 0
167 69 0
167 69 0
167 69 0
166 69 0
166 70 0
166 70 0
166 70 0
166 69 0
166 69 0
166 69 0
166 69 0
166 69 0
166 69 0
166 69 0
166 69 0
166 69 0
167 69 0
167 69 0
167 69 0
167 70 0
167 70 0
167 70 0
167 70 0
168 68 0
168 68 0
168 68 0
168 68 0
168 68 0
168 68 0
168 68 0
168 68 0
168 67 0
168 67 0
168 67 0
168 67 0
168 67 0
168 67 0
168 66 0
168 66 0
168 66 0
168 66 0
168 66 0
168 66 0
168 66 0
169 66 0
169 66 0
169 66 0
169 66 0
169 64 0
169 64 0
169 64 0
169 64 0
169 63 0
169 63 0
169 62 0
169 62 0
169 62 0
168 62 0
168 62 0
168 61 0
168 61 0
168 61 0
168 60 0
168 60 0
167 60 0
167 60 0
167 59 0
167 59 0
167 59 0
167 59 0
165 59 0
165 59 0
165 59 0
165 59 0
165 59 0
165 59 0
165 59 0
163 60 0
163 60 0
163 60 0
163 61 0
163 61 0
163 61 0
163 61 0
162 61 0
162 62 0
162 62 0
162 62 0
162 62 0
162 62 0
162 62 0
160 62 0
160 62 0
160 62 0
160 62 0
160 62 0
160 62 0
160 62 0
158 63 0
158 63 0
158 63 0
158 63 0
158 63 0
158 63 0
158 62 0
156 62 0
156 62 0
156 62 0
156 62 0
156 62 0
156 63 0
155 63 0
155 63 0
155 64 0
155 64 0
155 64 0
155 63 0
155 63 0
154 63 0
154 63 0
154 63 1
154 63 0
154 63 0
154 63 0
154 63 0
153 62 0
153 62 0
153 62 0
153 62 0
153 62 0
153 62 0
153 62 0
152 62 0
152 62 0
152 62 0
152 62 0
152 62 0
152 61 0
152 61 0
152 61 0
152 61 0
152 60 0
152 60 0
152 60 0
152 61 0
152 61 0
152 61 0
152 61 0
152 61 0
152 61 0
152 61 0
152 61 0
152 61 2
153 60 0
153 60 0
153 60 0
153 59 0
153 59 0
153 59 0
153 60 0
153 60 0
153 60 0
153 61 0
153 61 0
153 61 0
153 61 0
153 61 0
153 61 0
153 61 0
153 61 0
153 61 0
153 61 0
153 61 0
153 61 0
153 61 0
154 62 0
154 62 0
154 62 0
154 62 0
154 62 0
154 61 0
154 61 0
154 61 0
154 61 0
154 61 0
154 62 0
154 62 0
154 62 0
154 62 0
155 62 0
155 62 0
155 62 0
155 62 0
155 62 0
155 62 0
155 62 0
155 62 0
155 62 0
155 62 0
155 61 0
155 61 0
155 61 0
155 61 0
156 61 0
156 61 0
156 61 0
156 61 0
156 61 0
156 61 0
156 61 0
156 62 0
156 62 0
156 62 0
156 62 0
156 62 0
156 62 0
156 62 0
157 62 0
157 62 0
157 62 0
157 62 0
157 62 0
157 63 0
157 63 0
157 63 0
157 63 0
157 64 0
157 64 0
157 64 0
157 64 0
158 64 0
158 64 0
158 64 0
158 64 0
158 64 0
158 65 0
157 65 0
157 65 0
157 65 0
157 65 0
157 66 0
157 66 0
157 66 0
156 67 0
156 68 0
156 68 0
156 68 0
156 68 0
156 68 0
154 68 0
154 68 0
154 69 0
154 69 0
154 70 0
154 70 0
154 71 0
152 72 0
152 72 0
152 72 0
152 72 0
152 72 0
152 72 0
152 72 0
151 72 0
151 72 0
151 72 0
151 73 0
151 73 0
151 73 0
149 73 0
149 74 0
149 74 0
149 74 1
149 74 0
149 74 0
149 74 0
147 74 0
147 74 0
147 75 0
147 75 0
147 75 0
147 75 0
147 75 0
146 75 0
146 76 0
146 76 0
146 76 0
146 76 0
146 76 0
144 76 0
144 76 0
144 75 0
144 75 0
144 75 0
144 75 0
144 75 0
142 75 0
142 75 0
142 75 0
142 75 0
142 76 0
142 76 0
142 76 0
140 76 0
140 76 0
140 76 0
140 76 0
140 77 0
140 77 0
140 77 0
140 77 0
138 77 0
138 77 0
138 78 0
138 78 0
138 79 0
138 79 0
138 79 0
137 80 0
137 80 0
137 80 0
137 80 0
137 80 0
137 80 0
135 80 0
135 80 0
135 82 0
135 82 0
135 83 0
135 84 0
135 84 0
134 84 0
134 86 0
134 86 0
134 86 0
134 86 0
134 86 0
134 87 0
133 87 0
133 86 0
133 87 0
133 88 0
133 90 0
133 90 0
133 90 0
132 90 0
132 91 0
132 91 0
132 91 0
132 91 0
132 92 0
132 92 0
132 92 0
132 93 0
132 94 0
132 94 0
132 96 0
132 97 0
131 97 0
131 97 0
131 99 0
131 99 0
131 100 0
131 100 0
130 100 0
130 100 0
130 101 0
130 101 0
130 101 0
130 101 0
130 101 0
129 102 0
129 102 0
129 102 0
129 102 0
129 102 0
129 102 0
128 102 0
128 102 0
128 103 0
128 103 0
128 104 0
128 104 0
128 104 0
127 105 0
127 105 0
127 106 0
127 106 0
127 106 0
127 106 0
127 106 0
126 107 0
126 107 0
126 108 0
126 108 0
126 108 0
126 109 0
125 109 0
125 109 0
125 109 2
125 109 0
125 109 0
125 110 0
125 110 0
125 110 0
125 110 0
125 110 0
125 110 0
125 110 0
125 110 0
126 110 0
126 110 0
126 110 0
126 110 1
126 110 0
126 110 0
126 110 0
127 110 0
127 110 0
127 110 0
127 110 0
127 110 0
127 110 0
128 110 0
128 110 0
128 110 0
128 108 0
128 108 0
128 108 0
129 108 0
129 108 0
129 108 0
129 107 0
129 107 0
129 107 0
129 107 0
130 107 0
130 106 0
130 106 0
130 106 0
130 106 0
130 104 0
131 104 0
131 104 0
131 104 0
131 103 0
131 103 0
131 103 0
132 103 0
132 100 0
132 100 0
132 100 0
132 100 0
132 99 0
132 99 0
133 99 0
133 98 0
133 98 0
133 98 0
133 96 0
133 96 0
133 96 0
134 96 0
134 96 0
134 95 0
134 95 0
134 94 0
134 91 0
135 91 0
135 91 0
135 91 0
135 91 0
135 91 0
135 89 0
136 89 0
136 89 0
136 89 0
136 89 0
136 89 0
136 89 0
136 89 0
136 89 0
136 87 0
136 87 0
136 87 0
136 86 0
136 86 0
137 86 0
137 86 0
137 86 0
137 86 0
137 84 0
137 84 0
138 84 0
138 83 0
138 83 0
138 82 0
138 82 0
138 82 0
139 82 0
139 82 0
139 81 0
139 81 0
139 81 0
139 80 0
140 80 0
140 80 0
140 80 0
140 80 0
140 80 0
140 80 0
140 80 0
141 80 0
141 80 0
141 81 0
141 81 0
141 81 0
141 81 0
142 81 0
142 81 0
142 81 0
142 81 0
142 81 0
142 80 0
143 79 0
143 79 0
143 79 0
143 80 0
143 80 0
143 80 0
144 80 0
144 81 0
144 81 0
144 81 0
144 81 0
144 81 0
145 81 0
145 81 0
145 81 0
145 81 0
145 81 0
145 81 0
146 81 0
146 81 0
146 81 0
146 81 0
146 82 0
147 82 0
147 82 0
147 82 0
147 82 0
147 82 0
147 82 0
148 82 0
148 82 0
148 82 0
148 82 0
148 82 0
148 82 0
149 82 0
149 82 0
149 82 0
149 82 0
149 82 0
149 83 0
149 83 0
149 83 0
149 83 0
149 83 0
149 83 0
150 84 0
150 84 0
150 84 0
150 84 0
150 84 0
150 84 1
151 84 0
151 84 0
151 84 0
151 84 0
151 84 0
151 84 0
152 84 0
152 84 0
152 84 0
152 84 0
152 84 0
152 84 0
153 84 0
153 84 0
153 84 0
153 84 0
153 84 0
153 84 0
154 84 0
154 83 0
154 83 0
154 83 0
154 83 0
156 83 0
156 82 0
156 82 0
156 82 0
156 82 0
158 82 0
158 82 0
158 81 0
158 81 0
159 81 0
159 81 0
159 81 0
159 81 0
159 80 0
159 80 0
160 80 0
160 80 0
160 80 0
160 80 0
160 79 0
160 79 0
161 79 0
161 79 0
161 79 0
161 79 0
161 79 0
162 79 0
162 79 0
162 79 0
162 79 0
162 79 0
163 79 0
163 79 0
163 79 0
163 79 0
163 79 0
163 79 0
164 79 0
164 79 0
164 79 0
164 79 0
164 79 0
165 79 0
165 79 0
165 79 0
165 79 0
165 79 0
166 79 0
166 79 0
166 79 0
166 79 0
166 79 0
167 79 0
167 79 0
167 79 0
167 80 0
167 80 0
168 80 0
168 80 0
168 80 0
168 80 0
168 80 0
169 81 0
169 81 0
169 81 0
169 81 0
171 81 0
171 81 0
171 82 0
171 82 0
172 82 0
172 82 0
172 82 0
172 82 0
172 83 0
174 83 0
174 83 0
174 83 0
174 83 0
175 83 0
175 83 0
175 83 0
175 83 0
175 83 0
176 83 0
176 83 0
176 83 0
176 83 0
176 83 0
177 82 0
177 82 0
177 82 0
177 82 0
178 82 0
178 82 0
178 82 0
178 82 0
178 82 0
178 82 0
178 82 0
178 81 0
178 81 0
178 81 0
179 81 0
179 81 0
179 81 0
179 80 0
180 80 0
180 80 0
180 80 0
180 80 0
180 80 0
180 80 0
181 80 0
181 80 0
181 80 0
181 80 0
181 80 0
182 80 0
182 80 0
182 80 0
182 80 0
182 80 0
182 80 0
182 80 0
182 80 0
182 80 0
182 80 0
184 80 0
184 80 0
184 80 0
184 80 0
185 80 0
185 81 0
185 81 0
185 81 0
185 81 0
185 81 0
185 81 0
185 81 1
185 81 0
185 81 0
186 81 0
186 81 0
186 81 0
186 81 0
187 81 0
187 81 0
187 81 0
187 81 0
187 81 0
188 81 0
188 81 0
188 81 0
188 81 0
188 81 0
189 81 0
189 81 0
189 81 0
189 81 0
189 81 0
190 81 0
190 81 0
190 81 0
190 81 0
190 81 0
191 81 0
191 82 0
191 82 0
191 82 0
191 82 0
192 82 0
192 82 0
192 82 0
192 82 0
192 82 0
193 82 0
193 82 0
193 82 0
193 82 0
194 82 0
194 82 0
194 82 0
194 82 0
194 82 0
195 82 0
195 82 0
195 82 0
195 82 0
196 82 0
196 82 0
196 82 0
196 82 0
196 82 0
197 82 0
197 82 0
197 82 0
197 82 0
197 82 0
197 82 0
197 82 0
197 82 0
197 82 0
197 82 0
199 82 0
199 82 0
199 82 0
199 82 0
200 82 0
200 82 0
200 82 0
200 82 0
201 82 0
201 82 0
201 82 0
201 82 0
201 82 0
202 82 0
202 82 0
202 82 0
202 82 0
202 82 0
203 82 0
203 82 0
203 82 0
203 82 0
205 82 0
205 82 0
205 82 0
205 82 0
206 82 0
206 82 0
206 82 0
206 82 0
206 82 0
207 82 0
207 82 0
207 82 0
207 82 0
207 82 0
208 82 0
208 83 0
208 83 0
208 83 0
209 83 0
209 83 0
209 83 0
209 83 0
211 83 0
211 83 0
211 83 0
211 83 0
211 83 0
211 83 0
211 83 0
211 83 0
211 83 0
212 83 0
212 83 0
212 83 0
212 83 0
212 83 0
213 83 0
213 83 0
213 83 0
213 83 0
213 83 0
214 83 0
214 83 0
214 83 0
214 83 0
214 83 0
215 83 0
215 83 0
215 83 0
215 83 0
215 83 0
216 83 0
216 83 0
216 83 0
216 83 0
216 82 0
217 82 0
217 82 0
217 82 0
217 82 0
217 82 0
218 82 0
218 82 0
218 82 0
218 82 0
218 82 0
219 82 0
219 82 0
219 82 0
219 82 0
219 82 0
220 82 0
220 82 0
220 82 2
220 82 0
220 82 0
221 82 0
221 82 0
221 82 0
221 82 0
221 82 0
223 82 0
223 82 0
223 82 0
223 82 0
224 82 0
224 82 0
224 82 0
224 82 0
224 81 0
226 81 0
226 81 0
226 81 0
226 81 0
227 81 0
227 81 0
227 81 0
227 81 0
227 81 0
228 81 0
228 80 0
228 80 0
228 80 0
228 80 0
230 80 0
230 80 0
230 80 0
230 80 0
230 80 0
232 80 0
232 80 0
232 80 0
232 80 0
232 79 0
234 79 0
234 79 0
234 79 0
234 79 0
235 79 0
235 77 0
235 77 0
235 77 0
235 77 0
237 77 0
237 77 0
237 76 0
237 76 0
237 76 0
239 76 2
239 76 0
239 76 0
239 75 0
239 75 0
240 75 0
240 75 0
240 75 0
240 75 0
240 74 0
241 74 0
241 74 0
241 74 0
241 74 0
241 74 0
243 73 0
243 73 0
243 73 0
243 73 0
243 73 0
244 73 0
244 73 0
244 73 0
244 73 0
244 73 0
246 73 0
246 73 0
246 73 0
246 74 0
248 74 0
248 74 0
248 74 0
248 74 0
248 74 0
250 74 0
250 74 0
250 74 0
250 74 0
253 74 0
253 74 0
253 74 0
253 75 0
253 75 0
255 75 0
255 75 0
255 75 0
255 75 0
257 75 0
257 76 0
257 76 0
257 76 0
360 76 0
363 76 0
367 76 0
369 75 0
375 75 0
380 75 0
384 75 0
386 75 0
388 75 0
390 74 0
393 74 0
396 74 0
398 74 0
401 74 0
403 74 0
406 73 0
406 73 0
407 73 0
408 73 0
408 73 0
409 73 0
409 72 0
409 72 0
411 72 0
411 72 0
411 72 0
412 72 0
412 71 0
412 71 0
413 71 0
413 71 0
413 71 0
414 71 0
414 70 0
414 70 0
414 70 0
414 70 2
414 70 0
414 70 0
414 69 0
414 69 0
414 69 0
414 69 0
414 69 0
414 69 0
414 68 0
414 68 0
414 68 0
413 68 0
413 68 0
413 68 0
412 68 0
411 68 0
411 68 0
410 68 0
408 68 0
408 68 0
408 68 0
407 67 0
407 67 0
405 67 0
405 67 0
404 67 0
404 67 0
403 66 0
402 66 0
401 66 0
400 66 0
400 66 0
399 66 0
398 66 0
397 66 0
395 66 0
393 66 0
390 66 0
390 66 0
389 66 0
385 65 0
384 65 0
383 65 0
381 65 0
381 65 0
381 65 0
381 64 0
381 64 0
381 64 0
381 64 0
379 64 0
379 64 0
379 64 0
379 63 0
379 63 0
379 63 0
379 63 0
377 63 0
377 63 0
377 63 0
377 62 0
377 62 0
377 62 0
377 62 0
377 62 0
376 62 2
376 62 0
376 61 0
376 61 0
376 61 0
376 61 0
376 61 0
375 61 0
375 61 0
375 61 0
375 61 0
375 61 0
375 61 0
373 61 0
373 61 0
373 61 0
373 62 0
373 62 0
373 62 0
372 62 0
372 62 0
372 62 0
372 63 0
372 63 0
372 63 0
372 63 0
370 63 0
370 64 0
370 64 0
370 64 0
370 64 0
370 64 0
369 65 0
369 65 0
369 65 0
369 65 0
369 65 0
369 66 0
369 66 0
367 66 0
367 66 0
367 66 0
367 66 0
367 66 0
367 66 0
367 66 0
366 66 0
366 66 0
366 66 0
366 66 0
366 66 0
366 66 0
363 66 0
363 66 0
363 66 0
363 66 0
363 66 0
363 66 0
363 66 0
361 66 0
361 66 0
361 66 0
361 66 0
361 66 0
361 66 0
361 66 0
359 66 0
359 66 0
359 66 0
359 66 0
359 67 0
359 67 0
358 67 0
358 67 0
358 67 0
358 67 2
358 67 0
358 67 0
358 67 0
356 67 0
356 67 0
356 67 0
356 67 0
356 67 0
356 67 0
356 67 0
355 67 0
355 67 0
355 67 0
355 67 0
355 67 0
355 66 0
354 66 0
354 66 0
354 66 0
354 66 0
354 66 0
354 66 0
353 66 0
353 66 0
353 66 0
353 66 0
353 66 0
353 66 0
353 65 0
353 65 0
353 65 0
353 65 0
353 65 0
353 65 0
353 65 0
352 65 0
352 65 0
352 65 0
352 65 0
352 65 0
352 65 0
350 65 0
350 64 0
350 64 0
350 64 0
350 64 0
350 64 0
349 64 0
349 64 0
349 64 0
349 64 0
349 64 0
349 64 0
348 64 0
348 64 0
348 64 0
348 64 0
348 64 0
348 64 0
348 64 0
346 64 0
346 64 0
346 64 0
346 64 0
346 64 0
346 64 0
345 64 0
345 64 0
345 64 0
345 64 0
345 64 0
345 64 0
344 64 0
344 64 0
344 64 0
344 64 0
344 64 0
344 64 0
343 64 0
343 64 0
343 64 0
343 64 0
343 64 0
343 64 0
342 64 0
342 64 0
342 64 0
342 64 0
342 64 2
342 63 0
340 63 0
340 63 0
340 63 0
340 63 0
340 63 0
340 63 0
338 63 0
338 63 0
338 63 0
338 63 0
338 63 0
338 63 0
337 62 0
337 62 0
337 62 0
337 62 0
337 62 0
337 62 0
335 62 0
335 62 0
335 62 0
335 62 0
335 62 0
335 62 0
333 62 0
333 62 0
333 62 0
333 62 0
333 62 0
333 62 0
331 62 0
331 62 0
331 62 0
331 62 0
331 62 0
331 62 0
329 62 0
329 62 0
329 61 0
329 61 0
329 61 0
327 61 0
327 61 0
327 61 0
327 61 0
327 61 0
327 61 0
325 61 0
325 61 0
325 61 0
325 61 0
325 61 0
323 61 0
323 61 0
323 61 0
323 61 0
323 61 0
319 61 0
319 61 0
319 61 2
319 61 0
319 61 0
317 61 0
317 61 0
317 61 0
317 61 0
317 61 0
313 61 0
313 60 0
313 60 0
313 60 0
313 60 0
310 60 0
310 60 0
310 60 0
310 60 0
306 60 0
306 60 0
306 60 0
306 60 0
306 60 0
302 60 0
302 60 0
302 60 0
225 60 0
222 60 0
222 60 0
220 60 0
218 60 0
217 60 0
217 60 0
215 60 0
214 60 0
213 59 0
212 59 0
211 59 0
210 59 0
208 59 0
208 59 0
207 59 0
205 59 0
205 59 0
205 59 0
203 59 0
203 59 0
202 59 0
201 59 0
201 59 0
201 59 0
201 59 0
201 59 0
201 59 0
201 59 0
201 59 0
199 58 0
199 58 0
199 58 0
199 58 0
199 58 0
199 58 0
199 58 0
199 58 0
199 58 0
199 58 0
198 58 0
198 58 0
198 58 0
198 58 0
198 58 0
198 58 0
198 58 0
197 58 0
197 58 0
197 58 0
197 58 0
197 58 0
197 58 0
197 58 0
197 58 0
196 58 0
196 58 0
196 58 0
196 57 0
196 57 0
196 57 0
196 57 0
195 57 0
195 57 0
195 57 0
195 57 0
195 57 0
195 57 0
195 57 0
195 57 0
194 57 0
194 57 0
194 57 0
194 57 0
194 57 0
194 57 0
194 57 0
194 57 0
194 57 0
194 57 0
194 57 0
194 57 0
194 57 0
194 57 0
194 57 0
193 57 0
193 57 0
193 57 0
193 57 0
193 57 0
193 57 0
193 56 0
193 56 0
193 56 0
192 56 0
192 56 0
192 55 0
192 55 0
192 55 0
192 55 0
192 55 0
192 55 0
192 54 0
192 54 0
192 54 0
192 54 0
192 54 0
192 54 0
192 54 0
191 54 0
191 54 0
191 54 0
191 54 0
191 54 0
191 54 0
191 54 0
191 54 0
191 54 0
191 54 0
191 54 0
191 54 0
191 54 0
191 54 0
190 54 0
190 54 0
190 54 0
190 54 0
190 54 0
190 54 0
190 54 0
190 54 0
190 53 0
190 53 0
190 53 0
190 53 0
190 53 0
190 53 0
189 53 0
189 53 0
189 53 0
189 53 0
189 53 0
189 53 0
189 53 0
189 53 1
189 53 0
189 53 0
189 53 0
189 53 0
189 53 0
189 53 0
188 53 0
188 53 0
188 53 0
188 53 0
188 53 0
188 53 0
188 53 0
188 53 0
188 53 0
188 53 0
188 53 0
188 53 0
188 53 0
188 53 0
187 53 0
187 53 0
187 53 0
187 53 0
187 53 0
187 53 0
187 53 0
187 53 0
187 53 0
187 53 0
187 53 0
187 53 0
187 53 0
186 53 0
186 53 0
186 53 0
186 53 0
186 53 0
186 53 0
186 53 0
186 53 0
186 53 0
186 53 0
186 53 0
186 53 0
186 53 0
186 53 0
185 53 0
185 53 0
185 53 0
185 53 0
185 53 0
185 53 0
185 53 0
184 53 0
184 53 0
184 53 0
184 53 0
184 53 0
184 53 0
184 53 0
183 53 0
183 53 0
183 53 0
183 53 0
183 53 0
183 53 0
183 53 0
183 53 0
182 53 0
182 53 0
182 53 0
182 53 0
182 53 0
182 53 0
182 53 0
181 53 0
181 53 0
181 53 0
181 53 0
181 53 0
181 53 0
181 53 0
181 53 0
181 53 0
181 53 0
181 53 0
181 53 0
181 53 0
181 53 0
180 53 0
180 53 0
180 53 0
180 53 0
180 53 0
180 53 0
180 53 0
179 53 0
179 53 0
179 53 0
179 53 0
179 53 0
179 53 0
179 53 0
178 53 0
178 53 0
178 53 0
178 53 0
178 53 0
178 53 0
178 53 0
178 53 0
178 54 0
178 54 0
178 54 0
178 54 0
178 54 0
178 54 0
177 55 0
177 55 0
177 55 0
177 55 0
177 55 0
177 55 0
177 55 0
176 55 0
176 55 0
176 55 0
176 55 0
176 55 0
176 55 0
176 55 0
176 55 0
176 55 0
176 55 0
176 55 0
176 55 0
176 55 0
176 55 0
175 54 0
175 54 0
175 54 0
175 54 0
175 54 0
175 54 0
175 54 0
175 54 0
175 54 0
175 54 0
175 54 0
175 54 0
175 54 0
175 53 0
175 53 0
175 53 0
175 53 0
175 53 0
175 53 0
175 52 0
175 52 0
175 52 0
175 52 0
175 52 0
175 52 0
175 52 0
175 52 0
175 52 0
174 52 0
174 52 0
174 52 0
174 52 0
174 52 0
174 52 0
174 52 1
174 54 0
174 54 0
174 54 0
174 54 0
174 54 0
174 54 0
174 54 0
173 53 0
173 53 0
173 53 0
173 53 0
173 53 0
173 53 0
173 53 0
173 53 0
173 53 0
173 53 0
173 53 0
173 53 0
173 53 0
173 53 0
172 53 0
172 53 0
172 53 0
172 54 0
172 54 0
172 54 0
172 54 0
172 54 0
172 54 0
172 54 0
172 55 0
172 55 0
172 55 0
172 55 0
171 55 0
171 56 0
171 57 0
171 58 0
171 58 0
171 58 0
171 58 0
171 58 0
171 58 0
171 58 0
171 58 0
171 58 0
171 58 0
170 59 0
170 59 0
170 59 0
170 60 0
170 60 0
170 60 0
170 60 0
170 60 0
169 60 0
169 61 0
169 61 0
169 61 0
169 61 0
169 61 0
169 62 0
169 63 0
169 64 0
169 64 0
169 65 0
169 65 0
169 66 0
169 66 0
169 66 0
169 66 0
169 66 0
169 66 0
169 67 0
169 68 0
169 68 0
168 70 0
168 70 0
168 70 0
168 71 0
168 71 0
168 71 0
168 71 0
168 71 0
168 71 0
168 72 0
168 73 0
168 74 0
168 74 0
168 74 0
167 74 0
167 74 0
167 75 0
167 76 0
167 76 0
167 78 0
167 78 0
167 78 0
167 78 0
167 79 0
167 80 0
167 80 0
167 81 0
167 81 0
167 81 0
167 83 0
167 84 0
167 84 0
167 85 0
167 85 1
167 85 0
165 85 0
165 85 0
165 86 0
165 86 0
165 86 0
165 87 0
165 87 0
165 88 0
164 89 0
164 90 0
164 91 0
164 92 0
164 94 0
164 94 0
164 95 0
164 97 0
164 98 0
164 98 0
164 99 0
164 100 0
164 101 0
164 101 0
163 101 0
163 103 0
163 105 0
163 105 0
163 105 0
163 105 0
163 106 0
163 106 0
162 107 0
162 107 0
162 108 0
162 108 0
162 108 0
162 108 0
162 109 0
161 109 0
161 109 0
161 110 0
161 110 0
161 110 0
161 110 0
161 110 0
161 110 0
161 111 0
161 111 0
161 112 0
161 112 0
161 112 0
161 112 0
160 112 0
160 112 0
160 112 0
160 112 0
160 112 0
160 112 0
160 113 0
160 116 0
160 116 0
160 117 0
160 117 0
160 117 0
160 117 0
160 117 0
159 117 0
159 117 0
159 118 0
159 118 0
159 118 0
159 118 0
159 119 0
159 119 0
159 119 0
159 120 0
159 120 0
159 120 0
159 120 0
159 120 0
159 120 0
159 120 0
159 120 0
159 120 0
159 120 0
159 120 0
159 120 0
158 120 0
158 121 0
158 121 0
158 121 0
158 121 0
158 121 0
158 121 0
158 121 0
158 121 0
158 121 0
158 121 0
158 121 0
158 120 0
158 120 0
158 120 1
157 120 0
157 121 0
157 122 0
157 122 0
157 122 0
157 121 0
157 121 0
157 121 0
157 121 0
157 121 0
157 121 0
157 121 0
157 121 0
157 121 0
157 120 0
157 120 0
157 120 0
157 120 0
157 120 0
157 120 0
157 120 0
157 120 0
157 120 0
156 120 0
156 120 0
156 120 0
156 120 0
156 120 0
156 120 0
156 119 0
156 119 0
156 119 0
156 119 0
156 119 0
156 119 0
156 119 0
156 119 0
155 120 0
155 120 0
155 120 0
155 118 0
155 118 0
155 118 0
155 118 0
154 118 0
154 118 0
154 118 0
154 118 0
154 118 0
154 118 0
154 118 0
154 118 0
154 118 0
154 117 0
154 116 0
154 115 0
154 114 0
154 114 0
154 113 0
154 112 0
154 112 0
154 111 0
154 110 0
154 109 0
154 108 0
153 108 0
153 108 0
153 107 0
153 107 0
153 107 0
153 107 0
153 106 0
153 105 0
153 105 0
153 103 0
153 102 0
153 101 0
153 99 0
152 98 0
152 96 0
152 96 0
152 95 2
152 94 0
152 94 0
151 93 0
151 92 0
151 92 0
151 91 0
151 90 0
151 89 0
151 89 0
149 86 0
149 85 0
149 85 0
149 83 0
149 81 0
149 81 0
149 81 0
149 80 0
148 80 0
148 79 0
148 79 0
148 79 0
148 79 0
148 79 0
148 79 0
147 79 0
147 79 0
147 79 0
147 79 1
147 79 0
147 79 0
147 79 0
147 79 0
146 77 0
146 76 0
146 76 0
146 76 0
146 75 0
146 74 0
146 74 0
145 74 0
145 74 0
145 74 0
145 74 0
145 74 0
145 74 0
145 74 0
145 74 0
144 74 0
144 74 0
144 74 0
144 74 0
144 74 0
144 73 0
144 73 0
144 73 0
144 73 0
144 73 0
144 73 0
144 73 0
144 73 0
144 73 0
143 73 0
143 72 0
143 72 0
143 72 0
143 73 0
143 73 0
143 73 0
143 73 0
143 73 0
143 73 0
143 73 0
143 73 0
143 73 0
143 73 0
143 73 0
143 72 0
143 72 0
143 72 0
143 72 0
143 72 0
143 72 0
143 72 0
143 72 0
143 72 0
143 72 0
143 72 0
143 72 0
143 72 0
143 72 0
143 72 0
143 72 0
143 72 0
143 72 0
143 71 0
143 71 0
143 71 0
143 71 0
143 71 0
143 71 0
143 70 0
143 70 0
143 69 0
143 69 0
144 69 0
144 69 0
144 69 0
144 69 0
144 69 0
144 69 0
144 69 0
144 69 0
144 68 0
144 68 0
144 68 0
144 68 0
144 68 0
144 68 0
144 68 0
145 68 0
145 68 0
145 68 0
145 68 0
145 67 0
145 66 0
145 66 0
145 66 0
146 66 0
146 65 0
146 65 0
146 65 0
146 65 0
146 65 0
146 65 0
146 65 0
146 65 0
146 64 0
146 64 0
146 64 0
146 63 0
146 63 0
146 63 0
146 63 0
146 63 0
146 62 0
146 62 0
146 62 0
146 62 0
147 62 0
147 62 0
147 62 0
147 62 0
147 62 0
147 62 0
147 62 0
147 62 0
147 62 0
147 62 0
147 61 0
147 61 0
147 61 0
149 61 0
149 61 0
149 62 0
149 62 0
149 62 0
149 62 0
149 62 0
149 62 0
149 62 0
149 62 0
149 63 0
149 63 0
149 63 0
150 63 0
150 63 0
150 63 0
150 63 0
150 64 0
150 64 0
151 64 0
151 64 0
151 64 0
151 64 0
151 64 0
151 64 0
152 64 0
152 64 0
152 64 0
152 65 1
152 65 0
152 65 0
152 65 0
153 65 0
153 65 0
153 65 0
153 65 0
153 65 0
153 65 0
154 65 0
154 66 0
154 67 0
154 67 0
154 67 0
154 67 0
154 67 0
154 67 2
154 67 0
154 67 0
154 67 0
154 67 0
154 67 0
153 67 0
153 67 0
153 67 0
153 67 0
153 68 0
153 68 0
153 68 0
152 68 0
152 69 0
152 69 0
152 71 0
152 71 0
152 71 0
151 71 0
151 71 0
151 71 0
151 71 0
151 71 0
151 71 0
151 71 0
149 71 0
149 71 0
149 71 0
149 71 0
149 71 0
149 71 0
149 71 0
147 72 0
147 72 0
147 72 0
147 72 0
147 73 0
147 73 0
146 73 0
146 73 0
146 73 0
146 74 0
146 74 0
146 74 0
146 74 0
145 74 0
145 74 0
145 74 0
145 74 0
145 75 0
145 75 0
145 75 0
145 75 0
144 75 0
144 75 0
144 75 0
144 75 0
144 75 0
144 75 0
144 75 0
144 75 0
144 75 0
144 76 0
144 76 0
144 76 0
144 76 0
144 77 0
145 77 0
145 77 0
145 77 0
145 77 0
145 77 0
145 78 0
145 78 0
146 79 0
146 80 0
146 80 0
146 80 0
146 80 0
146 80 0
146 80 0
146 80 0
147 80 0
147 81 0
147 82 0
147 82 0
147 82 0
147 83 0
147 83 0
147 83 0
147 83 0
147 84 0
147 84 0
147 85 0
147 85 0
147 85 0
148 85 0
148 85 0
148 85 0
148 85 0
148 86 0
148 86 0
148 86 0
148 86 0
150 86 0
150 86 0
150 87 0
150 87 0
150 88 0
150 88 0
150 89 0
150 89 0
150 90 0
150 90 0
150 90 0
150 91 0
150 91 0
150 92 0
151 92 0
151 93 0
151 93 0
151 93 0
151 93 0
151 93 0
152 94 0
152 94 0
152 95 0
152 95 0
152 95 0
152 96 0
152 96 0
153 96 0
153 97 0
153 97 0
153 97 0
153 97 0
153 97 0
154 98 0
154 98 0
154 98 0
154 98 0
154 98 0
154 99 0
154 99 0
154 100 0
154 100 0
154 101 0
154 101 0
154 101 0
154 101 0
155 102 0
155 102 0
155 103 0
155 104 0
155 104 0
155 104 0
155 105 0
155 105 0
155 105 0
155 105 0
155 105 0
155 105 0
155 105 0
156 105 0
156 106 0
156 106 0
156 106 0
156 106 0
156 106 0
157 106 0
157 106 0
157 106 0
157 106 0
157 107 0
157 107 0
158 107 0
158 107 0
158 107 0
158 108 0
158 108 0
158 108 0
158 109 0
158 109 0
158 110 0
158 110 0
158 110 0
158 110 0
158 110 0
158 110 0
159 110 0
159 110 0
159 110 0
159 111 0
159 111 0
159 111 0
160 111 0
160 111 0
160 111 0
160 111 0
160 111 0
160 111 0
160 111 0
161 111 0
161 111 0
161 111 0
161 112 0
161 112 0
161 112 0
163 112 0
163 112 0
163 112 0
163 113 0
163 113 0
163 113 0
163 113 0
163 113 0
163 113 0
163 113 0
163 114 0
163 114 0
163 114 0
164 114 0
164 114 0
164 114 0
164 114 0
164 115 0
164 115 0
165 115 0
165 115 0
165 115 0
165 115 0
165 116 0
165 116 0
165 116 0
165 116 0
165 116 0
165 116 0
165 117 0
165 117 0
165 117 0
166 117 0
166 117 0
166 117 0
166 117 0
166 118 0
166 118 0
167 118 0
167 118 0
167 118 0
167 118 0
167 119 0
167 119 0
167 119 0
167 119 0
167 119 0
167 119 0
167 120 0
167 120 0
167 120 0
166 120 0
=== ini section ===
level_name=The wet cavern
drop_min_start_speed=3
drop_max_start_speed=4
drop_start_prob=44
