1
1
0
56
56
828254720
63
1063386880
96 82 0
94 82 0
95 82 0
96 82 0
97 81 0
97 81 0
98 81 0
99 81 0
99 80 0
100 80 0
100 79 0
101 79 0
101 78 0
102 78 0
102 78 0
103 78 0
103 78 0
104 78 0
104 78 0
106 78 0
106 77 0
107 77 0
107 77 0
107 77 0
107 77 0
107 77 0
107 77 0
108 76 0
108 76 0
108 76 0
108 76 0
108 76 0
108 76 0
108 76 0
108 76 0
108 76 0
108 76 0
108 76 0
108 76 0
108 75 0
108 75 0
108 75 0
108 75 0
108 75 0
108 75 0
108 75 0
108 75 0
108 75 0
108 75 0
108 75 0
108 75 0
107 75 0
107 75 0
107 75 0
106 75 0
106 75 0
106 75 0
105 75 0
105 75 0
105 75 0
105 75 0
105 75 0
105 75 0
104 75 0
104 75 0
103 75 0
103 75 0
103 75 0
102 75 0
101 75 0
101 75 0
100 75 0
100 75 0
99 75 0
99 75 0
98 75 0
98 75 0
98 75 0
98 75 0
97 75 0
97 75 0
96 75 0
96 75 0
95 75 0
95 76 0
94 76 0
94 76 0
93 76 0
93 76 0
93 76 0
93 76 0
93 76 0
93 77 0
92 77 0
92 77 0
92 77 0
92 77 0
92 77 0
92 77 0
92 77 0
92 78 0
92 78 0
92 78 0
93 78 0
93 78 0
94 78 0
94 78 0
94 79 0
95 79 0
96 79 0
96 79 0
96 79 0
97 80 0
98 80 0
98 80 0
99 80 0
100 80 0
100 81 0
101 81 0
101 81 0
102 81 0
103 82 0
103 82 0
103 82 0
103 82 0
103 82 0
103 82 0
103 82 0
103 82 0
103 83 0
103 83 0
103 83 0
103 83 0
102 83 0
102 84 0
101 84 0
100 84 0
100 84 0
99 85 0
99 85 0
98 86 0
98 86 0
97 86 0
97 86 0
97 86 0
97 86 0
96 87 0
96 87 0
96 87 0
95 88 0
95 88 0
95 89 0
95 89 0
95 89 0
95 90 0
95 90 0
94 90 0
94 91 0
94 91 0
94 91 0
94 92 0
94 92 0
94 93 0
94 93 0
94 93 0
95 94 0
96 94 0
98 95 0
98 95 0
99 95 0
99 95 0
101 95 0
101 96 0
103 97 0
103 97 0
103 97 0
105 98 0
105 98 0
106 98 0
106 99 0
108 99 0
108 100 0
108 100 0
108 101 0
109 101 0
109 101 0
110 101 0
110 102 0
108 102 0
108 103 0
107 103 0
106 103 0
105 103 0
105 104 0
104 104 0
104 104 0
104 104 0
102 104 0
102 104 0
99 105 0
99 105 0
99 106 0
98 106 0
98 107 0
98 107 0
96 108 0
96 108 0
96 108 0
96 110 0
96 110 0
95 110 0
95 111 0
95 111 0
95 112 0
93 112 0
93 112 0
93 113 0
93 113 0
92 113 0
92 113 0
92 113 0
91 114 0
91 114 0
91 114 0
90 114 0
90 114 0
90 115 0
90 115 0
89 115 0
89 115 0
89 115 0
89 116 0
89 116 0
89 116 0
89 116 0
89 116 0
90 116 0
91 116 0
92 117 0
95 117 0
95 117 0
96 117 0
98 117 0
98 117 0
98 117 0
99 117 0
99 117 0
100 117 0
100 117 0
101 117 0
101 117 0
101 117 0
101 117 0
101 117 0
101 117 0
101 117 0
101 117 0
100 117 0
100 117 0
99 117 0
98 117 0
98 117 0
97 117 0
96 117 0
93 117 0
93 117 0
93 117 0
92 117 0
92 117 0
92 117 0
89 117 0
89 117 0
89 117 0
89 117 0
87 117 0
87 117 0
85 117 0
85 117 0
85 117 0
85 117 0
83 117 0
83 117 0
83 117 0
82 117 0
82 117 0
82 117 0
82 117 0
80 117 0
80 117 0
80 117 0
79 117 0
79 117 0
79 117 0
79 117 0
79 117 0
78 117 0
78 117 0
78 117 0
78 117 0
81 117 0
81 117 0
83 117 0
85 117 0
85 117 0
85 117 0
87 117 0
88 117 0
88 117 0
88 117 0
90 117 0
90 117 0
91 117 0
91 117 0
91 117 0
92 117 0
92 117 0
92 117 0
93 117 0
93 117 0
93 117 0
93 117 0
93 117 0
93 117 0
93 117 0
93 117 0
93 117 0
93 117 0
93 117 0
93 117 0
92 117 0
92 117 0
91 117 0
91 117 0
90 117 0
90 117 0
89 117 0
89 117 0
88 117 0
88 117 0
88 117 0
86 117 0
86 117 0
86 117 0
85 117 0
85 117 0
85 118 0
84 118 0
84 118 0
84 118 0
82 119 0
82 119 0
82 119 0
82 120 0
80 120 0
80 120 0
80 121 0
79 121 0
79 122 0
79 122 0
78 122 0
78 124 0
78 124 0
77 124 0
77 125 0
77 125 0
78 125 0
78 127 0
80 127 0
80 127 0
82 127 0
82 128 0
82 128 0
85 128 0
85 131 0
86 131 0
86 131 0
86 131 0
88 132 0
88 132 0
88 134 0
90 134 0
90 134 0
90 135 0
90 135 0
90 135 0
90 137 0
90 137 0
90 139 0
88 139 0
88 140 0
87 140 0
87 142 0
85 142 0
85 142 0
85 144 0
84 145 0
83 145 0
83 146 0
82 146 0
82 147 0
82 147 0
80 149 0
80 149 0
80 149 0
80 149 0
80 149 0
80 149 0
80 150 0
80 150 0
80 150 0
80 150 0
80 150 0
80 151 0
79 151 0
79 151 0
79 151 0
79 151 0
79 152 0
79 152 0
78 152 0
78 152 0
78 152 0
78 152 0
78 153 0
78 153 0
78 153 0
78 153 0
78 153 0
78 153 0
78 153 0
78 153 0
78 153 0
78 153 0
78 154 0
78 154 0
78 154 0
78 154 0
78 154 0
80 154 0
80 155 0
80 155 0
80 155 0
80 155 0
80 155 0
82 156 0
82 156 0
82 156 0
82 156 0
82 156 0
82 156 0
85 157 0
85 157 0
85 157 0
85 157 0
85 157 0
85 157 0
87 157 0
87 157 0
87 157 0
87 157 0
87 157 0
87 158 0
88 158 0
88 158 0
88 158 0
88 158 0
88 158 0
88 158 0
89 158 0
89 158 0
89 158 0
89 158 0
89 158 0
89 158 0
90 159 0
90 159 0
90 159 0
90 159 0
90 159 0
91 159 0
91 159 0
91 159 1
91 159 0
91 159 0
91 159 0
91 159 0
91 159 0
91 159 0
91 159 0
91 159 0
91 159 0
91 159 0
91 160 0
91 160 0
90 160 0
90 160 0
90 160 0
90 160 0
90 160 0
89 160 0
89 160 0
89 160 0
89 160 0
89 160 0
89 160 0
88 160 0
88 160 0
88 160 0
88 160 0
88 160 0
86 160 0
86 160 0
86 160 0
86 160 0
86 160 0
86 160 0
85 160 0
85 160 0
85 160 0
85 160 0
85 160 0
85 160 0
84 160 0
84 160 0
84 160 0
84 160 0
84 160 0
84 160 0
84 160 0
84 160 2
84 160 0
84 160 0
84 160 0
84 160 0
84 160 0
83 160 0
83 160 0
83 160 0
83 160 0
83 160 0
83 160 0
83 160 0
83 160 0
83 159 0
83 159 0
83 159 0
82 159 0
82 159 0
82 159 0
82 159 0
82 159 0
82 159 0
82 159 0
82 159 0
82 159 0
82 159 0
82 159 0
82 159 0
82 159 0
82 159 0
82 159 0
82 159 0
82 159 0
84 158 0
84 158 0
84 158 0
84 158 0
84 158 0
85 158 0
85 158 0
85 158 0
85 158 0
85 157 0
86 157 0
86 157 0
86 157 0
86 157 0
87 157 0
87 157 0
87 157 0
87 157 0
88 157 0
88 156 0
88 156 0
88 156 0
88 156 0
89 156 0
89 155 0
89 155 0
89 155 0
89 155 0
89 155 0
89 155 0
89 155 0
89 155 0
89 155 0
89 155 0
89 155 0
89 155 0
89 154 0
89 154 0
89 154 0
89 154 0
89 154 0
89 154 0
89 153 0
88 153 0
88 153 0
88 153 0
88 153 0
88 153 0
87 152 0
87 152 0
87 152 0
87 152 0
87 152 0
87 152 0
87 152 0
87 152 0
87 152 0
87 152 0
86 152 0
86 151 0
86 151 0
86 151 0
86 151 0
87 151 0
87 151 0
87 150 0
87 150 0
87 150 0
89 150 0
89 150 0
89 150 0
89 150 0
91 150 0
91 150 0
91 150 0
91 150 0
93 150 0
93 149 0
93 149 0
93 149 0
94 149 0
94 149 0
94 149 2
94 149 0
94 149 0
95 149 0
95 149 0
95 148 0
95 148 0
94 148 0
94 148 0
94 148 0
94 148 0
94 148 0
92 148 0
92 148 0
92 148 0
92 148 0
92 148 0
92 148 0
90 148 0
90 148 0
90 148 0
90 148 0
90 148 0
87 148 0
87 148 0
87 148 0
87 148 0
87 148 0
87 148 0
85 149 0
85 149 0
85 149 0
85 149 0
85 149 0
85 149 0
82 149 0
82 149 0
82 149 0
82 149 0
82 149 0
82 150 0
82 150 0
80 150 0
80 150 0
80 150 0
80 150 0
80 150 0
80 150 0
79 150 0
79 150 0
79 150 0
79 150 0
79 150 0
76 150 0
76 150 0
76 150 0
76 150 0
76 150 0
76 150 0
74 150 0
74 150 0
74 150 0
74 150 0
74 150 0
74 150 0
73 150 0
73 150 0
73 150 0
73 150 0
73 150 0
73 150 0
73 150 0
72 150 0
72 150 0
72 150 0
72 150 0
72 150 0
72 150 0
72 150 0
72 150 0
72 149 0
72 149 0
72 149 0
72 149 0
73 149 0
73 148 0
73 148 0
73 148 0
73 148 0
76 148 0
76 148 0
76 147 0
76 147 0
76 147 0
76 147 0
78 147 0
78 145 0
78 145 0
78 145 0
82 145 0
82 145 0
82 145 0
82 145 0
85 144 0
85 144 0
85 144 0
85 144 0
85 144 0
88 144 0
88 142 0
88 142 0
88 142 0
88 142 0
90 142 0
90 142 0
90 141 0
90 141 0
90 141 0
91 141 0
91 141 0
91 141 0
91 140 0
91 140 0
92 140 0
92 140 0
92 140 0
92 139 2
92 139 0
90 139 0
90 139 0
90 139 0
90 138 0
90 138 0
90 138 0
87 138 0
87 138 0
87 138 0
87 138 0
87 138 0
87 138 0
84 138 0
84 137 0
84 137 0
84 137 0
84 137 0
84 137 0
80 137 0
80 137 0
80 137 0
80 137 0
80 136 0
80 136 0
80 136 0
77 136 0
77 136 0
77 135 0
77 135 0
77 135 0
77 135 0
74 135 0
74 134 0
74 134 0
74 134 0
74 134 0
74 134 0
74 132 0
71 132 0
71 132 0
71 132 0
71 132 0
71 131 0
71 131 0
68 131 0
68 131 0
68 131 0
68 131 0
68 131 0
68 131 0
68 131 0
65 131 0
65 131 0
65 131 0
65 131 0
65 131 0
65 131 0
65 131 0
63 130 0
63 130 0
63 130 0
63 130 0
63 130 0
63 130 0
63 130 0
63 130 0
61 130 0
61 130 0
61 130 0
61 130 0
61 130 0
61 130 0
60 130 0
60 130 0
60 130 0
60 130 0
60 130 0
60 130 0
60 130 0
60 130 0
60 130 0
60 130 0
60 130 0
60 130 0
60 130 0
60 131 0
60 131 0
62 131 0
62 131 0
62 131 0
62 131 0
65 131 0
65 131 0
65 131 0
65 131 0
65 131 0
68 131 0
68 131 0
68 131 0
68 131 0
68 131 0
71 131 0
71 131 0
71 131 0
71 131 0
74 131 0
74 131 0
74 131 0
74 131 0
74 132 0
76 132 0
76 132 0
76 132 0
76 132 0
78 132 0
78 132 0
78 132 0
78 132 0
78 132 0
78 132 0
78 132 0
78 133 0
78 133 0
78 133 0
79 133 0
79 133 0
79 133 0
79 133 0
79 133 0
79 133 0
79 133 0
79 133 0
79 133 0
79 133 0
79 133 0
79 133 0
79 133 0
79 133 0
79 133 0
78 133 0
78 133 0
78 133 0
78 133 0
78 133 0
77 133 0
77 133 0
77 133 0
77 133 0
77 133 0
75 133 0
75 133 0
75 133 0
75 133 0
75 133 0
73 133 0
73 133 0
73 133 0
73 133 0
73 133 0
71 133 0
71 133 0
71 133 0
71 133 0
71 133 0
71 133 0
69 133 0
69 133 0
69 132 0
69 132 0
69 132 0
67 132 0
67 131 0
67 131 0
67 131 0
67 131 0
67 131 0
64 131 0
64 130 0
64 130 0
64 130 0
64 130 0
64 130 0
64 129 0
63 129 0
63 129 0
63 129 0
63 129 0
63 127 0
63 127 0
63 127 0
63 127 0
63 127 0
63 126 0
63 126 0
62 126 0
62 126 0
62 126 0
62 125 0
62 125 0
63 125 0
63 125 0
63 125 0
63 124 0
63 124 0
65 124 0
65 124 0
65 124 0
65 124 0
67 123 0
67 123 0
67 123 0
67 123 0
70 123 0
70 122 0
70 122 0
70 122 0
70 122 0
73 122 0
73 122 0
73 121 0
73 121 0
75 121 0
75 121 0
75 121 0
75 121 0
75 120 0
77 120 0
77 120 0
77 120 0
77 120 0
77 119 0
79 119 0
79 119 0
79 119 0
79 119 0
80 119 2
80 118 0
80 118 0
80 118 0
80 118 0
80 118 0
80 118 0
80 118 0
80 118 0
79 118 0
79 118 0
79 118 0
79 118 0
79 118 0
78 118 0
78 118 0
78 119 0
78 119 0
78 119 0
76 119 0
76 119 0
76 120 0
76 120 0
76 120 0
76 120 0
75 120 0
75 121 0
75 121 0
75 121 0
75 121 0
72 121 0
72 121 0
72 121 0
72 121 0
72 121 0
72 121 0
71 123 0
71 123 0
71 123 0
71 123 0
71 123 0
71 123 0
70 124 0
70 124 0
70 124 0
70 124 0
70 124 0
70 125 0
69 125 0
69 125 0
69 125 0
69 125 0
69 126 0
71 126 0
71 126 0
71 126 0
71 126 0
71 126 0
75 126 0
75 127 0
75 127 0
75 127 0
77 127 0
77 127 0
77 127 0
77 129 0
80 129 0
80 129 0
80 129 0
80 129 0
82 129 0
82 129 0
82 130 0
82 130 0
84 130 0
84 130 2
84 130 0
84 130 0
85 130 0
85 130 0
85 130 0
85 130 0
84 130 0
84 130 0
84 131 0
84 131 0
84 131 0
84 131 0
82 131 0
82 131 0
82 131 0
82 131 0
82 131 0
82 131 0
80 131 0
80 131 0
80 131 0
80 131 0
80 131 0
80 131 0
78 131 0
78 131 0
78 131 0
78 131 0
78 131 0
78 131 0
75 131 0
75 131 0
75 131 0
75 131 0
75 131 0
75 131 0
72 131 0
72 131 0
72 131 0
72 131 0
72 131 0
72 131 0
72 131 0
71 131 0
71 131 0
71 131 0
71 131 0
71 131 0
70 131 0
70 131 0
70 131 0
70 131 0
70 131 0
70 131 0
69 131 0
69 131 0
69 130 0
69 130 0
69 130 0
70 130 0
70 130 0
70 130 0
70 130 0
73 130 0
73 130 0
73 129 0
73 129 0
76 129 0
76 129 0
76 129 0
76 128 0
78 128 0
78 128 0
78 128 0
78 128 0
82 127 0
82 127 0
82 127 0
82 127 0
82 126 0
84 126 0
84 126 0
84 126 0
84 126 2
84 125 0
85 125 0
85 125 0
85 125 0
85 125 0
85 124 0
86 124 0
86 124 0
86 124 0
86 124 0
86 124 0
86 124 0
86 124 0
86 124 0
86 124 0
85 124 0
85 123 0
85 123 0
85 123 0
85 123 0
85 123 0
83 122 0
83 122 0
83 122 0
83 122 0
83 122 0
83 122 0
80 122 0
80 122 0
80 122 0
80 123 0
80 123 0
80 123 0
80 123 0
79 123 0
79 123 0
79 123 0
79 123 0
79 123 0
76 123 0
76 124 0
76 124 0
76 124 0
76 124 0
76 124 0
76 126 0
75 126 0
75 126 0
75 126 0
75 126 0
75 126 0
74 127 0
74 127 0
74 127 0
74 127 0
74 127 0
74 127 0
74 128 0
74 128 0
74 128 0
74 128 0
73 128 0
73 128 0
73 130 0
73 130 0
73 130 0
73 130 0
73 130 0
73 130 0
73 132 0
73 132 0
74 132 0
74 132 0
74 132 0
74 132 0
74 132 0
76 132 0
76 132 0
76 132 0
76 132 0
76 134 0
77 134 0
77 134 0
77 134 0
77 134 0
77 134 0
80 134 0
80 134 0
80 134 0
80 134 0
80 134 0
82 134 0
82 134 0
82 134 1
82 134 0
82 134 0
84 135 0
84 135 0
84 135 0
84 135 0
84 135 0
84 134 0
85 134 0
85 134 0
85 134 0
85 134 0
85 134 0
86 134 0
86 134 0
86 134 0
86 134 0
86 132 0
86 132 0
86 132 0
86 132 0
86 132 0
86 130 0
86 130 0
86 130 0
86 130 0
86 130 0
86 129 0
85 129 0
85 129 0
85 129 0
85 129 0
85 127 0
83 127 0
83 127 0
83 127 0
83 127 0
83 127 0
83 125 0
81 125 0
81 125 0
81 125 0
81 125 0
81 123 0
81 123 0
78 123 0
78 123 0
78 123 0
78 123 0
78 122 0
78 122 0
75 122 0
75 122 0
75 122 0
75 121 0
75 121 0
75 121 0
75 121 0
73 121 0
73 121 0
73 120 0
73 120 0
73 120 0
73 120 0
70 120 0
70 119 0
70 119 0
70 119 0
70 119 0
70 119 0
70 119 0
68 119 0
68 119 0
68 119 0
68 119 0
68 119 0
68 119 0
68 119 0
66 119 0
66 119 0
66 119 0
66 119 0
66 119 0
66 119 0
66 119 0
65 119 0
65 119 0
65 119 0
65 119 0
65 119 0
65 119 0
65 119 0
65 119 0
65 119 0
65 119 0
65 120 0
65 120 0
68 120 0
68 120 0
68 120 0
68 120 0
72 120 0
72 120 0
72 120 0
72 120 0
74 122 0
74 122 0
74 122 0
74 122 0
78 122 0
78 122 0
78 122 0
78 122 0
80 122 0
80 122 0
80 122 0
80 123 0
82 123 0
82 123 0
82 123 0
82 123 0
83 123 0
83 125 0
83 125 0
83 125 0
81 125 0
81 125 0
81 125 0
81 126 0
81 126 0
79 126 0
79 126 0
79 126 0
79 126 0
79 126 0
79 126 0
77 126 0
77 126 0
77 126 0
77 127 0
77 127 0
74 127 0
74 127 0
74 127 0
74 127 0
74 128 0
72 128 0
72 128 0
72 128 0
72 128 0
72 128 0
72 128 0
70 128 0
70 128 0
70 128 0
70 128 0
70 128 0
68 128 0
68 128 0
68 128 0
68 129 0
68 129 0
67 129 0
67 129 0
67 129 0
67 129 0
67 129 0
68 129 0
68 129 0
68 129 0
68 129 0
70 129 0
70 129 0
70 129 0
70 129 0
70 129 0
72 129 0
72 129 0
72 129 0
72 129 0
75 129 0
75 128 0
75 128 0
75 128 0
78 128 0
78 128 0
78 128 0
78 127 0
81 127 0
81 127 0
81 127 0
81 127 0
83 126 0
83 126 0
83 126 0
83 126 0
84 126 0
84 126 0
84 124 0
84 124 0
84 124 0
84 124 0
84 124 0
84 123 0
84 123 0
84 123 0
83 123 0
83 123 0
83 122 0
83 122 0
83 122 0
83 122 0
81 122 0
81 122 0
81 122 0
81 122 0
81 122 0
81 122 0
78 121 0
78 121 0
78 121 0
78 121 0
78 121 0
78 120 0
76 120 0
76 120 0
76 120 0
76 120 0
76 119 0
76 119 0
73 119 0
73 119 0
73 117 0
73 117 0
73 117 0
73 117 0
71 117 0
71 117 0
71 117 0
71 117 0
71 117 0
70 117 0
70 116 0
70 116 0
70 116 0
70 116 0
69 116 0
69 115 0
69 115 0
69 115 0
69 115 0
68 115 0
68 115 0
68 115 0
68 115 0
68 115 0
69 115 0
69 115 0
69 115 0
69 115 0
72 115 0
72 115 0
72 115 0
72 115 0
75 115 0
75 115 0
75 114 0
75 114 0
79 114 0
79 114 0
79 114 0
79 114 0
81 114 0
81 114 0
81 114 0
81 114 0
81 114 0
83 114 0
83 114 0
83 114 1
83 114 0
83 114 0
86 114 0
86 116 0
86 116 0
86 116 0
86 116 0
87 116 0
87 117 0
87 117 0
87 117 0
87 117 0
87 117 0
87 118 0
87 118 0
87 118 0
87 118 0
87 118 0
87 119 0
87 119 0
87 119 0
87 119 0
87 119 0
87 119 0
87 121 0
87 121 0
87 121 0
84 121 0
84 121 0
84 122 0
84 122 0
84 122 0
81 122 0
81 122 0
81 124 0
81 124 0
81 124 0
81 124 0
79 124 0
79 124 0
79 125 0
79 125 0
79 125 0
75 125 0
75 125 0
75 126 0
75 126 0
75 126 0
75 126 0
74 126 0
74 126 0
74 127 0
74 127 0
74 127 0
74 127 0
71 127 0
71 128 0
71 128 0
71 128 0
71 128 0
71 128 0
70 129 0
70 129 0
70 129 0
70 129 0
70 129 0
69 129 0
69 129 0
69 129 0
69 129 0
69 129 0
68 130 0
68 130 0
68 130 0
68 130 0
68 130 0
67 130 0
67 130 0
67 130 0
67 130 0
67 130 0
69 129 0
69 129 0
69 129 0
69 129 0
69 127 0
74 127 0
74 127 0
74 127 0
74 127 0
77 126 0
77 126 0
77 126 0
77 126 0
77 126 0
82 124 0
82 124 0
82 124 0
82 124 0
82 124 0
86 123 0
86 123 0
86 123 0
86 123 0
91 123 0
91 122 0
91 122 0
91 122 0
91 122 0
93 122 0
93 121 0
93 121 0
93 121 0
93 121 0
95 121 0
95 119 0
95 119 0
95 119 0
95 119 0
97 119 0
97 119 0
97 119 0
97 119 0
97 119 0
98 119 0
98 118 0
98 118 0
98 118 0
98 118 0
98 118 0
98 118 0
98 118 0
98 118 0
97 118 0
97 119 0
97 119 0
97 119 0
97 119 0
95 119 0
95 120 0
95 120 0
95 120 0
95 120 0
92 120 0
92 121 0
92 121 0
92 121 0
92 121 0
92 121 0
87 122 0
87 122 0
87 122 0
87 122 0
87 122 0
87 124 0
87 124 0
83 124 0
83 124 0
83 124 0
83 124 0
83 125 0
83 125 0
81 125 0
81 125 0
81 125 0
81 126 0
81 126 0
81 126 0
78 126 0
78 126 0
78 127 0
78 127 0
78 127 0
78 127 0
78 127 0
76 129 0
76 129 0
76 129 0
76 129 0
76 129 0
75 130 0
75 130 0
75 130 0
75 130 0
75 130 0
78 130 0
78 130 0
78 130 0
78 130 0
81 130 0
81 130 0
81 130 0
84 130 0
84 130 0
84 130 0
88 130 0
88 130 0
91 130 0
91 130 0
91 130 0
91 130 0
95 130 0
95 130 0
95 130 0
95 130 0
97 130 0
97 129 0
97 129 0
97 129 0
98 129 0
98 129 0
98 128 0
98 128 0
98 128 0
98 128 0
98 128 0
98 128 0
98 128 0
97 128 0
97 128 2
97 128 0
97 126 0
97 126 0
97 126 0
97 126 0
94 126 0
94 125 0
94 125 0
94 125 0
94 125 0
94 125 0
94 125 0
90 125 0
90 125 0
90 125 0
90 125 0
90 125 0
90 125 0
90 125 0
87 125 0
87 125 0
87 125 0
87 125 0
87 125 0
87 125 0
87 125 0
83 125 0
83 125 0
83 125 0
83 125 0
83 125 0
83 125 0
83 125 0
80 125 0
80 125 0
80 125 0
80 125 0
80 126 0
80 126 0
77 126 0
77 126 0
77 126 0
77 126 0
77 126 0
76 126 0
76 126 0
76 128 0
76 128 0
76 128 0
76 128 0
77 129 2
77 129 0
77 129 0
77 129 0
80 129 0
80 131 0
80 131 0
83 131 0
83 131 0
83 131 0
83 132 0
87 132 0
87 132 0
87 132 0
93 133 0
93 133 0
93 133 0
96 133 0
96 133 0
96 135 0
96 135 0
100 135 0
100 135 0
100 135 0
103 136 0
103 136 0
103 136 0
103 136 0
104 136 0
104 137 0
104 137 0
104 137 0
105 137 0
105 138 0
105 138 0
105 138 0
105 138 0
105 138 0
105 138 0
105 138 0
105 138 0
105 138 0
105 138 0
105 139 0
105 139 0
105 139 0
104 139 0
104 139 0
104 139 0
104 139 0
104 139 0
101 139 0
101 139 0
101 139 0
101 139 0
101 139 0
101 139 0
98 139 0
98 139 0
98 139 0
98 139 0
98 139 0
96 139 0
96 139 0
96 139 0
96 139 0
96 139 0
93 139 0
93 139 0
93 139 0
93 139 0
93 139 0
91 139 0
91 139 0
91 139 0
91 139 0
91 139 0
90 139 0
90 139 0
90 139 0
90 139 0
89 138 0
89 138 0
89 138 0
89 138 0
89 138 2
90 138 0
90 138 0
90 138 0
90 138 0
95 138 0
95 138 0
95 137 0
95 137 0
100 137 0
100 137 0
100 137 0
108 137 0
108 137 0
108 137 0
114 137 0
114 137 0
114 137 0
114 137 0
123 137 0
123 137 0
123 137 0
123 137 0
130 137 0
130 137 0
130 137 0
130 137 0
134 138 0
134 138 0
134 138 0
134 138 0
138 138 0
138 139 0
138 139 0
138 139 0
138 139 0
138 140 0
141 140 0
141 140 0
141 140 0
141 140 0
141 141 0
144 141 0
144 141 0
144 141 0
144 141 0
144 142 0
144 142 0
145 142 0
145 142 0
145 142 0
145 143 2
145 143 0
145 143 0
145 143 0
145 143 0
145 144 0
145 144 0
144 144 0
144 144 0
144 144 0
144 144 0
144 144 0
144 144 0
140 144 0
140 144 0
140 143 0
140 143 0
140 143 0
140 143 0
137 143 0
137 141 0
137 141 0
137 141 0
137 141 0
137 141 0
132 139 0
132 139 0
132 139 0
132 139 0
132 139 0
132 137 0
132 137 0
126 137 0
126 137 0
126 137 0
126 135 0
126 135 0
126 135 0
121 135 0
121 135 0
121 133 0
121 133 0
121 133 0
121 133 0
115 132 0
115 132 0
115 132 0
115 132 0
115 132 0
115 131 0
111 131 0
111 131 0
111 131 0
111 131 0
111 131 0
109 130 0
109 130 0
109 130 0
109 130 0
108 129 2
108 129 0
108 129 0
108 129 0
109 129 0
109 129 0
109 129 0
109 129 0
112 129 0
112 129 0
112 129 0
118 129 0
118 129 0
118 129 0
123 129 0
123 129 0
123 131 0
130 131 0
130 131 0
130 131 0
137 131 0
137 133 0
137 133 0
143 133 0
143 133 0
143 133 0
143 135 0
148 135 0
148 135 0
148 135 0
148 135 0
152 136 0
152 136 0
152 136 0
152 136 0
152 136 0
154 138 2
154 138 0
154 138 0
154 138 0
154 138 0
154 139 0
154 139 0
154 139 0
154 139 0
154 141 0
154 141 0
154 141 0
154 141 0
154 141 0
154 142 0
154 142 0
153 142 0
153 142 0
153 142 0
153 141 0
153 141 0
150 141 0
150 141 0
150 141 0
150 140 0
150 140 0
150 140 0
150 140 0
146 138 0
146 138 0
146 138 0
146 138 0
146 138 0
146 137 0
141 137 0
141 137 0
141 137 0
141 137 0
141 135 0
141 135 0
136 135 0
136 135 0
136 135 0
136 134 0
136 134 0
136 134 0
131 134 0
131 132 0
131 132 0
131 132 0
131 132 0
131 131 0
128 131 0
128 131 0
128 131 0
128 131 0
125 131 0
125 131 0
125 131 0
125 131 0
123 131 0
123 130 0
123 130 0
123 130 0
124 130 0
124 131 0
124 131 0
124 131 0
129 131 0
129 132 0
134 132 0
134 132 0
141 132 0
148 132 0
148 133 0
148 133 0
155 133 0
155 133 0
155 135 0
162 135 0
162 135 0
166 135 2
166 135 0
166 137 0
166 137 0
169 137 0
169 137 0
169 137 0
169 138 0
169 138 0
169 138 0
169 138 0
169 139 0
169 139 0
167 139 0
167 139 0
167 139 0
167 140 0
167 140 0
167 140 0
163 140 0
163 140 0
163 140 0
163 140 0
163 140 0
163 140 0
163 140 0
159 139 0
159 139 0
159 139 0
159 139 0
159 138 0
154 138 0
154 138 0
154 138 0
154 138 0
154 138 0
154 136 0
148 136 0
148 136 0
148 136 0
148 136 0
148 134 0
148 134 0
148 134 0
142 134 0
142 134 0
142 134 0
142 133 0
142 133 0
142 133 0
135 133 0
135 133 0
135 133 0
135 132 0
135 132 0
130 132 0
130 132 0
130 132 0
130 132 0
130 132 0
126 132 0
126 132 0
126 132 0
126 132 0
123 132 0
123 132 0
123 132 0
123 132 0
121 132 0
121 132 0
121 132 0
121 131 0
121 131 0
121 131 0
121 131 0
124 131 0
124 131 0
127 131 0
127 131 0
134 131 0
134 131 0
139 131 0
139 131 0
147 131 0
147 131 0
147 131 0
152 131 0
152 132 0
152 132 0
157 132 0
157 132 0
157 132 0
157 132 0
159 133 0
159 133 0
159 133 0
159 133 0
160 133 0
160 133 0
160 133 0
160 133 0
159 133 0
159 133 0
159 133 0
159 133 0
159 134 0
156 134 0
156 134 0
156 134 0
156 134 0
156 134 0
156 135 0
156 135 0
150 135 0
150 135 0
150 135 0
150 135 0
150 135 0
150 136 0
150 136 0
146 136 0
146 136 0
146 136 0
146 136 0
146 136 0
146 136 0
146 136 0
139 136 0
139 136 0
139 136 0
139 136 0
139 136 0
139 137 0
139 137 0
133 137 0
133 137 0
133 137 0
133 137 0
133 137 0
133 137 0
127 137 0
127 137 0
127 137 0
127 137 0
127 137 0
122 138 0
122 138 0
122 138 0
122 138 1
119 138 0
119 138 0
119 138 0
119 138 0
117 138 0
117 138 0
117 138 0
117 137 0
116 137 0
116 137 0
116 137 0
116 136 0
116 136 0
116 136 0
116 136 0
119 135 0
119 135 0
123 135 0
123 135 0
127 135 0
127 134 0
127 134 0
133 134 0
133 134 0
133 133 0
137 133 0
137 133 0
137 133 0
142 133 0
142 133 0
142 133 0
142 133 0
146 133 0
146 133 0
146 132 0
146 132 0
148 132 0
148 132 0
148 132 0
148 132 0
149 132 0
149 132 0
149 132 0
149 132 0
149 132 0
149 132 0
149 132 0
149 132 0
149 132 0
149 132 0
147 132 0
147 132 0
147 132 0
147 132 0
147 132 0
147 132 0
143 132 0
143 132 0
143 133 0
143 133 0
143 133 0
143 133 0
139 133 0
139 133 0
139 133 0
139 133 0
139 133 0
133 134 0
133 134 0
133 134 0
133 134 0
127 134 0
127 136 0
127 136 0
127 136 0
127 136 0
121 136 0
121 136 0
121 136 0
121 136 0
121 136 0
117 136 0
117 136 0
117 136 0
117 136 0
113 136 0
113 136 0
113 136 0
113 137 0
111 137 0
111 137 0
111 137 0
111 137 0
113 137 0
113 137 0
113 137 0
117 137 0
117 137 0
117 137 0
122 137 0
122 137 0
122 137 0
122 137 0
127 137 0
127 137 0
127 137 0
127 137 0
133 137 0
133 137 0
133 137 0
133 137 0
138 137 0
138 137 0
138 137 0
138 137 0
143 137 0
143 137 0
143 137 0
143 137 0
147 137 0
147 137 4
147 137 0
147 137 0
150 137 0
150 136 0
150 136 0
150 136 0
150 136 0
151 136 0
151 136 0
151 135 0
151 135 0
151 135 0
151 135 0
151 135 0
151 135 0
151 133 0
151 133 0
151 133 0
151 133 0
151 133 0
151 133 0
151 132 0
149 132 0
149 132 0
149 132 0
149 132 0
149 132 0
149 131 0
144 131 0
144 131 0
144 131 0
144 131 0
144 131 0
144 131 0
139 131 0
139 131 0
139 131 0
139 131 0
139 131 0
134 131 0
134 131 0
134 131 0
134 131 0
134 131 0
128 131 0
128 131 0
128 131 0
128 131 0
128 131 0
122 131 0
122 131 0
122 131 0
122 131 0
116 131 0
116 131 0
116 131 0
116 131 0
113 131 0
113 131 0
113 131 0
113 131 0
110 131 0
110 132 0
110 132 0
110 132 0
109 132 0
109 132 0
109 133 0
109 133 0
109 133 0
109 133 0
109 133 0
112 134 0
112 134 0
112 134 0
115 134 0
115 134 0
121 136 0
121 136 0
121 136 0
126 136 0
126 136 0
126 137 0
132 137 0
132 137 0
132 137 0
137 137 0
137 139 0
137 139 0
137 139 0
143 139 0
143 139 0
143 139 0
143 141 0
146 141 0
146 141 0
146 141 0
146 141 0
147 142 0
147 142 0
147 142 0
147 142 0
147 142 0
147 143 0
147 143 0
147 143 0
147 143 0
147 143 0
147 143 0
147 144 0
147 144 0
147 144 0
147 144 0
144 144 0
144 144 0
144 145 0
144 145 0
144 145 0
144 145 0
141 145 0
141 145 0
141 145 0
141 145 0
141 145 0
141 145 0
141 145 1
135 145 0
135 145 0
135 145 0
135 145 0
135 145 0
130 145 0
130 145 0
130 145 0
130 145 0
123 143 0
123 143 0
123 143 0
123 143 0
123 142 0
118 142 0
118 142 0
118 142 0
118 142 0
113 141 0
113 141 0
113 141 0
113 141 0
107 141 0
107 141 0
107 140 0
107 140 0
104 140 0
104 140 0
104 140 0
104 138 0
102 138 0
102 138 0
102 138 0
102 138 0
101 137 0
101 137 0
101 137 0
101 137 0
101 135 0
101 135 0
101 135 0
103 135 0
103 135 0
103 134 0
103 134 0
106 134 0
106 134 0
106 134 0
106 134 0
112 132 0
112 132 0
112 132 0
112 132 0
116 132 0
116 131 0
116 131 0
116 131 0
121 131 0
121 131 0
121 130 0
121 130 0
121 130 0
126 130 0
126 130 0
126 130 0
126 130 0
126 130 0
130 130 0
130 130 0
130 130 0
130 129 0
132 129 0
132 129 0
132 129 0
132 129 0
132 129 0
133 129 0
133 129 0
133 129 0
133 130 0
133 130 0
133 130 0
133 130 0
133 132 0
133 132 0
133 132 0
129 132 0
129 132 0
129 133 0
129 133 0
129 133 0
125 133 0
125 135 0
125 135 0
125 135 0
125 135 0
125 135 0
119 136 0
119 136 0
119 136 0
119 136 0
113 136 0
113 138 0
113 138 0
113 138 0
113 138 0
105 138 0
105 139 0
105 139 0
105 139 0
99 139 0
99 139 0
99 140 0
99 140 0
93 140 0
93 140 0
93 140 0
93 141 0
90 141 0
90 141 0
90 141 0
90 142 0
86 142 0
86 142 0
83 142 0
83 142 0
83 143 0
83 143 0
86 143 0
86 143 0
86 143 0
90 144 0
90 144 0
90 144 0
90 144 0
95 144 0
95 144 0
95 144 0
95 144 0
100 144 0
100 145 0
100 145 0
100 145 0
104 145 0
104 144 0
104 144 0
104 144 0
108 144 0
108 144 0
108 143 0
108 143 0
112 143 0
112 143 0
112 143 0
112 142 0
114 142 0
114 142 0
114 142 0
114 142 0
112 141 2
112 141 0
112 141 0
112 141 0
112 141 0
107 141 0
107 140 0
107 140 0
107 140 0
107 140 0
107 140 0
103 140 0
103 138 0
103 138 0
103 138 0
97 138 0
97 138 0
97 138 0
97 138 0
89 137 0
89 137 0
89 137 0
89 137 0
83 137 0
83 135 0
83 135 0
83 135 0
77 135 0
77 135 0
77 135 0
74 134 0
74 134 0
71 134 0
71 134 0
71 134 0
70 133 0
70 133 0
70 133 0
71 133 0
71 133 0
71 133 0
74 133 0
74 133 0
74 133 0
74 133 0
79 133 0
79 134 0
79 134 0
85 134 0
85 134 0
85 134 0
85 136 0
91 136 0
91 136 0
91 136 0
91 138 0
98 138 0
98 138 0
98 138 0
98 138 0
104 138 0
104 140 0
104 140 0
104 140 0
109 140 0
109 140 0
109 142 0
109 142 0
112 142 0
112 142 0
112 144 0
112 144 0
112 144 0
114 144 0
114 144 2
114 147 0
114 147 0
114 147 0
114 147 0
114 147 0
114 147 0
114 148 0
111 148 0
111 148 0
111 148 0
111 150 0
111 150 0
107 150 0
107 150 0
107 150 0
107 151 0
107 151 0
101 151 0
101 151 0
101 151 0
101 152 0
101 152 0
96 152 0
96 152 0
96 152 0
96 152 0
96 152 0
91 152 0
91 152 0
91 152 0
91 151 0
84 151 0
84 151 0
84 151 0
84 149 0
80 149 0
80 149 0
80 149 0
80 149 0
75 148 0
75 148 0
75 148 0
75 148 0
73 148 0
73 146 0
73 146 0
75 146 0
75 146 0
75 146 0
80 144 0
80 144 0
80 144 0
85 144 0
85 144 0
85 142 0
85 142 0
91 142 0
91 142 0
91 140 0
91 140 0
98 140 0
98 140 0
98 140 0
98 140 0
104 137 0
104 137 0
104 137 0
104 137 0
111 136 0
111 136 0
111 136 0
111 136 0
115 136 0
115 136 0
115 134 0
115 134 0
115 134 0
119 134 0
119 134 0
119 132 0
119 132 0
119 132 0
119 132 0
119 132 0
119 132 0
119 132 0
119 132 0
119 132 0
119 132 2
119 132 0
119 131 0
119 131 0
119 131 0
119 131 0
117 131 0
117 132 0
117 132 0
117 132 0
117 132 0
114 134 0
114 134 0
114 134 0
114 134 0
114 134 0
114 136 0
108 136 0
108 136 0
108 136 0
108 138 0
108 138 0
103 138 0
103 138 0
103 138 0
103 140 0
103 140 0
103 140 0
95 140 0
95 140 0
95 143 0
95 143 0
95 143 0
90 143 0
90 143 0
90 144 0
90 144 0
84 144 0
84 144 0
84 144 0
84 144 0
79 146 0
79 146 0
79 146 0
79 146 0
76 147 0
76 147 0
76 147 0
76 147 0
76 147 0
76 145 0
76 145 0
76 145 0
76 145 0
78 144 0
78 144 0
78 144 0
84 144 0
84 144 0
89 142 0
89 142 0
97 142 0
97 142 0
97 142 0
105 140 0
105 140 0
114 140 0
114 140 0
114 140 0
121 138 0
121 138 0
121 138 0
121 138 0
127 135 0
127 135 0
127 135 0
127 135 0
132 135 0
132 133 0
132 133 0
132 133 0
135 133 0
135 133 0
135 132 0
135 132 0
135 132 0
135 132 0
135 132 0
135 129 0
135 129 0
135 129 0
135 129 0
135 129 0
135 128 0
135 128 0
131 128 0
131 128 0
131 128 0
131 127 0
131 127 0
131 127 0
127 127 0
127 127 0
127 126 0
127 126 0
127 126 0
127 126 0
120 126 0
120 125 0
120 125 0
120 125 0
120 125 0
115 125 0
115 125 0
115 125 0
115 125 1
115 125 0
109 125 0
109 126 0
109 126 0
109 126 0
109 126 0
100 126 0
100 127 0
100 127 0
100 127 0
95 127 0
95 127 0
95 129 0
95 129 0
88 129 0
88 129 0
88 129 0
85 131 0
85 131 0
85 131 0
84 131 0
84 131 0
88 132 0
93 132 0
93 132 0
101 132 0
101 132 0
108 134 0
108 134 0
108 134 0
118 134 0
118 134 0
118 134 0
126 135 0
126 135 0
126 135 0
126 135 0
134 135 0
134 135 0
134 135 0
134 135 0
139 135 0
139 136 0
139 136 0
139 136 0
139 136 0
142 135 0
142 135 0
142 135 0
142 135 0
142 135 0
143 133 0
143 133 0
143 133 0
143 133 0
143 133 0
143 132 0
143 132 0
143 132 0
143 132 0
143 132 0
143 132 0
140 131 0
140 131 0
140 131 0
140 131 0
140 131 0
140 128 0
140 128 0
140 128 0
136 128 0
136 128 0
136 126 0
136 126 0
136 126 0
136 126 0
136 126 0
129 125 0
129 125 0
129 125 0
129 125 0
129 125 0
129 124 0
123 124 0
123 124 0
123 124 0
123 124 0
123 124 0
123 122 0
114 122 0
114 122 0
114 122 0
114 122 0
114 121 0
114 121 0
107 121 0
107 121 0
107 121 0
107 121 0
107 121 0
100 121 0
100 121 0
100 121 0
100 121 0
94 121 0
94 121 0
94 121 0
89 121 0
89 123 0
87 123 0
86 123 0
86 123 0
86 123 0
86 124 0
86 124 0
88 124 0
88 124 0
94 127 0
100 127 0
107 127 0
107 127 0
116 127 0
116 127 0
123 129 0
123 129 0
123 129 0
131 129 0
131 132 0
136 132 0
136 132 0
136 132 0
136 132 0
140 135 0
140 135 0
140 135 0
140 135 0
141 135 0
141 137 0
141 137 2
141 137 0
141 137 0
140 140 0
140 140 0
140 140 0
140 140 0
140 140 0
140 142 0
137 142 0
137 142 0
137 142 0
137 144 0
137 144 0
137 144 0
131 144 0
131 145 0
131 145 0
131 145 0
131 145 0
131 145 0
131 146 0
131 146 0
124 146 0
124 146 0
124 147 0
124 147 0
124 147 0
124 147 0
118 148 0
118 148 0
118 148 0
118 148 0
118 148 0
109 149 0
109 149 0
109 149 0
109 149 0
109 149 0
109 148 0
103 148 0
103 148 0
103 148 0
103 148 0
95 147 0
95 147 0
95 147 0
95 147 0
91 147 0
91 147 0
91 145 0
91 145 0
86 145 0
86 145 0
86 145 0
86 143 0
84 143 0
84 143 0
84 143 0
84 143 0
84 143 0
84 143 0
85 143 0
85 143 0
85 143 0
90 143 0
94 142 0
94 142 0
94 142 0
94 142 0
102 142 0
102 142 0
102 142 0
102 142 0
109 142 0
109 142 0
109 144 0
109 144 0
117 144 0
117 144 0
117 144 0
117 146 0
117 146 0
124 146 0
124 146 0
124 150 0
124 150 0
124 150 0
130 150 0
130 153 0
130 153 0
130 153 0
130 153 0
130 153 0
133 157 0
133 157 0
133 157 0
133 157 0
133 160 0
133 160 0
134 160 0
134 160 0
134 160 0
134 163 0
134 163 0
134 163 0
134 163 0
134 163 0
134 166 0
134 166 0
134 166 2
134 166 0
134 168 0
133 168 0
133 168 0
133 168 0
133 168 0
133 171 0
133 171 0
127 171 0
127 171 0
127 171 0
127 174 0
127 174 0
127 174 0
127 174 0
127 174 0
123 174 0
123 174 0
123 176 0
123 176 0
123 176 0
116 176 0
116 176 0
116 176 0
116 177 0
116 177 0
116 177 0
116 177 0
110 177 0
110 178 0
110 178 0
110 178 0
110 178 0
110 178 0
102 178 0
102 177 0
102 177 0
102 177 0
102 177 0
102 177 0
97 175 0
97 175 0
97 175 0
97 175 0
97 175 0
92 172 0
92 172 0
92 172 0
92 172 0
87 172 0
87 170 0
87 170 0
87 170 0
85 170 0
85 170 0
85 168 0
85 168 0
83 168 0
83 168 0
83 168 0
83 165 0
83 165 0
83 165 0
83 165 0
87 165 0
87 163 0
87 163 0
87 163 0
91 163 0
91 163 0
91 162 0
91 162 0
95 162 0
95 162 0
95 162 0
95 161 0
102 161 0
102 161 0
102 161 0
102 161 0
108 160 0
108 160 0
108 160 0
108 160 0
114 160 0
114 160 0
114 160 0
114 160 0
119 160 0
119 160 0
119 162 0
119 162 0
119 162 0
123 162 0
123 164 0
123 164 0
123 164 0
123 164 0
123 167 0
124 167 2
124 167 0
124 167 0
124 170 0
124 170 0
124 170 0
124 170 0
124 174 0
124 174 0
124 174 0
124 174 0
124 174 0
124 177 0
124 177 0
124 177 0
124 177 0
124 181 0
124 181 0
124 181 0
121 181 0
121 184 0
121 184 0
121 184 0
121 184 0
121 186 0
117 186 0
117 186 0
117 186 0
117 187 0
117 187 0
117 187 0
117 187 0
113 186 0
113 186 0
113 186 0
113 186 0
113 186 0
107 184 0
107 184 0
107 184 0
107 184 0
107 184 0
102 183 0
102 183 0
102 183 0
102 183 0
96 183 0
96 181 0
96 181 0
96 181 0
92 181 0
92 181 0
92 178 0
90 178 0
90 178 0
90 178 0
88 178 0
88 178 0
88 176 0
88 176 0
89 176 0
92 176 0
97 176 0
97 173 0
97 173 0
102 173 0
102 173 0
109 173 0
109 173 0
109 171 0
115 171 0
115 171 0
115 171 0
121 171 0
121 171 0
121 168 0
121 168 0
127 168 0
127 168 0
127 168 0
127 168 0
127 166 0
131 166 0
131 166 0
131 166 0
131 166 0
131 164 0
131 164 0
135 164 0
135 164 0
135 164 0
135 164 0
135 162 0
135 162 0
135 162 0
135 162 0
135 162 0
135 161 0
135 161 0
135 161 0
135 161 1
135 161 0
135 161 0
135 160 0
135 160 0
135 160 0
135 160 0
135 160 0
135 159 0
135 159 0
133 159 0
133 159 0
133 159 0
133 159 0
133 159 0
133 159 0
133 159 0
129 161 0
129 161 0
129 161 0
129 161 0
129 162 0
129 162 0
129 162 0
129 162 0
125 164 0
125 164 0
125 164 0
125 164 0
125 164 0
125 166 0
125 166 0
120 166 0
120 166 0
120 166 0
120 167 0
120 167 0
120 167 0
120 167 0
114 165 0
114 165 0
114 165 0
114 165 0
114 165 0
114 163 0
109 163 0
109 163 0
109 163 0
109 163 0
104 160 0
104 160 0
104 160 0
104 160 0
101 160 0
101 160 0
101 157 0
97 157 0
96 157 0
95 157 0
95 157 0
97 157 0
107 157 0
107 153 0
114 153 0
120 153 0
120 153 0
120 153 0
127 153 0
127 151 0
127 151 0
127 151 0
133 151 0
133 151 0
133 151 0
133 147 0
137 147 0
137 147 0
137 147 0
137 147 0
137 147 0
137 147 0
138 144 0
138 144 0
138 144 0
138 144 0
138 144 0
138 144 0
138 142 0
138 142 0
138 142 2
138 142 0
138 142 0
138 142 0
138 140 0
138 140 0
137 140 0
137 140 0
137 140 0
137 140 0
137 138 0
137 138 0
137 138 0
137 138 0
134 138 0
134 138 0
134 136 0
134 136 0
134 136 0
134 136 0
134 136 0
134 136 0
129 136 0
129 136 0
129 136 0
129 136 0
129 136 0
129 135 0
129 135 0
129 135 0
124 135 0
124 135 0
124 135 0
124 135 0
124 135 0
124 135 0
124 135 0
117 135 0
117 135 0
117 135 0
117 135 0
117 135 0
117 136 0
117 136 0
112 136 0
112 136 0
112 138 0
112 138 0
112 138 0
106 138 0
106 138 0
106 139 0
106 139 0
102 139 0
102 139 0
102 142 0
102 142 0
99 142 0
99 142 0
95 142 0
95 144 0
94 144 0
94 144 0
94 144 0
95 145 0
99 145 0
103 145 0
103 145 0
109 145 0
115 147 0
115 147 0
115 147 0
115 147 0
122 148 0
122 148 0
122 148 0
129 148 0
129 148 0
129 149 0
129 149 0
133 149 0
133 149 0
133 149 0
133 149 0
133 149 0
136 149 0
136 149 0
136 147 0
136 147 0
136 147 0
136 147 0
136 145 0
136 145 0
137 145 0
137 145 0
137 145 0
137 143 0
137 143 0
137 143 0
137 143 0
137 143 0
137 143 2
137 141 0
137 141 0
137 141 0
137 141 0
137 141 0
137 138 0
134 138 0
134 138 0
134 138 0
134 138 0
134 136 0
134 136 0
134 136 0
134 136 0
128 136 0
128 133 0
128 133 0
128 133 0
128 133 0
128 133 0
128 131 0
128 131 0
128 131 0
128 131 0
123 131 0
123 131 0
123 129 0
123 129 0
123 129 0
123 129 0
123 129 0
118 127 0
118 127 0
118 127 0
118 127 0
118 127 0
118 127 0
118 125 0
111 125 0
111 125 0
111 125 0
111 125 0
111 124 0
111 124 0
105 124 0
105 124 0
105 124 0
105 124 0
105 123 0
98 123 0
98 123 0
98 123 0
98 123 0
95 122 0
95 122 0
91 122 0
91 122 0
89 122 0
89 122 0
89 122 0
89 122 0
89 122 0
89 122 0
89 122 0
92 122 0
92 122 0
92 122 0
97 123 0
97 123 0
102 123 0
102 123 0
102 124 0
108 124 0
108 124 0
108 124 0
108 127 0
114 127 0
114 127 0
114 127 0
114 127 0
120 129 0
120 129 0
120 129 0
120 129 0
120 131 0
120 131 0
124 131 0
124 131 0
124 131 0
124 134 0
124 134 0
124 134 0
124 134 0
126 135 0
126 135 0
126 135 0
126 135 0
126 135 0
126 136 0
126 136 0
126 136 0
126 136 0
127 137 0
127 137 0
127 137 0
127 137 0
127 135 0
127 135 0
127 135 2
127 135 0
127 135 0
127 133 0
127 133 0
127 133 0
127 133 0
127 133 0
127 130 0
127 130 0
127 130 0
127 130 0
125 130 0
125 126 0
125 126 0
125 126 0
125 126 0
125 126 0
125 126 0
125 123 0
125 123 0
121 123 0
121 123 0
121 123 0
121 119 0
121 119 0
121 119 0
121 119 0
121 119 0
121 119 0
116 115 0
116 115 0
116 115 0
116 115 0
116 115 0
116 115 0
116 112 0
116 112 0
112 112 0
112 112 0
112 112 0
112 109 0
112 109 0
112 109 0
106 109 0
106 109 0
106 109 0
106 109 0
106 106 0
102 106 0
102 106 0
102 106 0
102 106 0
102 106 0
97 103 0
97 103 0
97 103 0
94 103 0
92 103 0
90 103 0
90 103 0
90 102 0
90 102 0
90 102 0
90 102 0
93 102 0
93 101 0
97 101 0
97 101 0
97 101 0
101 101 0
101 101 0
101 101 0
101 100 0
108 100 0
108 100 0
108 100 0
108 100 0
113 99 0
113 99 0
113 99 0
113 99 0
113 99 0
119 98 0
119 98 0
119 98 0
119 98 0
119 98 0
119 98 0
119 98 0
119 98 0
119 98 0
123 98 0
123 99 0
123 99 0
123 99 0
123 99 0
123 101 0
123 101 0
126 101 0
126 101 0
126 104 0
126 104 0
126 104 0
126 104 0
126 107 0
126 107 0
126 107 0
126 107 0
126 109 0
126 109 0
126 109 0
126 109 2
126 111 0
126 111 0
126 111 0
126 111 0
126 113 0
126 113 0
126 113 0
126 113 0
126 113 0
126 114 0
126 114 0
126 114 0
123 114 0
123 115 0
123 115 0
123 115 0
123 115 0
123 115 0
123 113 0
123 113 0
123 113 0
123 113 0
121 113 0
121 111 0
121 111 0
121 111 0
121 111 0
121 111 0
121 111 0
116 110 0
116 110 0
116 110 0
116 110 0
116 110 0
116 110 0
116 108 0
113 108 0
113 108 0
113 108 0
113 108 0
113 108 0
108 106 0
108 106 0
108 106 0
108 106 0
108 106 0
103 103 0
103 103 0
92 103 0
92 103 0
92 103 0
96 103 0
100 100 0
100 100 0
100 100 0
100 100 0
105 100 0
105 100 0
105 97 0
105 97 0
112 97 0
112 97 0
112 97 0
112 97 0
112 97 0
112 96 0
117 96 0
117 96 0
117 96 0
117 96 0
117 96 0
117 96 0
117 94 0
117 94 0
124 94 0
124 94 0
124 94 0
124 93 0
124 93 0
124 93 0
124 93 0
124 93 0
124 93 0
124 92 0
124 92 0
127 92 0
127 92 0
127 92 0
127 92 0
127 92 2
127 92 0
127 92 0
127 92 0
127 93 0
131 93 0
131 93 0
131 93 0
131 94 0
131 94 0
131 94 0
131 94 0
131 96 0
131 96 0
131 96 0
131 96 0
131 98 0
131 98 0
131 98 0
131 98 0
131 100 0
131 100 0
131 100 0
131 100 0
131 102 0
131 102 0
131 102 0
131 102 0
131 104 0
131 104 0
131 104 0
131 104 0
131 106 0
131 106 0
131 106 0
129 106 0
129 108 0
129 108 0
129 108 0
129 108 0
129 109 0
129 109 0
126 109 0
126 109 0
126 110 0
126 110 0
126 110 0
126 110 0
126 111 0
122 111 0
122 111 0
122 111 0
122 110 0
122 110 0
118 110 0
118 110 0
118 108 0
118 108 0
118 108 0
113 108 0
113 108 0
113 106 0
108 106 0
95 106 0
95 106 0
99 106 0
99 106 0
104 104 0
104 104 0
104 104 0
110 104 0
110 104 0
110 101 0
110 101 0
110 101 0
116 101 0
116 101 0
116 101 0
116 99 0
116 99 0
116 99 0
116 99 0
122 99 0
122 97 0
122 97 0
122 97 0
122 97 0
122 97 0
122 97 0
122 95 0
122 95 0
122 95 0
127 95 0
127 95 0
127 95 0
127 93 0
127 93 0
127 93 0
127 93 0
127 93 0
131 93 1
131 92 0
131 92 0
131 92 0
131 92 0
131 92 0
131 90 0
131 90 0
131 90 0
131 90 0
131 90 0
131 90 0
133 90 0
133 90 0
133 90 0
133 90 0
133 89 0
133 89 0
133 89 0
133 89 0
133 90 0
133 90 0
133 90 0
133 90 0
133 91 0
133 91 0
133 91 0
133 91 0
133 93 0
133 93 0
133 93 0
132 93 0
132 93 0
132 95 0
132 95 0
132 95 0
132 95 0
132 95 0
132 97 0
132 97 0
132 97 0
132 97 0
129 97 0
129 99 0
129 99 0
129 99 0
129 99 0
129 99 0
129 101 0
129 101 0
125 101 0
125 101 0
125 101 0
125 103 0
125 103 0
125 103 0
125 103 0
125 104 0
121 104 0
121 104 0
121 104 0
100 105 0
104 105 0
104 105 0
104 105 0
108 102 0
108 102 0
108 102 0
108 102 0
115 102 0
115 100 0
115 100 0
115 100 0
115 100 0
115 97 0
120 97 0
120 97 0
120 97 0
120 97 0
120 97 0
120 94 0
120 94 0
120 94 0
126 94 0
126 94 0
126 94 0
126 90 0
126 90 0
126 90 0
126 90 0
126 90 0
126 87 0
126 87 0
126 87 0
126 87 0
131 87 0
131 87 0
131 85 0
131 85 0
131 85 0
131 85 0
131 85 0
131 85 0
131 83 0
131 83 0
131 83 0
134 83 0
134 83 0
134 82 0
134 82 0
134 82 0
134 82 0
134 82 0
134 81 0
134 81 0
134 81 0
134 81 0
134 81 0
134 80 0
134 80 0
135 80 0
135 80 0
135 80 0
135 80 0
135 80 0
135 80 0
135 80 0
135 82 0
135 82 0
135 82 0
135 82 0
135 83 0
135 83 0
135 83 0
135 83 0
135 85 0
135 85 0
135 85 2
135 85 0
135 88 0
135 88 0
135 88 0
133 88 0
133 88 0
133 90 0
133 90 0
133 90 0
133 90 0
133 90 0
133 93 0
130 93 0
130 93 0
130 93 0
130 94 0
130 94 0
130 94 0
130 94 0
130 96 0
126 96 0
126 96 0
126 96 0
126 96 0
95 96 0
95 96 0
97 96 0
102 96 0
102 94 0
102 94 0
107 94 0
107 94 0
107 94 0
107 92 0
115 92 0
115 92 0
115 92 0
115 92 0
121 88 0
121 88 0
121 88 0
121 88 0
121 88 0
121 88 0
121 86 0
130 86 0
130 86 0
130 86 0
130 86 0
130 86 0
130 82 0
130 82 0
135 82 0
135 82 0
135 82 0
135 82 0
135 80 0
135 80 0
135 80 0
135 80 0
135 80 0
140 80 0
140 80 0
140 77 0
140 77 0
140 77 0
140 77 0
140 77 0
140 75 0
142 75 0
142 75 0
142 75 0
142 75 0
142 75 0
142 74 0
142 74 0
142 74 0
142 74 0
142 74 0
142 73 2
143 73 0
143 73 0
143 73 0
143 73 0
143 73 0
143 73 0
143 73 0
143 73 0
143 73 0
143 72 0
143 72 0
143 72 0
143 72 0
143 73 0
143 73 0
143 73 0
143 73 0
143 73 0
143 75 0
143 75 0
143 75 0
143 75 0
143 75 0
143 77 0
142 77 0
142 77 0
142 77 0
142 78 0
142 78 0
142 78 0
142 78 0
142 78 0
142 80 0
136 80 0
136 80 0
136 80 0
136 80 0
136 82 0
136 82 0
136 82 0
136 82 0
136 83 0
136 83 0
132 83 0
132 83 0
132 83 0
132 84 0
132 84 0
132 84 0
132 84 0
132 83 0
132 83 0
126 83 0
126 83 0
126 83 0
126 81 0
126 81 0
126 81 0
126 81 0
126 81 0
121 78 0
121 78 0
121 78 0
121 78 0
121 78 0
121 78 0
117 75 0
117 75 0
117 75 0
117 75 0
117 75 0
111 75 0
111 72 0
111 72 0
111 72 0
111 72 0
107 72 0
107 72 0
107 70 0
107 70 0
107 70 0
103 70 0
103 70 0
103 70 0
103 67 0
103 67 0
106 67 0
106 67 0
106 67 0
106 67 0
111 65 0
111 65 0
116 65 0
116 65 0
128 65 0
139 65 0
139 63 0
142 63 0
142 63 0
142 63 0
142 63 0
142 63 0
142 63 0
142 63 0
139 63 0
139 63 0
139 63 0
139 62 0
139 62 0
139 62 0
139 62 0
139 62 0
134 62 0
134 62 0
134 62 0
134 62 0
134 62 0
134 63 0
134 63 0
134 63 0
127 63 0
127 63 0
127 64 0
127 64 0
127 64 0
127 64 0
127 64 0
127 66 0
127 66 0
127 66 0
127 66 0
127 66 0
120 69 1
120 69 0
120 69 0
120 69 0
120 71 0
120 71 0
120 71 0
120 71 0
120 73 0
120 73 0
120 73 0
112 73 0
112 73 0
112 75 0
112 75 0
112 75 0
112 75 0
112 77 0
112 77 0
112 77 0
112 77 0
112 79 0
112 79 0
106 79 0
106 79 0
106 79 0
106 80 0
106 80 0
106 80 0
106 80 0
106 81 0
106 81 0
99 81 0
99 81 0
99 79 0
99 79 0
99 79 0
99 79 0
99 79 0
99 76 0
99 76 0
94 76 0
94 76 0
94 76 0
94 76 0
94 72 0
94 72 0
94 72 0
94 72 0
89 72 0
89 72 0
89 72 0
89 70 0
89 70 0
89 70 0
89 70 0
89 70 0
89 70 0
87 67 0
87 67 0
87 67 0
87 67 0
87 67 0
87 67 0
87 65 0
86 65 0
86 65 0
86 65 0
86 65 0
86 65 0
88 63 0
88 63 0
88 63 0
88 63 0
93 63 0
93 63 0
98 63 0
111 63 0
120 63 0
126 63 0
126 63 0
126 63 0
130 63 0
130 63 0
130 63 0
130 63 0
134 63 0
134 65 0
134 65 2
134 65 0
134 65 0
134 68 0
134 68 0
134 68 0
134 68 0
134 68 0
132 68 0
132 70 0
132 70 0
132 70 0
132 70 0
132 74 0
132 74 0
132 74 0
127 74 0
127 74 0
127 74 0
127 76 0
127 76 0
127 76 0
127 76 0
127 79 0
127 79 0
127 79 0
127 79 0
123 82 0
123 82 0
123 82 0
123 82 0
123 83 0
123 83 0
123 83 0
123 83 0
123 85 0
117 85 0
117 85 0
117 86 0
117 86 0
117 86 0
117 86 0
117 85 0
117 85 0
117 85 0
117 85 0
117 83 0
117 83 0
112 83 0
112 83 0
112 81 0
112 81 0
112 81 0
112 81 0
112 78 0
112 78 0
112 78 0
112 78 0
108 75 0
108 75 0
108 75 0
108 75 0
108 73 0
108 73 0
108 73 0
108 73 0
108 73 0
105 70 0
105 70 0
105 70 0
105 70 0
105 69 0
105 69 0
105 69 0
105 69 0
105 69 0
104 68 0
104 68 0
104 68 0
104 68 0
104 68 0
104 71 0
104 71 0
104 71 0
104 71 0
104 73 0
104 73 0
108 73 0
108 73 0
142 77 0
142 77 2
142 81 0
142 81 0
142 81 0
142 86 0
138 86 0
138 89 0
138 89 0
138 93 0
132 93 0
132 93 0
132 96 0
132 96 0
132 99 0
132 99 0
128 101 0
128 101 0
128 101 0
128 100 0
128 100 0
128 100 0
128 100 0
121 97 0
121 97 0
121 97 0
121 97 0
121 93 0
121 93 0
121 93 0
121 93 0
121 93 0
121 93 0
121 87 0
116 87 0
116 87 0
116 87 0
116 87 0
116 87 0
116 87 0
116 84 0
116 84 0
116 84 0
109 84 0
109 84 0
109 79 0
109 79 0
109 79 0
109 79 0
109 79 0
109 79 0
109 76 0
109 76 0
109 76 0
105 76 0
105 76 0
105 76 0
105 73 0
105 73 0
105 73 0
105 73 0
105 73 0
105 73 0
105 72 0
101 72 0
101 72 0
101 72 0
101 72 0
101 72 0
101 71 0
101 71 0
101 71 0
101 71 0
101 71 0
101 71 0
100 71 0
100 71 0
100 71 0
100 73 0
100 73 0
100 73 0
100 73 0
100 73 0
100 76 0
99 76 0
99 76 0
99 76 0
99 79 0
99 79 0
99 79 0
99 79 0
137 84 2
137 84 0
134 84 0
134 84 0
134 88 0
134 88 0
130 88 0
130 93 0
130 93 0
130 97 0
125 97 0
125 97 0
125 102 0
125 102 0
125 106 0
125 106 0
125 110 0
125 110 0
120 110 0
120 113 0
120 113 0
120 113 0
120 115 0
120 115 0
120 115 0
120 117 0
120 117 0
120 117 0
115 117 0
115 118 0
115 118 0
115 118 0
115 118 0
115 118 0
115 118 0
115 118 0
115 118 0
108 118 0
108 118 0
108 116 0
108 116 0
108 116 0
108 116 0
108 116 0
108 116 0
108 113 0
108 113 0
108 113 0
108 113 0
108 113 0
108 113 0
103 109 0
103 109 0
103 109 0
103 109 0
103 109 0
103 109 0
103 109 0
103 105 0
103 105 0
103 105 0
103 105 0
98 105 0
98 105 0
98 105 0
98 105 0
98 103 0
98 103 0
98 103 0
98 103 0
98 103 0
98 103 0
137 103 0
137 101 0
137 101 0
137 101 0
135 101 0
135 101 0
135 101 0
135 101 0
130 99 0
130 99 0
130 99 0
130 99 0
130 99 0
130 99 0
130 98 0
130 98 1
123 98 0
123 98 0
123 98 0
123 98 0
123 98 0
123 98 0
123 98 0
123 98 0
123 98 0
123 99 0
123 99 0
118 99 0
118 99 0
118 99 0
118 102 0
118 102 0
118 102 0
118 102 0
118 104 0
118 104 0
118 104 0
118 104 0
111 107 0
111 107 0
111 107 0
111 107 0
111 110 0
111 110 0
111 110 0
111 110 0
111 112 0
111 112 0
111 112 0
111 113 0
111 113 0
111 113 0
106 113 0
106 114 0
106 114 0
106 114 0
106 114 0
106 114 0
106 114 0
106 112 0
106 112 0
106 112 0
106 112 0
106 110 0
106 110 0
99 110 0
99 110 0
99 110 0
99 110 0
99 106 0
99 106 0
99 106 0
99 106 0
99 106 0
99 106 0
99 103 0
99 103 0
99 103 0
99 103 0
99 103 0
96 103 0
96 103 0
96 101 0
96 101 0
96 101 0
96 101 0
96 101 0
96 99 0
96 99 0
96 99 0
96 99 0
96 99 0
96 99 0
93 98 0
93 98 0
93 98 0
93 98 0
93 98 0
93 98 0
93 98 0
93 98 0
93 98 0
93 98 0
92 99 0
92 99 0
92 99 0
92 99 0
92 99 0
92 101 0
92 101 0
92 101 0
92 101 0
92 104 0
92 104 0
92 104 0
92 104 0
92 107 0
143 107 0
143 107 0
143 107 0
142 110 0
142 110 0
142 110 0
142 110 0
137 113 0
137 113 0
137 113 0
137 114 0
137 114 0
137 114 0
137 115 0
133 115 0
133 115 0
133 115 0
133 115 0
133 115 0
133 115 0
133 113 0
128 113 0
128 113 0
128 113 0
128 109 0
128 109 0
128 109 0
128 109 0
128 106 0
128 106 0
121 106 0
121 106 0
121 102 0
121 102 0
121 102 0
121 102 0
121 102 0
121 102 0
121 99 0
121 99 0
121 99 0
121 99 0
116 99 0
116 99 0
116 96 0
116 96 0
116 96 0
116 96 0
116 96 0
116 96 0
116 94 0
116 94 0
111 94 0
111 94 0
111 94 0
111 94 0
111 93 0
111 93 0
111 93 0
111 93 0
111 93 0
111 93 0
111 93 0
107 93 0
107 93 0
107 93 0
107 94 0
107 94 0
107 94 0
107 94 0
107 96 0
107 96 0
107 96 0
104 96 0
104 99 0
104 99 0
104 99 0
104 99 0
104 99 0
104 102 0
104 102 0
104 102 0
104 102 0
104 107 0
104 107 0
104 107 0
104 107 0
104 110 0
104 110 0
103 110 0
103 110 0
103 114 0
103 114 0
103 114 0
103 114 0
103 117 0
104 117 0
104 117 0
104 120 0
104 120 0
106 120 0
106 122 0
106 122 0
106 122 0
110 123 0
110 123 0
132 123 0
143 124 0
143 124 0
145 124 0
144 124 0
144 124 0
144 124 0
144 124 2
139 120 0
139 120 0
139 120 0
139 120 0
134 116 0
134 116 0
134 116 0
134 116 0
134 113 0
134 113 0
127 113 0
127 113 0
127 113 0
127 108 0
127 108 0
127 108 0
127 108 0
127 108 0
122 108 0
122 108 0
122 104 0
122 104 0
122 104 0
122 104 0
122 104 0
122 101 0
116 101 0
116 101 0
116 101 0
116 101 0
116 101 0
116 100 0
116 100 0
116 100 0
116 100 0
111 100 0
111 99 0
111 99 0
111 99 0
111 99 0
111 101 0
111 101 0
107 101 0
107 101 0
107 104 0
107 104 0
107 104 0
107 104 0
107 108 0
107 108 0
104 108 0
104 111 0
104 111 0
104 117 0
104 131 0
104 139 0
104 139 0
104 142 0
104 142 0
104 144 0
104 144 0
104 144 0
104 145 0
104 145 0
104 145 0
104 145 0
104 144 0
104 144 0
104 144 0
104 144 0
104 141 0
108 141 0
108 141 0
108 141 0
108 138 0
112 138 0
112 138 0
112 138 0
112 138 0
118 138 0
118 136 0
118 136 0
118 136 0
122 136 0
127 136 0
138 136 0
138 133 0
143 133 0
146 133 0
146 133 0
146 133 0
148 133 0
148 131 2
148 131 0
148 131 0
148 131 0
147 131 0
147 131 0
147 129 0
147 129 0
144 129 0
144 129 0
144 129 0
139 129 0
139 128 0
139 128 0
133 128 0
133 128 0
133 128 0
126 128 0
126 128 0
126 128 0
126 128 0
118 130 0
118 130 0
118 130 0
118 130 0
112 130 0
112 133 0
112 133 0
112 133 0
106 133 0
106 136 0
106 136 0
106 136 0
106 140 0
103 140 0
103 140 0
103 140 0
103 143 0
103 143 0
103 143 0
101 146 0
101 146 0
101 146 0
101 149 0
101 149 0
101 149 0
101 152 0
100 152 0
100 153 0
100 153 0
100 153 0
100 153 0
100 153 0
100 153 0
100 153 0
100 150 0
100 150 0
100 150 0
100 150 0
100 147 0
100 147 0
100 147 0
104 147 0
104 147 0
104 147 0
104 143 0
104 143 0
104 143 0
104 143 0
104 143 0
104 143 0
108 138 0
108 138 0
108 138 0
108 138 0
108 138 0
108 138 0
108 138 0
108 136 0
108 136 0
115 136 0
115 136 0
115 136 0
115 136 2
115 132 0
115 132 0
115 132 0
110 132 0
110 132 0
110 132 0
110 130 0
106 130 0
106 130 0
106 130 0
106 130 0
106 128 0
106 128 0
106 128 0
102 128 0
102 128 0
102 129 0
102 129 0
102 129 0
102 129 0
102 129 0
102 131 0
102 131 0
102 131 0
100 131 0
100 133 0
100 133 0
100 133 0
100 133 0
100 137 0
100 137 0
100 137 0
100 137 0
100 140 0
99 140 0
99 140 0
99 144 0
99 144 0
99 144 0
99 146 0
99 146 0
99 146 0
99 146 0
99 150 0
99 150 0
99 150 0
99 152 0
99 152 0
99 152 0
99 153 0
99 153 0
99 153 0
99 150 0
99 150 0
99 150 0
99 150 0
99 150 0
99 150 0
99 147 0
99 147 0
101 147 0
101 147 0
101 147 0
101 147 0
101 147 0
101 143 0
101 143 0
101 143 0
101 143 0
101 143 0
101 143 0
101 143 0
101 143 0
101 141 0
101 141 0
101 141 0
105 141 0
105 141 0
105 141 0
105 141 0
105 138 0
105 138 0
105 138 0
105 138 0
105 138 0
105 138 0
105 138 0
105 138 0
105 137 0
109 137 0
109 137 0
109 137 0
109 137 0
136 137 2
132 137 0
132 135 0
132 135 0
132 135 0
126 135 0
126 135 0
126 135 0
126 135 0
126 135 0
126 135 0
121 135 0
121 135 0
121 135 0
121 135 0
121 135 0
121 135 0
121 135 0
121 137 0
121 137 0
116 137 0
116 137 0
116 140 0
116 140 0
116 140 0
116 140 0
116 143 0
116 143 0
116 146 0
116 146 0
116 146 0
116 149 0
110 149 0
110 151 0
110 151 0
110 154 0
110 154 0
110 155 0
110 155 0
110 155 0
110 153 0
110 153 0
110 153 0
110 153 0
110 151 0
110 151 0
110 151 0
105 151 0
105 151 0
105 147 0
105 147 0
105 147 0
105 147 0
105 147 0
105 147 0
105 147 0
105 143 0
105 143 0
105 143 0
105 143 0
101 143 0
101 143 0
101 140 0
101 140 0
101 140 0
101 140 0
101 140 0
101 140 0
101 140 0
101 137 0
101 137 0
101 137 0
101 137 0
101 137 0
101 137 0
99 135 0
99 135 0
99 135 0
99 135 0
99 135 0
148 135 0
148 133 0
148 133 0
148 133 0
148 133 2
148 133 0
148 132 0
148 132 0
148 132 0
144 132 0
144 132 0
144 131 0
144 131 0
144 131 0
144 131 0
144 131 0
144 130 0
144 130 0
144 130 0
144 130 0
144 131 0
144 131 0
139 131 0
139 131 0
139 133 0
139 133 0
139 133 0
139 134 0
139 134 0
139 137 0
139 137 0
139 137 0
139 139 0
139 139 0
139 141 0
139 141 0
132 141 0
132 142 0
132 142 0
132 142 0
132 144 0
132 144 0
132 144 0
132 144 0
132 144 0
132 144 0
132 142 0
132 142 0
132 142 0
132 142 0
132 142 0
132 139 0
132 139 0
132 139 0
132 139 0
132 139 0
125 139 0
125 139 0
125 137 0
125 137 0
125 137 0
125 137 0
125 137 0
125 135 0
125 135 0
125 135 0
125 135 0
125 135 0
125 135 0
125 133 0
125 133 0
125 133 0
125 133 0
116 133 0
116 131 0
116 131 0
116 131 0
116 131 0
116 131 0
116 131 0
116 129 0
116 129 0
116 129 0
116 129 0
116 129 0
116 128 0
116 128 0
116 128 0
116 128 0
116 128 0
116 126 0
116 126 0
116 126 0
108 126 0
108 126 0
108 126 0
108 126 0
108 126 0
108 126 0
108 126 0
108 125 0
108 125 0
108 125 0
108 125 0
108 123 0
133 123 0
133 123 0
133 123 0
133 121 0
141 121 0
141 121 0
141 121 0
141 121 0
141 119 0
141 119 0
141 119 0
141 119 0
144 119 0
144 117 0
144 117 0
144 117 0
144 117 0
144 117 0
144 117 0
144 115 0
144 115 0
144 115 0
145 115 0
145 115 0
145 113 0
145 113 0
145 113 0
145 113 0
145 113 0
145 113 0
145 111 0
145 111 0
145 111 0
145 111 0
145 111 0
137 108 0
137 108 0
147 108 0
147 108 0
147 108 0
147 108 0
147 107 0
147 107 0
152 107 0
152 107 0
152 107 0
152 104 0
152 104 0
152 104 0
152 104 0
152 104 0
152 104 0
152 103 0
152 103 0
152 103 0
156 103 0
156 103 0
156 102 0
156 102 0
156 102 0
156 102 0
156 102 0
156 102 0
156 102 0
156 102 0
156 102 0
156 101 0
156 101 0
156 101 0
156 101 0
156 100 2
156 100 0
156 100 0
157 100 0
157 100 0
119 100 0
119 100 0
126 100 0
126 100 0
126 100 0
126 99 0
126 99 0
126 99 0
126 99 0
132 98 0
132 98 0
132 98 0
132 98 0
132 98 0
132 98 0
132 98 0
132 98 0
132 98 0
132 97 0
132 97 0
132 97 0
138 97 0
138 97 0
138 96 0
138 96 0
138 96 0
138 96 0
138 96 0
138 96 0
138 96 0
138 96 0
138 96 0
138 95 0
138 95 0
138 95 0
138 95 0
138 94 0
138 94 0
138 94 0
138 94 0
138 94 0
141 93 0
141 93 0
141 93 0
141 93 0
141 92 0
141 92 0
141 92 0
141 92 0
141 92 0
141 91 0
141 91 0
141 91 0
141 91 0
141 91 0
141 90 0
141 90 0
141 90 0
141 90 0
141 90 0
141 90 0
141 90 0
141 90 0
143 90 0
143 89 0
143 89 0
143 89 0
143 89 0
143 89 0
143 88 0
143 88 0
143 88 0
143 88 0
143 87 0
143 87 0
143 87 0
143 87 0
143 87 0
143 87 0
143 87 0
143 87 0
143 87 0
143 87 2
143 86 0
143 86 0
143 86 0
143 86 0
143 85 0
112 85 0
112 85 0
117 85 0
117 85 0
117 83 0
117 83 0
117 83 0
121 83 0
121 83 0
121 81 0
121 81 0
121 81 0
121 81 0
121 81 0
121 80 0
121 80 0
121 80 0
121 80 0
126 80 0
126 80 0
126 80 0
126 80 0
126 80 0
126 80 0
126 79 0
126 79 0
126 79 0
126 79 0
126 78 0
126 78 0
126 78 0
126 78 0
132 76 0
132 76 0
132 76 0
132 76 0
132 76 0
132 76 0
132 74 0
132 74 0
132 74 0
132 74 0
132 74 0
132 72 0
132 72 0
132 72 0
132 72 0
132 72 0
132 72 0
132 70 0
132 70 0
132 70 0
136 70 0
136 70 0
136 70 0
136 68 0
136 68 0
136 68 0
136 68 0
136 68 0
136 65 0
136 65 0
136 65 0
136 65 0
136 65 0
136 65 0
136 64 0
136 64 0
136 64 0
136 64 0
139 64 0
139 63 0
139 63 0
139 63 0
139 63 0
139 62 0
139 62 0
139 62 0
139 62 0
139 62 0
139 60 0
139 60 0
139 60 0
139 60 0
139 60 0
139 60 0
139 59 0
139 59 0
139 59 0
139 59 0
140 58 0
140 58 0
140 58 0
140 58 0
140 58 0
140 57 0
140 57 0
140 57 0
140 57 0
140 57 0
140 57 0
140 57 0
140 57 0
140 57 0
140 56 0
140 56 0
140 56 0
140 56 0
140 56 2
140 56 0
140 56 0
140 56 0
140 56 0
140 55 0
140 55 0
110 55 0
110 55 0
109 54 0
109 54 0
109 54 0
110 54 0
110 53 0
110 53 0
110 53 0
113 53 0
113 53 0
113 55 0
113 55 0
113 55 0
117 55 0
117 57 0
117 57 0
117 59 0
117 59 0
117 59 0
117 60 0
121 60 0
121 60 0
121 62 0
121 62 0
121 62 0
121 64 0
121 64 0
121 64 0
127 65 0
127 65 0
127 62 0
127 62 0
127 62 0
127 57 0
127 57 0
127 57 0
130 57 0
130 54 0
130 54 0
130 54 0
130 54 0
130 49 0
130 49 0
134 49 0
134 49 0
134 46 0
134 46 0
134 46 0
134 46 0
134 45 0
134 45 0
134 45 0
134 45 0
134 44 0
134 44 0
135 44 0
135 44 0
135 45 0
135 45 0
135 45 0
135 45 0
135 48 0
135 48 0
135 53 0
135 56 0
135 60 0
135 60 0
135 60 0
135 64 0
135 64 0
135 67 0
135 67 0
134 67 0
134 71 0
134 71 0
134 73 0
134 73 0
134 73 0
134 75 0
134 75 0
131 75 0
131 76 0
131 76 0
131 76 0
131 76 0
131 72 0
131 72 0
127 72 0
127 72 0
127 67 0
127 67 0
127 67 0
127 67 0
127 67 0
127 60 0
123 60 0
123 60 0
123 60 0
123 60 0
123 60 0
123 60 0
123 55 0
118 55 0
118 55 0
118 55 0
118 55 0
118 55 0
113 49 0
113 49 0
113 49 0
113 49 0
113 49 0
109 49 0
109 49 0
109 49 0
109 46 0
104 46 0
104 46 0
104 46 0
104 46 0
101 46 0
101 46 0
99 43 0
99 43 0
99 43 0
100 43 0
114 43 0
122 43 0
122 42 0
129 42 0
129 42 0
129 42 0
129 42 0
134 44 0
134 44 0
134 44 0
134 44 0
140 47 0
140 47 0
140 47 0
140 47 0
140 50 0
140 50 0
142 50 0
142 53 0
142 53 0
142 53 0
142 55 0
142 55 0
143 55 2
143 55 0
143 57 0
143 57 0
143 57 0
143 58 0
143 58 0
143 58 0
142 58 0
142 59 0
142 59 0
142 59 0
142 56 0
142 56 0
142 56 0
142 56 0
142 54 0
137 54 0
137 54 0
137 54 0
137 54 0
137 51 0
137 51 0
137 51 0
137 51 0
137 51 0
133 51 0
133 48 0
133 48 0
133 48 0
133 48 0
133 48 0
133 46 0
133 46 0
133 46 0
125 46 0
125 46 0
125 44 0
125 44 0
125 44 0
125 44 0
125 44 0
125 42 0
119 42 0
119 42 1
119 42 0
115 42 0
115 42 0
115 42 0
120 42 0
120 42 0
120 42 0
120 41 0
121 41 0
121 41 0
121 41 0
121 43 0
121 43 0
121 43 0
121 43 0
121 45 0
121 45 0
121 45 0
121 47 0
121 47 0
121 48 0
121 48 0
121 49 0
119 49 0
119 49 0
119 49 0
119 49 0
119 48 0
119 48 0
119 48 0
119 48 0
119 45 0
119 45 0
119 45 0
119 42 0
119 42 0
115 42 0
115 42 0
115 38 0
115 38 0
115 38 0
115 38 0
115 35 0
115 35 0
115 35 0
115 35 0
115 35 0
107 33 0
107 33 0
107 33 0
107 33 0
107 33 0
107 33 0
107 31 0
107 31 0
107 31 0
107 31 0
107 31 0
107 31 0
107 31 0
100 31 0
100 31 0
100 29 0
100 29 0
100 29 0
100 29 0
100 29 0
100 27 0
100 27 0
100 27 0
93 27 0
93 27 0
93 26 0
93 26 0
93 26 0
93 26 0
93 25 0
93 25 0
93 25 0
93 25 0
86 25 0
99 25 0
99 25 0
105 25 0
105 25 0
105 24 0
105 24 0
112 24 0
112 24 0
112 24 0
112 22 0
112 22 0
116 22 0
116 22 0
116 22 0
116 21 0
116 21 0
116 21 0
116 21 0
116 20 0
116 20 0
116 20 0
119 20 0
119 20 0
119 20 0
119 20 0
119 20 0
119 20 0
119 20 0
119 20 0
119 20 0
119 20 0
119 20 0
119 20 0
119 19 0
119 19 0
119 19 0
119 19 0
119 19 0
119 18 0
119 18 0
119 18 0
119 18 0
119 18 0
119 18 0
119 18 0
119 18 0
119 18 0
119 17 2
118 17 0
118 17 0
118 17 0
118 17 0
118 16 0
118 16 0
118 16 0
118 16 0
118 16 0
118 15 0
118 15 0
118 15 0
118 15 0
118 15 0
118 15 0
118 14 0
118 14 0
114 14 0
114 14 0
114 14 0
114 14 0
114 14 0
114 14 0
114 14 0
114 14 0
114 13 0
114 13 0
114 13 0
114 13 0
107 13 0
107 14 0
107 14 0
107 14 0
107 14 0
107 15 0
107 15 0
107 15 0
107 15 0
107 16 0
107 16 0
107 16 0
107 18 0
102 18 0
102 18 0
102 19 0
92 19 0
92 31 0
99 31 0
99 32 0
99 34 0
99 34 0
106 34 0
106 36 0
106 36 0
106 36 0
106 39 0
106 39 0
106 41 0
106 41 0
106 41 0
112 43 0
112 43 0
112 45 0
112 45 0
112 49 0
112 49 0
112 53 0
112 57 0
112 64 0
112 64 0
112 66 0
112 66 0
117 66 0
117 68 0
117 68 0
117 68 0
117 68 0
117 70 0
117 70 0
117 70 0
117 70 0
117 71 0
117 71 0
117 71 0
117 71 0
117 71 0
117 71 0
117 71 0
117 71 0
117 71 0
119 70 0
119 70 0
119 70 0
119 70 0
119 70 0
119 70 0
119 70 0
119 68 0
119 68 0
119 68 0
119 68 0
119 68 0
119 68 0
119 68 0
119 64 0
119 64 0
119 64 0
119 64 0
119 64 0
119 64 0
119 64 0
119 64 0
119 64 0
119 61 2
119 61 0
119 61 0
119 61 0
119 61 0
119 61 0
119 61 0
119 61 0
119 57 0
116 57 0
116 57 0
116 57 0
116 57 0
116 57 0
116 57 0
116 57 0
116 57 0
116 54 0
116 54 0
116 54 0
116 54 0
116 54 0
112 54 1
92 54 0
92 54 0
95 51 0
95 51 0
95 51 0
95 51 0
95 51 0
101 51 0
101 51 0
101 51 0
101 51 0
101 48 0
101 48 0
101 48 0
101 48 0
101 48 0
101 48 0
106 48 0
106 48 0
106 45 0
106 45 0
106 45 0
106 45 0
106 45 0
106 45 0
106 45 0
106 42 0
106 42 0
106 42 0
112 42 0
112 42 0
112 42 0
112 42 0
112 42 0
112 42 0
112 42 0
112 42 0
112 41 0
112 41 0
112 41 0
112 41 0
112 42 0
112 42 0
112 42 0
112 42 0
112 45 0
112 45 0
116 59 0
116 59 0
116 61 0
116 61 0
116 64 0
116 64 0
116 64 0
116 65 0
116 65 0
116 65 0
116 65 0
116 65 0
116 63 0
116 63 0
116 63 0
118 63 0
118 63 0
118 63 0
118 59 0
118 59 0
118 59 0
118 59 0
118 59 0
118 59 0
118 59 0
118 59 0
118 59 0
118 54 2
98 54 0
98 54 0
98 54 0
100 54 0
100 54 0
100 54 0
100 54 0
104 54 0
104 54 0
104 54 0
104 50 0
104 50 0
104 50 0
104 50 0
104 50 0
107 50 0
107 50 0
107 46 0
107 46 0
107 46 0
107 46 0
107 46 0
107 46 0
107 46 0
107 44 0
107 44 0
107 44 0
111 44 0
111 44 0
111 41 0
111 41 0
111 41 0
111 41 0
111 41 0
111 41 0
111 40 0
111 40 0
111 40 0
111 40 0
111 40 0
111 39 0
116 39 0
116 39 0
116 39 0
116 40 0
116 40 0
116 40 0
116 40 0
116 43 0
116 43 0
116 47 0
116 47 0
116 50 0
116 63 0
116 65 0
116 67 0
116 67 0
116 67 0
119 65 0
119 65 0
119 65 0
119 65 0
119 65 0
119 62 0
119 62 0
119 62 0
119 62 0
119 62 0
119 62 0
119 62 0
119 62 0
119 59 0
119 59 0
120 59 0
120 59 0
120 59 0
120 59 2
120 59 0
105 59 0
105 56 0
105 56 0
105 56 0
105 56 0
105 56 0
105 56 0
105 56 0
105 56 0
105 54 0
105 54 0
105 54 0
105 54 0
105 54 0
105 54 0
105 52 0
105 52 0
107 52 0
107 52 0
107 52 0
107 52 0
107 52 0
107 52 0
107 50 0
107 50 0
107 50 0
107 50 0
107 50 0
107 50 0
107 50 0
110 50 0
110 50 0
110 50 0
110 50 0
110 50 0
110 49 0
110 49 0
110 49 0
110 49 0
110 49 0
110 49 0
110 49 0
113 49 0
113 49 0
113 49 0
113 49 0
113 50 0
113 50 0
113 50 0
113 50 0
113 52 0
113 52 0
113 55 0
116 55 0
116 55 0
116 57 0
116 57 0
116 59 0
116 59 0
116 59 0
116 61 0
116 61 0
116 61 0
116 62 0
116 62 0
116 61 0
116 61 0
119 61 0
119 61 0
119 61 0
119 58 0
119 58 0
119 58 0
119 58 0
119 58 0
119 57 0
119 57 0
121 57 0
121 57 0
121 57 0
121 57 0
121 55 0
121 55 0
121 55 0
121 55 0
121 55 0
122 54 0
122 54 0
122 54 0
122 54 0
122 54 0
123 53 0
123 53 0
123 53 0
123 53 0
124 53 0
120 51 0
120 51 0
118 51 0
118 51 0
116 51 0
116 50 0
116 50 0
116 50 0
113 50 0
113 50 0
113 50 0
113 50 0
111 50 0
111 50 0
111 49 0
111 49 0
108 49 0
108 49 0
108 49 0
108 50 0
108 50 0
108 50 0
108 52 0
105 52 0
105 52 0
105 55 0
105 55 0
105 58 0
105 58 0
104 60 0
104 60 0
=== ini section ===
level_name=The wet forest
bady_start_speed=8
