1
1
4
56
56
2532376320
63
1532399872
97 188 0
97 193 0
98 194 0
100 194 0
101 195 0
102 197 0
103 200 0
103 202 0
104 204 0
105 204 0
105 206 0
106 209 0
106 209 0
107 209 0
107 211 0
107 211 0
108 215 0
108 215 0
109 217 0
109 217 0
109 219 0
109 219 0
110 222 0
110 222 0
111 222 0
111 225 0
112 225 0
112 225 0
112 227 0
112 227 0
112 227 0
112 229 0
112 229 0
112 229 0
113 232 0
113 232 0
113 234 0
113 234 0
113 237 0
114 237 0
114 239 0
114 239 0
115 240 0
115 240 0
115 241 0
115 241 0
115 242 0
115 242 0
115 242 0
115 243 0
115 243 0
116 244 0
116 244 0
116 244 0
116 244 0
117 244 0
117 244 0
117 244 0
117 244 0
117 244 0
117 244 0
118 244 0
118 244 0
118 244 0
118 244 0
118 244 0
118 244 0
118 244 0
118 244 0
118 244 0
118 243 0
118 243 0
119 243 0
119 243 0
119 243 0
119 243 0
120 243 0
120 242 0
120 242 0
120 242 0
120 242 0
120 241 0
120 241 0
120 241 0
120 241 0
120 241 0
120 241 0
120 241 0
120 241 0
120 239 0
120 239 0
120 239 0
120 239 0
120 239 0
120 238 0
120 238 0
120 238 0
120 238 0
120 236 0
120 236 0
120 236 0
120 236 0
120 234 0
120 234 0
120 234 0
120 234 0
119 234 0
119 232 0
119 232 0
119 232 0
119 230 0
119 230 0
119 230 0
119 230 0
118 228 0
118 228 0
118 226 0
118 226 0
118 226 0
117 225 0
117 224 0
117 224 0
117 223 0
115 222 0
115 220 0
115 219 0
115 217 0
113 216 0
113 214 0
113 214 0
113 212 0
111 212 0
111 211 0
111 210 0
111 209 0
111 209 0
109 207 0
109 207 0
109 205 0
108 205 0
108 204 0
108 203 0
105 201 0
105 200 0
105 198 0
103 197 0
103 196 0
103 196 0
101 196 0
101 195 0
99 194 0
99 194 0
101 194 0
101 194 0
104 194 0
104 194 0
104 194 0
107 195 0
107 195 0
107 195 0
110 195 0
110 195 0
110 196 0
110 196 0
110 196 0
113 196 0
113 197 0
113 197 0
113 197 0
116 198 0
116 198 0
116 198 0
116 200 0
116 200 0
116 200 0
119 200 0
119 202 0
119 202 0
119 202 0
119 203 0
119 203 0
119 203 0
119 205 0
119 205 0
121 205 0
121 207 0
121 207 0
121 208 0
121 209 0
121 209 0
121 211 0
121 211 0
123 213 0
123 216 0
123 216 0
123 218 0
123 218 0
123 221 0
123 223 0
123 223 0
123 224 0
123 224 0
125 227 0
125 227 0
125 229 0
125 229 0
125 231 0
125 231 0
125 232 0
125 232 0
125 232 0
126 233 0
126 234 0
126 234 0
126 235 0
126 236 0
126 238 0
126 238 0
126 238 0
126 238 0
126 238 0
126 240 0
127 240 0
127 240 0
127 240 0
127 240 0
127 241 0
127 241 0
127 241 0
127 242 0
127 242 0
127 242 0
127 243 0
127 243 0
127 243 0
127 243 0
127 243 0
127 243 0
127 243 0
127 243 0
127 243 0
127 243 0
127 243 0
127 243 0
127 243 0
127 243 0
127 243 0
127 243 0
127 243 0
127 243 0
127 243 0
127 243 0
127 243 0
127 242 0
127 241 0
127 241 0
127 240 0
127 240 0
127 239 0
127 238 0
127 237 0
127 237 0
127 237 0
127 235 0
127 232 0
127 231 0
127 229 0
126 228 0
126 227 0
126 225 0
126 224 0
126 223 0
126 221 0
126 221 0
126 220 0
124 219 0
124 218 0
124 217 0
124 216 0
124 215 0
124 215 0
124 214 0
122 214 0
122 213 0
122 213 0
122 213 0
122 213 0
97 212 0
97 212 0
101 212 0
101 212 0
101 212 0
101 212 0
105 212 0
105 212 0
105 212 0
105 212 2
110 212 0
110 212 0
110 212 0
110 212 0
110 212 0
110 212 0
110 212 0
110 212 0
114 212 0
114 213 0
114 213 0
114 213 0
114 213 0
114 213 0
114 214 0
118 214 0
118 214 0
118 215 0
118 217 0
118 218 0
118 218 0
118 220 0
118 220 0
118 220 0
118 221 0
122 221 0
122 222 0
122 223 0
122 223 0
122 225 0
122 225 0
122 225 0
122 225 0
125 225 0
125 226 0
125 226 0
125 226 0
125 227 0
125 227 0
125 227 0
125 227 0
125 227 0
125 227 0
128 227 0
128 228 0
128 228 0
128 228 0
128 228 0
128 228 0
128 228 0
128 228 0
129 228 0
129 229 0
129 229 0
129 229 0
129 229 0
129 229 0
129 229 0
129 229 0
130 229 0
130 229 0
130 229 0
130 229 0
130 229 0
130 228 0
130 227 0
130 226 0
130 225 0
130 223 0
130 219 0
130 216 0
130 214 0
130 212 0
130 209 0
130 208 0
130 205 0
130 204 0
130 202 0
130 200 0
130 199 0
130 197 0
130 195 0
130 193 0
130 192 0
129 191 0
129 188 0
129 187 0
129 185 0
129 231 0
129 231 0
127 231 0
127 238 0
127 238 0
127 238 0
127 242 0
127 242 0
127 242 0
123 242 0
123 246 0
123 246 0
123 246 0
123 246 0
123 249 0
119 249 0
119 249 0
119 249 0
119 249 0
119 250 0
119 250 0
119 250 0
115 250 0
115 250 0
115 250 0
115 250 0
115 250 0
115 250 0
115 250 0
115 250 0
115 250 0
111 250 0
111 250 0
111 250 0
111 250 0
111 250 0
111 250 0
111 250 0
111 250 0
105 248 0
105 248 0
105 248 0
105 248 0
105 248 0
105 248 0
105 248 0
105 248 0
101 248 0
101 248 0
101 244 0
101 244 0
101 244 0
101 244 0
101 244 0
95 244 0
95 244 0
95 244 0
95 244 0
95 244 0
95 244 0
90 244 0
90 240 0
90 240 0
90 240 0
90 240 0
85 240 0
85 240 0
85 240 0
85 240 0
82 240 0
82 234 0
82 234 0
77 234 0
72 234 0
72 234 0
72 234 0
74 234 0
74 234 0
74 234 0
77 234 0
77 234 0
77 234 2
81 229 0
81 229 0
81 229 0
81 229 0
84 229 0
84 229 0
84 229 0
84 229 0
90 229 0
90 229 0
90 221 0
90 221 0
90 221 0
90 221 0
90 221 0
90 221 0
90 221 0
95 221 0
95 221 0
95 221 0
95 215 0
95 215 0
95 215 0
95 215 0
95 215 0
95 215 0
101 215 0
101 215 0
101 208 0
101 208 0
101 208 0
101 208 0
101 208 0
101 208 0
101 208 0
101 208 0
101 208 0
101 208 0
107 203 0
107 203 0
107 203 0
107 203 0
107 203 0
107 203 0
107 203 0
107 203 0
107 197 0
107 197 0
107 197 0
112 197 0
112 197 0
112 197 0
112 192 0
112 192 0
112 192 0
112 192 0
112 192 0
112 188 0
112 188 0
112 188 0
112 188 0
112 183 0
112 183 0
112 183 0
112 180 0
115 180 0
115 173 0
115 171 0
115 170 1
115 170 0
115 170 0
115 171 0
115 171 0
115 171 0
115 174 0
115 174 0
115 177 0
115 177 0
115 177 0
120 183 0
120 183 0
120 183 0
120 183 0
120 190 0
120 190 0
120 190 0
120 190 0
120 190 0
120 196 0
120 196 0
120 196 0
120 196 0
120 196 0
123 203 0
123 203 0
123 203 0
123 203 0
123 203 0
123 203 0
123 203 0
123 211 0
123 211 0
123 211 0
123 211 0
123 211 0
123 211 0
125 211 0
125 218 0
125 218 0
125 218 0
125 218 0
125 218 0
125 218 0
125 218 0
125 218 0
125 224 0
125 224 0
125 224 0
125 224 0
125 224 0
125 224 0
127 224 0
127 230 0
127 230 0
127 230 0
127 230 0
127 230 0
127 230 0
127 230 0
127 230 0
127 235 0
127 235 0
127 235 0
127 235 0
127 235 0
127 235 0
127 235 0
127 238 0
127 238 0
127 238 0
127 238 0
127 238 0
127 238 0
127 238 0
127 239 0
127 239 0
127 239 0
127 239 0
127 239 0
127 239 0
127 239 0
127 239 0
127 239 0
127 239 0
126 239 0
126 239 0
126 239 0
126 239 0
78 239 0
80 239 0
80 239 0
82 239 0
82 239 0
82 238 0
82 238 0
86 238 2
86 238 0
86 238 0
91 238 0
91 238 0
91 234 0
91 234 0
91 234 0
95 234 0
95 234 0
95 234 0
95 234 0
95 234 0
101 231 0
101 231 0
101 231 0
101 231 0
101 231 0
101 231 0
101 231 0
101 226 0
101 226 0
105 226 0
105 226 0
105 226 0
105 226 0
105 226 0
105 226 0
105 226 0
105 226 0
105 221 0
105 221 0
105 221 0
112 221 0
112 221 0
112 221 0
112 221 0
112 215 0
112 215 0
112 215 0
112 215 0
112 215 0
112 215 0
112 215 0
112 211 0
115 211 0
115 211 0
115 211 0
115 211 0
115 211 0
115 206 0
115 206 0
115 206 0
115 206 0
115 206 0
115 200 0
115 200 0
115 180 1
120 185 0
120 191 0
120 191 0
120 191 0
120 199 0
120 199 0
120 199 0
120 199 0
120 205 0
120 205 0
120 205 0
120 205 0
120 215 0
123 215 0
123 215 0
123 215 0
123 215 0
123 222 0
123 222 0
123 222 0
123 222 0
123 222 0
123 222 0
123 228 0
123 228 0
123 228 0
123 228 0
123 228 0
125 228 0
125 228 0
125 235 0
125 235 0
125 235 0
125 235 0
125 235 0
125 235 0
125 235 0
125 235 0
125 240 0
125 240 0
126 240 0
126 240 0
126 240 0
126 240 0
126 240 0
126 240 0
126 240 0
126 244 0
126 244 0
126 244 0
126 244 0
126 244 0
126 244 0
126 244 0
126 244 0
126 246 0
126 246 0
126 246 0
126 246 0
126 246 0
126 246 0
126 246 0
126 246 0
126 246 0
126 246 0
126 246 0
126 246 0
126 246 0
126 246 0
126 246 0
126 246 0
126 246 0
124 246 0
124 246 0
124 246 0
124 246 0
124 246 0
124 246 0
124 246 0
121 246 0
121 246 0
121 246 0
121 242 0
121 242 0
121 242 0
121 242 0
117 242 0
117 242 0
117 242 0
117 242 0
112 242 0
112 238 0
112 238 0
112 238 0
112 238 0
108 238 0
108 238 0
77 238 0
77 238 0
80 238 0
80 238 0
83 235 0
83 235 2
83 235 0
83 235 0
87 235 0
87 235 0
87 235 0
87 235 0
87 235 0
92 229 0
92 229 0
92 229 0
92 229 0
92 229 0
92 229 0
92 229 0
99 229 0
99 229 0
99 229 0
99 229 0
99 225 0
99 225 0
99 225 0
99 225 0
99 225 0
99 225 0
99 225 0
104 225 0
104 225 0
104 220 0
104 220 0
104 220 0
104 220 0
104 220 0
104 220 0
104 220 0
104 220 0
108 220 0
108 220 0
108 215 0
108 215 0
108 215 0
108 215 0
108 215 0
108 215 0
108 215 0
108 215 0
108 210 0
108 210 0
114 210 0
114 210 0
114 210 0
114 210 0
114 210 0
114 210 0
114 207 0
114 207 0
114 207 0
114 207 0
114 207 0
114 207 0
114 202 0
114 202 0
117 202 0
117 202 0
117 202 0
117 199 0
117 199 0
117 199 0
117 199 0
117 185 0
117 185 0
117 185 1
117 189 0
117 189 0
120 195 0
120 195 0
120 195 0
120 202 0
120 202 0
120 208 0
120 208 0
120 208 0
120 214 0
120 214 0
120 214 0
120 214 0
120 222 0
121 222 0
121 222 0
121 222 0
121 228 0
121 228 0
121 228 0
121 228 0
121 228 0
121 228 0
121 235 0
121 235 0
121 235 0
121 235 0
121 235 0
121 235 0
121 240 0
121 240 0
121 240 0
121 240 0
121 240 0
121 240 0
120 240 0
120 245 0
120 245 0
120 245 0
120 245 0
120 245 0
120 245 0
120 245 0
120 245 0
120 247 0
118 247 0
118 247 0
118 247 0
118 247 0
118 247 0
118 247 0
118 249 0
117 249 0
117 249 0
117 249 0
117 249 0
115 249 0
115 249 0
115 249 0
115 249 0
111 249 0
111 249 0
111 249 0
107 249 0
107 249 0
107 249 0
107 249 0
107 248 0
101 248 0
101 248 0
101 248 0
101 248 0
96 248 0
96 248 0
96 248 0
96 248 0
91 248 0
91 245 0
91 245 0
91 245 0
85 245 0
85 245 0
85 245 0
81 245 0
81 245 0
81 245 0
76 243 0
73 243 0
70 243 0
70 243 0
73 243 0
75 243 0
75 243 2
75 243 0
80 243 0
80 243 0
80 238 0
85 238 0
85 238 0
85 238 0
85 238 0
92 238 0
92 238 0
92 238 0
92 238 0
92 238 0
92 234 0
98 234 0
98 234 0
98 234 0
98 234 0
98 234 0
98 234 0
98 234 0
104 234 0
104 229 0
104 229 0
104 229 0
104 229 0
104 229 0
104 229 0
104 229 0
112 229 0
112 229 0
112 229 0
112 225 0
112 225 0
112 225 0
112 225 0
112 225 0
112 225 0
112 225 0
117 225 0
117 220 0
117 220 0
117 220 0
117 220 0
117 220 0
117 220 0
117 220 0
117 215 0
117 215 0
122 215 0
122 215 1
122 215 0
122 203 0
122 203 0
122 211 0
122 211 0
122 218 0
122 218 0
122 218 0
122 224 0
125 224 0
125 224 0
125 224 0
125 232 0
125 232 0
125 232 0
125 232 0
125 232 0
125 232 0
125 232 0
125 238 0
127 238 0
127 238 0
127 238 0
127 238 0
127 238 0
127 238 0
127 245 0
127 245 0
127 245 0
127 245 0
127 245 0
127 245 0
127 245 0
127 245 0
127 245 0
127 250 0
127 250 0
127 250 0
127 250 0
127 250 0
127 250 0
127 250 0
127 250 0
127 254 0
127 254 0
127 254 0
127 254 0
127 254 0
127 254 0
127 254 0
127 254 0
125 254 0
125 254 0
125 254 0
125 254 0
125 255 0
125 255 0
125 255 0
125 255 0
125 255 0
123 255 0
123 255 0
123 255 0
123 255 0
123 257 0
123 257 0
123 257 0
118 257 0
118 257 0
118 257 0
118 257 0
118 257 0
118 257 0
118 257 0
118 257 0
115 256 0
115 256 0
115 256 0
115 256 0
115 256 0
115 256 0
110 256 0
110 256 0
110 256 0
110 256 0
110 256 0
110 255 0
76 255 0
80 255 0
80 255 0
80 255 0
86 255 0
86 255 0
86 255 0
92 255 0
92 255 2
92 252 0
92 252 0
98 252 0
98 252 0
98 252 0
98 252 0
98 252 0
98 252 0
98 252 0
98 252 0
104 252 0
104 252 0
104 252 0
104 249 0
104 249 0
104 249 0
104 249 0
104 249 0
112 249 0
112 249 0
112 249 0
112 249 0
112 249 0
112 249 0
112 245 0
112 245 0
112 245 0
112 245 0
112 245 0
116 245 0
116 245 0
116 245 0
116 245 0
116 245 0
116 245 0
116 245 0
116 241 0
116 241 0
116 241 0
116 241 0
120 241 0
120 241 0
120 241 0
120 241 0
120 241 0
120 236 0
120 236 0
120 236 0
120 236 0
120 236 0
120 236 0
120 236 0
120 236 0
120 236 0
120 236 0
123 236 0
123 232 0
123 232 0
123 232 0
123 232 0
123 232 0
123 232 0
123 232 0
123 232 0
123 225 0
123 225 0
123 225 0
125 225 0
125 225 0
125 225 0
125 225 0
125 225 0
125 221 0
125 221 0
125 221 0
125 221 0
125 221 0
125 221 0
125 221 0
125 217 0
125 217 0
125 217 0
125 217 0
125 217 0
125 217 0
125 211 0
125 211 0
125 63 0
125 63 0
125 63 0
125 63 0
125 63 0
125 63 0
125 63 0
125 63 0
125 63 0
125 63 0
125 63 0
125 63 0
125 63 0
125 63 0
125 63 0
125 63 0
122 63 0
122 63 0
122 63 0
122 63 0
122 63 0
122 63 0
122 63 1
122 63 0
122 63 0
122 63 0
122 63 0
122 63 0
119 63 0
119 63 0
119 63 0
119 63 0
119 63 0
119 63 0
119 63 0
119 63 0
119 63 0
114 63 0
114 63 0
114 63 0
114 63 0
114 63 0
114 63 0
114 63 0
114 63 0
114 63 0
114 63 0
110 63 0
110 63 0
110 63 0
110 63 0
110 63 0
110 63 0
110 63 0
104 63 0
104 63 0
104 63 0
104 63 0
104 63 0
104 63 0
70 63 0
70 63 0
74 63 0
74 63 0
74 63 0
80 63 0
80 63 0
80 63 0
80 63 2
84 63 0
84 63 0
84 63 0
84 63 0
84 63 0
91 63 0
91 63 0
91 63 1
91 63 0
91 63 0
91 63 0
91 63 0
91 63 0
97 63 0
97 63 0
97 63 0
97 63 0
97 63 0
97 63 0
97 63 0
97 63 0
102 63 0
102 63 0
102 63 0
102 63 0
102 63 0
102 63 0
102 63 0
102 63 0
102 63 0
102 63 0
107 63 0
107 62 0
107 62 0
107 62 0
107 62 0
107 62 0
107 62 0
107 62 0
107 62 1
107 62 0
107 62 0
107 62 0
111 62 0
111 62 0
111 62 0
111 62 0
111 62 0
111 62 0
111 62 0
111 62 0
111 62 0
111 62 0
111 62 0
115 62 0
115 62 0
115 62 0
115 62 0
115 62 0
115 62 0
115 62 0
115 62 0
115 62 0
115 62 0
115 62 0
115 62 0
115 62 0
115 69 0
116 72 0
116 78 0
116 84 0
116 90 0
116 96 0
116 105 0
116 109 0
116 115 0
116 118 0
116 120 0
116 122 0
117 126 0
117 128 0
117 131 0
117 133 0
117 145 0
117 151 0
117 156 0
117 162 0
117 165 0
117 167 0
117 170 0
117 173 0
117 177 0
116 178 0
116 181 0
116 183 0
116 185 0
116 187 0
116 189 0
116 190 0
116 191 0
116 193 0
116 195 0
113 196 0
113 198 0
113 201 0
113 202 0
113 204 0
113 204 0
113 205 0
113 206 0
113 208 0
113 210 0
111 212 0
111 213 0
111 214 0
111 215 0
111 216 0
111 218 0
111 219 0
107 220 0
107 220 0
107 221 0
107 221 0
107 223 0
107 223 0
102 223 0
102 224 0
102 225 0
102 226 0
102 226 0
102 226 0
102 227 0
98 227 0
98 228 0
98 228 0
98 229 0
98 229 0
91 230 0
91 230 0
51 230 0
56 231 0
9 231 0
9 232 0
9 232 0
9 232 0
9 233 0
9 233 0
9 234 0
9 234 0
9 235 0
9 235 0
9 235 0
9 236 0
9 236 0
9 237 0
9 237 0
9 238 0
9 238 0
9 238 0
9 239 0
9 239 0
9 239 0
9 239 0
9 240 4
9 241 0
9 241 0
9 241 0
9 242 0
9 242 0
9 243 0
9 243 0
9 243 0
9 244 0
9 244 0
9 245 0
9 245 0
9 245 0
9 245 0
9 245 0
9 245 0
9 245 0
9 246 0
9 246 0
9 246 0
9 246 0
9 246 0
9 246 0
9 247 0
9 247 0
9 247 0
9 247 0
9 247 0
9 247 0
9 247 0
9 247 0
9 247 0
9 247 0
9 246 0
9 246 0
9 246 0
9 246 0
9 246 0
9 246 0
9 246 0
9 246 0
9 244 0
9 244 0
9 244 0
9 244 0
9 244 0
9 244 0
9 244 0
9 244 0
9 244 0
9 244 0
9 244 0
9 244 0
9 244 0
9 244 0
9 244 0
10 244 0
10 244 0
10 244 0
10 244 0
10 243 0
10 243 0
10 243 0
11 243 0
11 243 0
11 243 0
11 242 0
11 242 0
11 242 0
11 242 0
11 241 0
11 241 0
11 241 0
11 241 0
11 241 0
11 241 0
11 241 0
11 240 0
11 240 0
11 240 0
11 240 0
11 240 0
11 240 0
11 239 0
11 239 4
11 239 0
11 239 0
11 239 0
11 239 0
11 238 0
11 238 0
11 238 0
11 238 0
11 237 0
11 237 0
11 237 0
11 237 0
11 236 0
11 236 0
11 236 0
11 235 0
11 235 0
11 235 0
12 235 0
12 235 0
12 234 0
12 234 0
12 234 0
12 234 0
12 233 0
12 233 0
13 232 0
13 232 0
13 232 0
14 232 0
14 230 0
14 228 0
14 227 0
14 227 0
14 227 0
14 227 0
14 228 0
15 228 0
15 229 0
15 230 0
16 230 0
16 225 0
16 224 0
16 226 0
16 226 0
16 227 0
16 227 0
16 228 0
16 228 0
46 228 0
52 228 0
52 228 0
52 224 0
52 225 0
59 226 0
59 227 0
59 227 0
59 227 0
65 227 0
65 224 0
65 220 0
65 218 0
65 218 0
65 217 0
65 219 0
65 222 0
71 222 0
71 224 0
71 225 0
71 225 0
71 222 0
71 221 0
71 222 0
71 223 0
71 215 0
76 216 0
76 213 0
76 214 0
76 216 0
76 213 0
76 212 0
76 210 0
76 209 0
76 206 0
81 208 0
81 208 0
81 205 0
81 205 0
81 205 0
81 205 0
81 201 0
81 201 0
81 201 0
81 197 0
81 193 0
83 189 0
83 189 0
83 185 0
83 181 0
83 171 0
83 174 0
83 174 0
83 174 0
83 174 0
83 174 0
84 174 0
84 174 0
84 175 0
84 175 0
84 178 0
84 192 0
84 208 0
84 208 0
84 219 0
84 219 0
84 219 0
84 227 0
84 227 0
84 227 0
84 238 0
84 238 0
84 238 0
84 238 0
84 246 0
84 246 0
84 246 0
84 246 0
84 255 0
84 255 0
84 255 0
84 255 0
84 255 0
84 264 0
84 264 0
84 264 0
84 264 0
84 264 0
84 270 0
84 270 0
82 270 0
82 270 0
82 270 0
82 270 0
82 270 0
82 275 0
82 275 0
82 275 0
82 275 0
82 275 0
82 275 0
82 275 0
79 275 0
79 278 0
79 278 0
79 278 0
79 278 0
79 278 0
79 278 0
79 278 0
79 278 0
73 279 0
73 279 0
73 279 0
73 279 0
73 279 0
73 279 0
73 279 0
73 279 0
73 279 0
68 279 0
68 279 0
68 279 0
68 279 0
68 279 0
68 279 0
68 279 0
68 279 0
62 277 0
62 277 0
62 277 0
62 277 0
62 277 0
62 277 0
62 277 0
57 277 0
57 277 0
57 277 0
57 277 0
57 277 0
47 274 2
54 274 0
54 274 0
61 274 0
61 274 0
61 274 0
69 274 0
69 274 0
69 274 0
69 274 0
76 274 0
76 271 0
76 271 0
76 271 0
83 271 0
83 271 0
83 271 0
83 271 0
83 271 0
83 271 0
83 271 0
83 271 0
87 271 0
87 266 0
87 266 0
87 266 0
87 266 0
87 266 0
87 266 0
87 266 0
91 266 0
91 266 0
91 266 0
91 266 0
91 266 0
91 266 0
91 261 0
91 261 0
91 261 0
93 261 0
93 261 0
93 261 0
93 261 0
93 261 0
93 261 0
93 261 0
93 256 0
93 256 0
93 256 0
93 256 0
93 256 0
93 256 0
93 256 0
93 256 0
93 256 0
93 256 0
93 256 0
93 256 0
93 251 0
93 251 0
93 251 0
93 251 0
93 251 0
93 251 0
93 251 0
93 251 0
93 251 0
93 245 0
93 245 0
93 245 0
93 245 0
92 245 0
92 245 0
92 245 0
92 245 0
92 245 0
92 242 0
92 247 0
92 260 0
92 260 0
92 271 0
92 271 0
89 271 0
89 271 0
89 280 0
89 280 0
89 280 0
89 280 0
89 293 0
89 293 0
89 293 0
89 293 0
85 300 0
85 300 0
85 300 0
85 300 0
85 308 0
85 308 0
85 308 0
85 308 0
78 308 0
78 313 0
78 313 0
78 313 0
78 313 0
78 313 0
78 313 0
78 313 0
78 319 0
73 319 0
73 319 0
73 319 0
73 319 0
73 319 0
73 319 0
67 319 0
67 319 0
67 319 0
67 322 0
67 322 0
67 322 0
61 322 0
61 322 0
61 322 0
61 322 0
55 322 0
55 322 0
55 322 0
55 322 0
48 325 2
48 325 0
49 325 0
49 325 0
56 325 0
62 325 0
62 325 0
62 325 0
69 325 0
69 325 0
69 325 0
69 325 0
76 325 0
76 325 0
76 325 0
76 325 0
76 325 0
82 325 0
82 325 0
82 325 0
82 325 0
82 325 0
82 325 0
82 325 0
87 325 0
87 324 0
87 324 0
87 324 0
87 324 0
87 324 0
87 324 0
87 324 0
87 324 0
90 324 0
90 324 0
90 324 0
90 324 0
90 322 0
90 322 0
90 322 0
90 322 0
90 322 0
92 322 0
92 322 0
92 322 0
92 322 0
92 322 0
92 322 0
92 322 0
92 322 0
92 322 0
92 318 0
92 318 0
94 318 0
94 318 0
94 318 0
94 318 0
94 318 0
94 318 0
94 318 0
94 318 0
94 318 0
94 318 0
93 318 0
93 312 0
93 312 0
93 312 0
93 312 0
93 312 0
93 312 0
93 312 0
93 312 0
93 312 0
93 312 0
91 312 0
91 312 0
91 312 0
91 312 0
91 306 0
91 306 0
91 306 0
91 306 0
91 306 0
91 306 0
87 306 0
87 306 0
87 306 0
87 306 0
87 306 0
87 300 0
87 300 0
87 300 0
87 300 0
82 300 0
82 300 0
82 300 0
82 300 0
82 300 0
82 300 0
82 300 0
82 300 0
78 294 0
78 294 0
78 294 0
78 294 0
78 294 0
78 294 0
78 294 0
71 294 0
71 294 0
71 288 0
71 288 0
71 288 0
71 288 0
71 288 0
66 288 0
66 288 0
66 288 0
66 288 0
66 283 0
59 283 0
59 283 0
59 283 0
59 283 0
64 283 2
64 283 0
64 277 0
64 277 0
69 277 0
69 277 0
69 277 0
69 272 0
75 272 0
75 272 0
75 272 0
75 267 0
75 267 0
75 267 0
80 255 0
80 250 0
80 250 0
80 245 0
80 245 0
80 238 0
80 234 0
85 75 0
85 75 0
85 75 0
85 75 0
85 75 0
85 75 0
85 75 0
85 76 0
85 76 0
85 76 0
88 76 0
88 76 0
88 76 0
88 76 0
88 76 1
88 76 0
88 76 0
88 76 0
88 76 0
91 76 0
91 76 0
91 76 0
91 76 0
91 76 0
91 76 0
91 76 0
91 76 0
91 76 0
91 76 0
91 76 0
91 76 0
91 76 0
91 76 0
91 75 0
91 75 0
91 75 0
91 75 0
91 75 0
91 75 0
91 75 0
91 74 0
91 74 0
91 74 0
91 74 0
91 74 0
91 74 0
91 74 0
91 74 0
91 74 0
91 74 0
91 74 0
90 74 0
90 73 0
90 73 0
90 73 0
90 73 0
90 73 0
90 73 0
90 72 0
87 72 0
87 72 0
87 72 0
87 72 0
87 72 0
87 72 0
87 72 0
87 72 0
87 72 0
83 72 0
83 72 4
83 72 0
83 72 0
83 72 0
83 72 0
83 72 0
79 72 0
79 72 0
79 72 0
79 72 0
79 72 0
79 72 0
74 72 0
74 72 0
74 72 0
74 72 0
74 71 0
70 71 0
70 71 0
70 71 0
70 71 0
64 71 0
64 71 0
64 71 0
64 71 0
60 71 0
60 71 0
44 71 0
44 71 0
44 71 0
46 71 0
46 71 0
51 71 0
51 71 0
51 71 0
55 71 0
55 71 0
55 71 0
55 71 0
60 71 0
60 71 0
60 71 0
60 71 0
67 71 0
67 71 0
67 71 0
67 71 0
67 71 0
67 71 0
72 71 0
72 71 0
72 71 0
72 71 0
72 71 0
72 71 0
72 71 0
72 71 0
78 71 0
78 71 0
78 71 0
78 71 0
78 71 4
78 71 0
78 71 0
78 71 0
78 71 0
83 71 0
83 71 0
83 71 0
83 71 0
83 71 0
83 71 0
83 71 0
83 71 0
83 71 0
86 71 0
86 71 0
86 71 0
86 71 0
86 71 0
86 71 0
86 71 0
86 71 0
86 71 0
86 71 0
88 71 0
88 71 0
88 72 0
88 72 0
88 72 0
88 73 0
88 74 0
88 74 0
88 75 0
90 76 0
90 77 0
90 78 0
90 79 0
90 80 0
90 81 0
90 82 0
90 82 0
90 82 0
90 82 0
90 83 0
90 83 0
90 83 0
90 83 0
90 83 0
90 276 0
90 276 0
89 285 0
89 285 0
89 292 0
89 292 0
89 292 0
89 300 0
89 300 0
89 300 0
85 300 0
85 307 0
85 307 0
85 307 0
85 307 0
85 307 0
85 307 0
85 314 0
85 314 0
82 314 0
82 314 0
82 314 0
82 314 0
82 320 0
82 320 0
82 320 0
78 320 0
78 320 0
78 320 0
78 325 0
78 325 0
78 325 0
73 325 0
73 325 0
73 325 0
73 325 0
73 325 0
45 328 0
50 328 0
50 328 0
57 328 0
57 328 0
57 328 0
57 330 0
63 330 0
63 330 0
63 330 0
63 330 0
63 330 0
71 330 0
71 330 0
71 330 0
71 330 0
71 330 0
71 330 0
71 330 0
76 330 0
76 330 0
76 330 0
76 330 0
76 330 0
76 330 0
76 330 0
76 330 0
76 328 0
82 328 0
82 328 0
82 328 0
82 328 0
82 328 0
82 328 0
82 328 0
82 328 0
82 325 0
82 325 0
82 325 0
82 325 0
86 325 0
86 325 0
86 325 0
86 325 0
86 325 0
86 325 0
86 319 0
86 319 0
86 319 0
86 319 0
86 319 0
89 319 0
89 319 0
89 319 0
89 319 0
89 319 0
89 319 0
89 315 0
89 315 0
89 315 0
89 315 0
89 315 0
91 315 0
91 315 0
91 315 0
91 315 0
91 315 0
91 309 0
91 309 0
91 309 0
91 309 0
91 309 0
91 309 0
91 309 0
91 309 0
92 309 0
92 309 0
92 309 0
92 309 0
92 304 0
92 304 0
92 304 0
92 304 0
92 304 0
92 304 0
92 304 0
92 304 0
92 304 0
92 304 0
92 297 0
92 297 0
92 297 0
92 297 0
92 297 0
92 297 0
92 297 0
92 297 0
92 290 0
92 290 0
91 290 0
91 290 0
91 290 0
91 290 0
91 290 0
91 290 0
91 290 0
91 290 0
91 286 0
87 286 0
87 286 0
87 286 0
87 286 0
87 286 0
87 286 0
63 280 0
16 280 0
18 280 0
18 280 0
19 280 0
19 280 0
19 275 0
19 275 0
19 275 0
19 275 0
19 268 0
19 268 0
19 268 0
19 268 0
19 263 0
18 263 0
18 263 0
18 263 0
18 257 0
18 240 0
18 247 0
18 254 0
18 254 0
18 254 0
18 262 0
18 262 0
18 262 0
18 269 0
18 269 0
18 269 0
19 269 0
19 276 0
19 276 0
19 276 0
19 276 0
19 276 0
19 282 0
19 282 0
19 282 0
19 282 0
19 282 0
19 282 0
19 286 0
19 286 0
19 286 0
19 286 0
19 286 0
19 286 2
19 286 0
19 290 0
19 290 0
19 290 0
19 290 0
19 290 0
19 290 0
19 290 0
19 290 0
19 290 0
19 292 0
19 292 0
19 292 0
19 292 0
19 292 0
19 292 0
19 292 0
19 292 0
20 293 0
20 293 0
20 293 0
20 293 0
21 293 0
21 293 0
21 293 0
21 293 0
21 292 0
21 292 0
21 292 0
21 292 0
22 292 0
22 292 0
22 292 0
22 292 0
22 292 0
22 290 0
22 290 0
22 290 0
22 290 0
22 290 0
22 290 0
22 290 0
22 290 0
22 286 0
22 286 0
22 286 0
22 286 0
21 286 0
21 286 0
21 286 0
21 280 0
21 280 0
21 280 0
21 280 0
21 280 0
21 280 0
21 280 0
21 280 0
21 280 0
21 280 0
21 273 0
21 273 0
21 273 0
21 273 0
21 273 0
21 273 0
22 273 0
22 273 0
22 265 0
22 265 0
22 265 0
22 265 0
22 265 2
22 265 0
22 265 0
22 256 0
22 256 0
22 256 0
22 256 0
22 256 0
22 256 0
22 256 0
22 256 0
22 248 0
22 248 0
22 248 0
22 248 0
22 248 0
22 248 0
22 248 0
22 238 0
23 238 0
23 238 0
23 238 0
23 238 0
24 238 0
24 238 0
24 238 0
24 230 0
24 230 0
24 230 0
24 230 0
24 230 0
24 230 0
24 230 0
24 220 0
24 150 0
24 150 0
24 154 0
24 158 0
24 158 0
24 158 0
24 166 0
24 166 0
24 166 0
24 166 0
24 172 0
24 172 0
24 172 0
24 172 0
24 179 0
24 179 1
24 179 0
24 179 0
24 179 0
24 188 0
24 188 0
24 188 0
24 188 0
24 188 0
24 188 0
24 188 0
24 196 0
24 196 0
23 196 0
23 196 0
23 196 0
23 196 0
23 196 0
23 196 0
23 205 0
23 205 0
23 205 0
23 205 0
23 205 0
23 205 0
23 205 2
23 205 0
23 212 0
22 212 0
22 212 0
22 212 0
22 212 0
22 212 0
21 212 0
21 212 0
21 212 0
20 219 0
20 219 0
20 219 0
20 219 0
20 219 0
20 219 0
20 219 0
19 219 0
19 219 0
19 219 0
19 225 0
19 225 0
19 225 0
19 225 0
19 225 0
19 225 0
19 225 0
19 225 0
19 225 0
19 225 0
19 230 0
20 230 0
20 230 0
20 230 0
21 230 0
21 230 0
21 230 0
22 230 0
22 230 0
22 230 0
22 233 0
23 233 0
23 233 0
23 233 0
23 233 0
24 233 0
25 233 0
26 233 0
27 233 0
27 234 0
28 234 0
28 234 0
29 234 0
29 234 0
65 234 0
65 234 0
70 234 0
70 235 0
70 235 0
76 235 0
76 235 0
76 235 0
76 235 0
81 235 0
81 235 0
81 235 0
81 235 0
81 235 0
87 235 0
87 235 0
87 235 0
87 235 0
87 235 0
87 232 0
87 232 0
93 232 0
93 232 0
93 232 0
93 232 0
93 232 0
93 229 0
93 229 0
99 229 0
99 229 0
99 229 0
99 229 0
99 229 0
99 224 0
99 224 0
99 224 0
103 224 0
103 224 0
103 224 0
103 224 0
103 218 0
103 218 0
103 218 0
103 218 0
103 218 0
105 218 0
105 212 0
105 212 0
105 212 0
105 212 0
105 212 0
105 212 0
105 212 0
105 205 0
108 205 0
108 205 0
108 205 0
108 205 0
108 205 0
108 200 0
108 200 0
108 200 0
108 200 0
109 200 0
109 200 0
109 193 0
109 193 0
109 193 0
109 193 0
109 193 0
109 193 0
109 193 0
109 187 0
109 187 1
109 187 0
109 187 0
109 180 0
109 160 0
109 167 0
109 174 0
109 174 0
107 174 0
107 182 0
107 182 0
107 182 0
107 182 0
107 192 0
107 192 0
104 192 0
104 192 0
104 201 0
104 201 0
104 201 0
104 201 0
104 201 0
100 201 0
100 210 0
100 210 0
100 210 0
100 210 0
95 210 0
95 210 0
95 210 0
95 217 0
95 217 0
90 217 0
77 217 0
77 217 0
77 217 0
83 217 0
83 225 0
83 225 0
90 225 0
90 225 0
90 225 0
90 225 0
97 225 0
97 225 0
97 225 0
97 225 0
97 231 0
103 231 0
103 231 0
103 231 0
103 231 0
103 231 0
103 231 0
109 231 0
109 231 0
109 237 0
109 237 0
109 237 0
109 237 0
109 237 0
109 237 0
109 237 0
109 237 0
113 237 0
113 237 0
113 237 0
113 241 0
113 241 0
113 241 0
113 241 0
113 241 0
117 241 0
117 241 0
117 241 0
117 241 0
117 243 0
117 243 0
117 243 0
117 243 0
117 243 0
120 243 0
120 243 0
120 243 0
120 243 0
120 244 0
120 244 0
120 244 0
120 244 0
120 244 0
120 244 0
121 244 0
121 244 0
121 244 0
121 244 0
121 244 0
121 244 0
121 244 0
121 244 0
121 244 0
121 244 0
121 244 0
121 244 0
121 242 0
121 242 0
121 242 0
121 242 0
121 242 0
121 242 0
121 242 0
121 242 0
121 242 0
121 242 0
121 242 0
121 239 0
121 239 0
121 239 0
121 239 0
121 239 0
121 239 0
119 239 0
119 234 0
119 234 0
119 234 0
119 234 0
119 234 0
119 234 0
119 234 0
116 234 0
116 234 0
116 229 0
116 229 0
116 229 0
116 229 0
116 229 0
111 229 0
111 229 0
111 229 0
111 224 0
111 224 0
111 224 0
111 224 0
107 224 0
107 224 0
107 224 0
77 224 0
84 218 0
90 218 0
90 218 0
90 218 0
98 218 0
98 218 0
98 218 0
98 212 0
104 212 0
104 212 0
104 212 0
104 212 0
111 212 0
111 204 0
111 77 0
111 77 0
111 77 0
111 76 0
111 76 0
111 76 0
111 76 0
116 75 0
116 75 0
116 75 0
116 75 0
116 75 0
116 75 0
116 75 0
116 75 0
116 75 0
121 75 0
121 75 0
121 75 0
121 75 0
121 75 0
121 75 0
121 75 0
121 75 0
121 75 0
124 75 0
124 75 0
124 75 0
124 75 0
124 75 0
124 75 0
124 75 0
124 75 0
124 75 0
124 75 0
124 75 0
124 75 0
124 75 0
126 75 0
126 75 0
126 75 0
126 75 0
126 75 0
126 75 0
126 75 0
126 75 0
126 75 0
126 75 0
126 75 0
126 75 0
126 75 0
126 75 0
126 75 0
126 75 0
126 75 0
126 75 0
126 75 0
126 75 0
126 75 0
126 75 0
126 75 0
126 75 0
126 75 0
126 75 0
126 75 0
126 75 0
126 75 4
126 75 0
126 75 0
123 75 0
123 75 0
123 75 0
123 75 0
123 75 0
123 75 0
123 75 0
123 75 0
123 75 0
123 75 0
119 75 0
119 75 0
119 75 0
119 75 0
119 75 0
119 75 0
119 75 0
114 75 0
114 75 0
114 75 0
114 75 0
114 75 0
114 75 0
109 75 0
78 75 0
78 75 0
82 75 0
82 75 0
89 75 0
89 75 0
89 75 0
89 75 0
94 75 0
94 75 0
94 75 0
94 75 0
94 75 0
94 75 0
101 75 0
101 75 0
101 75 0
101 75 0
101 75 0
101 75 0
101 75 0
101 75 0
106 75 0
106 75 0
106 75 0
106 75 0
106 75 0
106 75 0
106 75 0
106 75 0
106 75 0
111 75 0
111 75 0
111 75 0
111 75 0
111 75 0
111 75 0
111 75 0
111 75 0
111 75 0
111 75 0
111 75 0
114 75 0
114 75 0
114 75 0
114 75 0
114 75 0
114 75 0
114 75 0
114 74 0
114 74 0
114 74 0
114 74 0
116 74 0
116 73 0
116 73 0
116 73 0
116 73 0
116 73 0
116 73 0
116 73 0
116 73 0
117 73 0
117 73 0
117 73 0
117 73 0
117 73 0
117 73 0
117 73 0
117 73 0
117 73 0
117 73 0
117 74 0
117 74 0
117 74 0
117 75 0
117 75 0
117 76 0
117 76 0
117 77 0
117 77 0
117 77 0
116 215 0
116 215 0
116 215 0
116 225 0
116 225 0
116 225 0
116 233 0
116 233 0
116 233 0
113 233 0
113 243 0
113 243 0
113 243 0
113 243 0
113 243 0
109 243 0
109 251 0
109 251 0
109 251 0
109 251 0
109 251 0
109 251 0
106 251 0
106 251 0
106 258 0
106 258 0
102 258 0
102 258 0
102 258 0
102 258 0
96 258 0
96 258 0
96 266 0
96 266 0
77 266 0
85 266 0
42 266 0
42 266 0
42 266 0
42 266 0
42 266 0
42 266 0
42 271 0
42 271 0
42 271 0
43 271 0
43 271 0
43 271 0
43 271 0
44 271 0
44 271 0
44 276 0
44 276 0
44 276 0
44 276 0
44 276 0
44 276 0
44 276 0
44 276 0
44 276 0
44 276 0
44 279 0
44 279 0
44 279 0
44 279 0
44 279 0
44 279 0
44 279 0
44 279 0
44 279 0
44 279 0
44 279 0
45 281 0
45 281 0
45 281 0
45 281 0
45 281 0
45 281 0
45 281 0
45 281 0
45 281 0
45 281 0
45 281 0
45 281 0
45 281 0
45 281 0
45 281 2
45 281 0
45 281 0
45 281 0
45 281 0
45 281 0
45 281 0
45 281 0
45 281 0
45 280 0
45 280 0
45 280 0
45 280 0
45 280 0
45 280 0
45 280 0
45 280 0
45 280 0
45 280 0
45 280 0
45 280 0
45 277 0
46 277 0
46 277 0
46 277 0
46 277 0
46 277 0
46 277 0
46 277 0
46 277 0
46 273 0
46 273 0
46 273 0
46 273 0
46 273 0
46 273 0
46 273 0
46 273 0
46 273 0
46 269 0
46 269 0
47 269 0
47 269 0
47 269 0
47 269 0
47 269 0
48 269 0
48 263 0
48 263 0
48 263 0
48 263 0
48 263 0
48 263 0
48 256 0
48 256 0
48 256 0
48 256 0
48 256 0
48 256 0
48 249 0
48 249 0
48 249 0
48 194 0
48 194 0
48 202 0
48 202 0
48 202 0
48 209 0
48 209 0
48 209 1
48 220 0
48 220 0
48 220 0
48 220 0
48 220 0
48 220 0
48 228 0
48 228 0
48 228 0
48 228 0
48 228 2
48 228 0
48 228 0
48 228 0
48 238 0
48 238 0
48 238 0
48 238 0
48 238 0
48 238 0
48 238 0
48 238 0
48 238 0
48 245 0
48 245 0
48 245 0
48 245 0
48 245 0
48 245 0
48 245 0
48 245 0
48 245 0
48 254 0
48 254 0
48 254 0
48 254 0
48 254 0
48 254 0
48 254 0
48 254 0
48 254 0
48 254 0
48 254 0
48 254 0
48 257 0
48 257 0
48 257 0
48 257 0
48 257 0
48 257 0
48 257 0
48 257 0
48 257 0
48 262 0
48 262 0
48 262 0
48 262 0
48 262 0
48 262 0
48 262 0
48 262 0
48 262 0
48 262 0
48 262 0
48 262 0
48 264 0
48 264 0
48 264 0
48 264 0
48 264 0
48 264 0
48 264 0
48 264 0
48 264 0
48 264 0
48 265 0
48 265 0
48 265 0
48 265 0
47 265 0
47 265 0
47 265 0
47 265 0
47 265 0
47 265 0
46 265 0
46 265 0
46 265 0
46 265 0
46 265 0
46 265 0
46 265 0
46 265 0
46 265 0
46 265 0
46 265 0
46 265 0
46 265 0
46 264 0
46 264 0
46 264 0
46 264 0
46 264 0
46 264 0
46 264 2
46 264 0
46 264 0
46 264 0
46 260 0
46 260 0
46 260 0
46 260 0
46 260 0
46 260 0
46 260 0
46 260 0
46 260 0
46 260 0
46 260 0
46 260 0
46 255 0
46 255 0
46 255 0
46 255 0
46 255 0
46 255 0
46 255 0
46 255 0
46 255 0
46 255 0
46 255 0
46 249 0
46 249 0
46 249 0
46 249 0
46 249 0
46 249 0
46 249 0
46 249 0
46 249 0
46 249 0
46 249 0
46 170 0
46 179 0
46 179 0
46 179 0
46 179 0
46 187 0
46 187 0
46 187 0
46 187 0
46 198 1
46 198 0
46 198 0
46 198 0
46 198 0
46 198 0
46 198 0
46 198 0
46 206 0
47 206 0
47 206 0
47 206 0
47 206 0
47 206 0
48 206 0
48 206 0
48 206 0
48 214 0
48 214 0
48 214 0
49 214 0
49 214 0
49 214 0
49 214 0
49 214 0
49 214 0
49 223 0
49 223 0
49 223 0
49 223 0
49 223 0
49 223 0
49 223 0
49 223 0
49 223 0
49 223 0
49 223 0
49 223 0
49 223 0
49 223 0
49 229 0
49 229 0
79 229 0
88 229 0
96 229 0
96 229 0
96 229 0
102 229 0
102 229 0
102 229 0
102 229 0
109 235 0
109 235 0
109 235 0
109 235 0
114 235 0
114 235 0
114 235 0
114 235 0
114 235 0
114 235 0
114 235 0
119 235 0
119 239 0
119 239 0
119 239 0
119 239 0
119 239 0
124 239 0
124 239 0
124 239 0
124 239 0
124 239 0
124 239 0
124 242 0
124 242 0
124 242 0
126 242 0
126 242 0
126 242 0
126 242 0
126 242 0
126 242 0
126 242 0
126 242 0
126 242 0
126 242 0
126 242 0
126 242 0
126 242 0
126 242 0
126 242 0
126 242 0
126 242 0
126 242 0
126 242 0
126 242 0
126 242 0
126 242 0
126 242 0
126 242 0
125 242 0
125 242 0
125 242 0
125 242 0
125 242 0
125 242 0
125 242 0
125 240 0
121 240 0
121 240 0
121 240 0
121 240 0
121 240 0
121 240 0
121 240 0
116 240 0
116 240 0
116 240 0
116 236 0
116 236 0
116 236 0
116 236 0
111 236 0
111 236 0
111 236 0
111 236 0
111 236 0
111 236 0
105 231 0
105 231 0
105 231 0
105 231 0
105 231 0
97 231 0
97 231 0
97 231 0
97 231 0
92 231 0
92 225 0
92 225 0
92 225 0
85 225 0
85 225 0
85 225 0
85 225 0
80 225 0
80 215 0
80 215 0
74 215 0
74 215 0
70 215 0
70 215 0
67 215 0
66 215 0
70 208 0
75 208 0
81 208 0
81 208 0
89 208 0
89 208 0
95 208 0
95 199 0
95 199 0
95 199 0
103 199 0
103 199 0
103 199 0
103 199 0
103 199 0
109 192 0
109 192 0
109 192 0
109 192 0
109 152 0
109 158 0
113 158 0
113 166 1
113 166 0
113 174 0
113 174 0
113 174 0
118 174 0
118 185 0
118 185 0
118 185 0
118 185 0
118 185 0
118 194 0
118 194 0
118 194 0
121 194 0
121 194 0
121 194 0
121 194 0
121 205 0
121 205 0
121 205 0
123 205 0
123 205 0
123 205 0
123 205 0
123 205 0
123 205 0
123 205 0
123 213 0
123 213 0
123 213 0
123 213 0
123 213 0
123 213 0
123 213 0
123 213 0
121 213 0
121 223 0
121 223 0
121 223 0
121 223 0
121 223 0
121 223 0
121 223 0
118 223 0
118 223 0
118 223 0
118 223 0
118 229 0
118 229 0
118 229 0
112 229 0
112 229 0
112 229 0
112 229 0
112 229 0
112 229 0
112 229 0
107 236 0
107 236 0
107 236 0
107 236 0
107 236 0
101 236 0
101 236 0
101 236 0
101 236 0
101 236 0
101 236 0
94 236 0
94 240 0
94 240 0
94 240 0
87 240 0
87 240 0
87 240 0
87 240 0
87 240 0
79 240 0
79 240 0
79 243 0
79 243 0
73 243 0
73 243 0
73 243 0
67 243 0
63 243 0
63 243 0
59 243 0
62 243 0
67 245 0
73 245 0
73 245 0
81 245 0
81 245 0
89 245 0
89 245 0
89 245 0
89 245 0
98 245 0
98 245 0
98 245 0
98 245 0
105 245 0
105 245 0
105 245 0
105 245 0
105 245 0
110 245 0
110 242 0
110 242 0
110 242 0
110 242 0
110 242 0
110 242 0
116 242 0
116 242 0
116 239 0
116 239 0
116 239 0
116 239 0
116 239 0
116 239 0
120 239 0
120 239 0
120 234 0
120 234 0
120 234 0
120 234 0
120 234 0
122 234 0
122 234 0
122 229 0
122 229 0
122 229 0
122 229 0
122 229 0
122 229 0
122 229 0
122 221 0
122 221 0
122 221 0
122 221 0
122 221 0
122 221 0
122 221 0
121 214 0
121 214 0
121 214 0
121 61 0
121 61 0
121 61 0
121 61 0
121 61 0
119 61 0
119 61 0
119 61 0
119 61 0
119 61 0
119 61 0
119 61 0
113 61 0
113 61 0
113 61 0
113 61 0
113 61 0
113 61 0
113 61 0
113 61 0
109 61 0
109 61 0
109 61 0
109 61 0
109 61 0
109 61 0
103 61 1
103 61 0
103 61 0
103 61 0
103 61 0
103 61 0
103 61 0
95 61 0
95 61 0
95 61 0
95 61 0
89 61 0
89 61 0
75 61 0
46 61 0
46 61 0
47 61 0
47 61 0
48 61 0
48 61 0
48 61 0
48 61 0
48 61 0
48 61 0
49 61 0
49 61 0
49 61 0
49 61 0
49 61 0
49 61 0
49 61 0
49 61 0
49 61 0
49 61 0
49 61 0
49 61 1
49 61 0
49 61 0
49 61 0
49 61 0
49 61 0
49 61 0
49 61 0
49 61 0
49 61 0
49 61 0
49 61 0
49 61 0
49 61 0
49 61 0
49 61 0
49 61 0
49 61 2
49 61 0
49 61 0
49 61 0
49 61 0
49 61 0
49 61 0
49 61 0
49 61 0
49 61 0
49 61 0
49 61 0
49 61 0
49 61 0
49 61 0
49 61 0
49 61 0
49 61 0
49 61 0
49 61 0
49 61 0
49 61 0
49 61 0
49 61 1
49 61 0
49 61 0
49 61 0
49 61 0
49 61 0
49 61 0
49 61 0
49 61 0
49 61 0
49 61 0
49 61 0
49 61 0
49 61 0
49 61 0
49 61 0
48 61 0
48 61 0
48 61 0
48 60 0
48 60 0
47 60 0
47 60 0
47 60 0
47 60 0
47 60 0
47 60 0
47 60 0
47 60 0
47 60 0
47 60 0
47 60 0
47 60 0
47 60 0
46 60 0
46 60 0
46 60 0
46 60 0
46 60 0
46 60 0
46 60 0
46 60 0
46 61 0
46 61 0
46 62 0
46 64 0
46 65 0
46 148 0
46 157 0
46 164 0
46 164 0
46 164 0
46 164 0
46 174 0
46 174 0
46 174 2
46 174 0
46 182 0
46 182 0
46 182 0
46 182 0
46 182 0
46 182 0
46 192 0
46 192 0
46 192 0
46 192 0
46 192 0
46 192 0
46 192 0
46 192 0
46 200 0
46 200 0
47 200 0
47 200 0
47 200 0
47 200 0
47 200 0
47 200 0
47 207 0
47 207 0
47 207 0
47 207 0
47 207 0
47 207 0
47 207 0
47 207 0
47 215 0
47 215 0
47 215 0
47 215 0
47 215 0
47 215 0
47 215 0
47 215 0
47 215 0
47 215 0
47 215 0
47 221 0
47 221 0
48 221 0
48 221 0
48 221 0
48 221 0
49 221 0
49 221 0
49 221 0
49 221 0
49 227 0
49 227 0
49 227 0
50 227 0
50 227 0
50 227 0
50 227 0
50 227 0
50 227 0
50 227 0
50 227 0
50 230 0
50 230 0
50 230 0
50 230 0
50 230 0
50 230 0
50 230 2
50 230 0
50 230 0
50 230 0
50 232 0
50 232 0
50 232 0
50 232 0
50 232 0
50 232 0
50 232 0
50 232 0
50 232 0
50 232 0
50 232 0
50 232 0
50 232 0
50 232 0
50 232 0
50 232 0
50 232 0
50 232 0
50 232 0
50 232 0
50 232 0
50 231 0
50 231 0
50 231 0
50 231 0
50 231 0
50 231 0
50 231 0
50 231 0
50 231 0
50 231 0
50 229 0
50 229 0
50 229 0
50 229 0
50 229 0
50 229 0
50 229 0
50 229 0
50 229 0
50 225 0
50 225 0
50 225 0
50 225 0
50 225 0
50 225 0
50 225 0
50 225 0
50 219 0
50 219 0
50 219 0
50 219 0
50 219 0
50 219 0
50 219 0
50 219 0
50 219 0
50 219 0
50 219 0
50 214 0
50 214 0
50 214 0
50 214 0
50 214 0
50 214 0
50 214 0
50 207 0
50 207 0
50 207 0
50 207 0
50 207 0
50 207 0
50 207 0
50 207 0
50 207 1
50 200 0
50 200 0
50 200 0
50 200 0
50 200 0
50 183 0
50 183 0
50 194 0
50 194 0
50 194 0
50 208 0
50 208 0
50 220 0
50 220 0
50 220 0
50 220 0
50 234 0
50 234 0
50 234 0
50 234 0
50 234 0
50 234 0
50 253 0
50 253 0
51 253 0
51 253 0
51 253 0
51 253 0
51 253 0
51 253 0
52 266 0
52 266 0
52 266 0
52 266 0
52 266 0
52 266 0
52 266 0
53 266 0
53 279 0
53 279 0
54 279 0
54 279 0
55 279 0
55 279 0
56 279 0
57 279 0
58 279 0
58 279 0
58 290 0
58 290 0
58 290 0
58 290 0
58 290 0
58 290 0
58 290 0
58 290 0
60 290 0
62 302 0
64 302 0
67 302 0
70 302 0
72 302 0
74 302 0
75 302 0
76 302 0
77 302 0
81 302 0
83 309 0
87 309 0
87 309 0
89 309 0
89 309 0
93 309 0
93 309 0
97 309 0
97 309 0
97 309 0
105 317 0
105 317 0
105 317 0
105 317 0
112 317 0
112 317 0
112 317 0
112 317 0
121 317 0
121 317 0
121 321 0
121 321 0
121 321 0
121 321 0
126 321 0
126 321 0
126 321 0
126 324 0
126 324 0
126 324 0
133 324 0
133 324 0
133 324 0
133 324 0
133 324 0
133 325 0
133 325 0
133 325 0
136 325 0
136 325 0
136 325 0
136 325 0
136 325 0
136 325 0
136 325 0
139 325 0
139 325 0
139 325 0
139 325 0
139 325 0
139 323 0
139 323 0
140 323 0
140 323 0
140 323 0
140 323 0
140 320 0
140 320 0
140 320 0
140 320 0
140 320 0
140 320 0
140 315 0
138 315 0
138 315 0
138 315 0
138 315 0
138 315 0
138 309 0
138 309 0
135 309 0
135 309 0
135 309 0
135 302 0
135 302 0
129 302 0
129 302 0
129 224 0
129 242 0
129 250 0
129 250 0
125 260 0
125 260 0
125 260 0
125 268 0
117 268 0
117 268 0
117 268 0
117 280 0
111 280 0
111 280 0
111 280 0
111 289 0
104 289 0
104 289 0
104 289 0
99 289 0
94 289 0
88 298 0
87 298 0
87 298 0
87 298 0
87 298 0
87 298 0
87 298 0
87 298 0
87 306 0
87 306 0
87 306 0
87 306 0
87 306 0
87 306 0
87 306 0
87 315 0
87 315 0
87 315 0
87 315 0
87 315 0
87 315 0
87 315 0
87 315 0
87 315 0
87 321 0
87 321 0
87 321 0
87 321 0
87 321 0
87 321 0
87 321 0
87 326 0
87 326 0
87 326 0
87 326 0
87 326 0
87 326 0
87 326 0
87 326 0
87 331 0
87 331 0
87 331 0
87 331 0
87 331 0
87 331 0
87 331 0
87 331 0
87 331 0
87 335 0
87 335 0
87 335 0
87 335 0
87 335 0
88 335 0
88 335 0
88 335 0
88 337 0
88 337 0
88 337 0
88 337 0
88 337 0
88 337 0
88 337 0
88 337 0
88 337 0
88 338 0
88 338 0
88 338 0
88 338 0
88 338 0
88 338 0
88 338 0
88 338 0
88 338 0
88 338 0
88 338 0
88 338 0
88 338 0
88 338 0
88 338 0
89 337 0
89 337 0
89 337 0
89 337 0
89 337 0
90 337 0
90 337 0
90 337 0
90 333 0
90 333 0
90 333 0
91 333 0
91 333 0
91 333 0
91 333 0
91 329 0
91 329 0
92 329 0
92 329 0
92 329 0
92 329 0
92 324 0
93 324 0
93 324 0
93 324 0
95 324 0
96 324 0
98 324 0
101 318 0
101 318 0
109 318 0
109 318 0
118 318 0
118 318 0
118 318 0
118 312 0
124 312 0
124 312 0
124 312 0
124 312 0
131 312 0
131 304 0
131 304 0
131 304 0
131 304 0
131 304 0
131 297 0
135 277 0
135 286 0
135 296 0
135 296 0
135 296 4
135 304 0
135 304 0
135 304 0
137 304 0
137 314 0
137 314 0
137 314 0
137 314 0
137 314 0
137 314 0
137 314 0
137 321 0
137 321 0
137 321 0
137 321 0
137 321 0
137 321 0
137 321 0
136 321 0
136 328 0
136 328 0
136 328 0
136 328 0
136 328 0
136 328 0
136 328 0
136 328 0
132 328 0
132 336 0
132 336 0
132 336 0
132 336 0
132 336 0
132 336 0
132 336 0
127 336 0
127 336 0
127 342 0
127 342 0
127 342 0
127 342 0
127 342 0
119 342 0
119 342 0
119 342 0
119 342 0
119 342 0
119 347 0
119 347 0
119 347 0
119 347 0
112 347 0
112 347 0
112 347 0
112 347 0
112 347 0
112 347 0
112 347 0
102 347 0
102 351 0
102 351 0
102 351 0
102 351 0
102 351 0
93 351 0
93 351 0
93 351 0
93 351 0
93 351 0
84 353 0
84 353 0
84 353 0
84 353 0
84 353 0
84 353 0
76 353 0
76 353 0
76 353 0
76 353 0
67 353 0
67 353 0
67 353 0
67 353 0
62 353 0
62 353 0
62 353 0
59 353 0
59 353 0
57 353 0
57 353 0
56 352 0
56 352 0
59 352 0
70 352 0
78 352 0
78 352 0
86 352 0
86 352 0
86 352 0
86 352 0
94 349 0
94 349 0
94 349 0
94 349 0
100 349 0
100 349 0
100 349 0
100 349 0
100 349 0
105 346 0
105 346 0
105 346 0
105 346 0
105 346 0
105 346 0
109 346 0
109 346 0
109 340 0
109 340 0
109 340 0
109 340 0
109 340 0
110 340 0
110 340 0
110 340 0
110 335 0
110 335 0
110 335 0
110 335 0
111 335 0
111 335 0
111 335 0
111 335 0
111 327 0
111 327 0
111 327 0
109 327 0
109 327 0
109 327 0
109 327 0
109 320 0
109 320 0
109 320 0
109 320 0
104 320 0
104 320 0
104 309 0
104 309 0
104 309 0
104 309 0
104 309 0
104 309 0
99 301 0
99 301 0
99 301 0
99 301 0
99 301 0
99 78 0
99 78 0
91 78 0
91 78 0
91 78 0
91 78 0
91 78 0
91 78 0
91 78 0
91 78 0
85 78 0
85 78 0
85 78 0
85 78 0
85 78 0
85 78 0
79 78 0
79 78 0
79 78 0
79 78 1
79 78 0
71 78 0
71 78 0
71 78 0
71 78 0
65 78 0
65 78 0
65 78 0
65 78 0
72 78 0
80 78 0
80 78 0
80 78 0
87 78 0
87 78 0
87 78 0
87 78 0
94 78 0
94 78 0
94 78 0
94 78 0
94 78 0
101 78 0
101 78 0
101 78 0
101 78 0
101 78 0
107 78 0
107 78 0
107 78 0
107 78 0
107 78 0
107 78 1
107 78 0
107 78 0
107 78 0
111 78 0
111 78 0
111 78 0
111 78 0
111 78 0
111 78 0
113 78 0
113 78 0
113 78 0
113 78 0
113 78 0
113 78 0
113 78 0
113 78 0
113 78 0
114 78 0
114 78 0
114 78 0
114 78 0
114 78 0
114 78 0
114 78 0
114 78 0
114 78 0
114 78 0
114 78 0
114 78 0
114 78 0
114 78 0
114 78 0
114 78 0
111 78 1
111 78 0
111 78 0
111 78 0
111 78 0
111 78 0
111 78 0
111 78 0
108 78 0
108 78 0
108 78 0
108 78 0
108 78 0
108 78 0
108 78 0
103 78 0
103 78 0
103 78 0
103 78 0
103 78 0
103 78 0
103 78 0
98 78 0
98 78 0
98 78 0
98 78 0
98 78 0
90 78 0
90 78 0
90 78 0
90 78 0
90 78 0
85 78 0
85 78 0
85 78 0
85 78 0
77 78 0
77 78 0
77 78 1
72 78 0
72 78 0
72 78 0
67 78 0
63 78 0
58 78 0
58 78 0
62 78 0
66 78 0
66 78 0
73 78 0
79 78 0
79 78 0
79 78 0
79 78 0
88 78 0
88 78 0
88 78 0
88 78 0
94 78 0
94 78 0
94 78 0
94 79 0
94 79 0
102 79 0
102 79 0
102 79 0
102 79 0
102 80 0
108 80 0
108 81 0
108 81 0
108 81 0
108 81 0
108 81 0
108 82 0
113 82 0
113 176 0
113 187 0
113 187 0
113 187 0
113 197 0
113 197 0
113 197 0
115 197 0
115 209 0
115 209 0
115 209 0
115 209 0
115 209 0
115 217 0
116 217 0
116 217 0
116 217 0
116 217 0
116 217 0
116 217 0
116 229 0
116 229 0
116 229 0
116 229 0
116 229 0
116 229 0
116 229 0
116 229 0
113 229 0
113 229 0
113 238 0
113 238 0
113 238 0
113 238 0
113 238 0
108 238 0
108 238 0
108 238 0
108 238 0
108 238 0
108 246 0
108 246 0
103 246 0
103 246 0
103 246 0
103 246 0
103 246 0
103 246 0
94 246 0
94 246 0
94 254 0
94 254 0
94 254 0
94 254 0
88 254 0
88 254 0
88 254 0
88 254 0
88 254 0
80 254 0
80 254 0
80 260 0
80 260 0
73 260 0
73 260 0
73 260 0
73 260 0
67 260 0
67 260 0
61 260 0
57 260 0
57 265 0
58 265 0
58 265 0
58 265 0
58 265 0
58 265 0
58 265 0
58 265 0
58 265 0
58 265 0
58 265 0
58 265 0
58 265 0
58 267 0
59 267 0
59 267 0
59 267 0
59 267 0
59 267 0
59 267 0
59 267 0
59 267 0
59 267 0
59 267 0
59 267 0
59 267 0
59 267 0
59 267 0
59 267 0
59 267 0
59 267 0
59 267 0
59 267 0
59 266 0
59 266 0
59 266 0
59 266 0
59 266 0
59 266 0
59 266 0
59 266 0
60 266 0
60 262 0
60 262 0
60 262 0
60 262 0
60 262 0
61 262 0
61 262 0
61 262 0
61 262 0
61 258 0
61 258 0
61 258 0
61 258 0
61 258 0
61 258 0
61 258 0
61 258 0
61 252 0
61 252 0
61 252 0
61 252 0
61 252 0
61 252 0
61 252 0
61 252 0
61 177 0
61 177 0
61 186 0
61 186 0
61 186 0
61 186 0
61 197 0
61 197 0
61 197 0
61 197 0
61 197 0
61 207 0
61 207 0
61 207 0
61 207 0
60 207 0
60 207 0
60 218 0
59 218 0
59 218 1
59 218 0
59 218 0
59 218 0
59 218 0
59 218 0
59 218 0
59 227 0
59 227 0
59 227 0
59 227 0
59 227 0
59 227 0
59 227 0
59 227 0
59 227 0
59 236 0
59 236 0
59 236 0
59 236 0
59 236 0
59 236 0
59 236 0
59 236 0
59 236 0
59 236 0
59 247 0
59 247 0
59 247 0
59 247 0
59 247 0
59 247 0
59 247 0
59 247 0
59 247 0
59 247 0
59 247 0
59 247 0
59 255 0
59 255 0
59 255 0
59 255 0
59 255 0
59 255 0
59 255 0
59 255 0
59 255 0
59 255 0
59 255 0
59 255 0
59 264 0
59 264 0
59 264 0
59 264 0
59 264 0
59 264 0
59 264 0
59 264 0
59 264 0
59 264 0
59 264 0
59 264 0
59 264 0
59 264 0
59 264 0
59 268 0
59 268 0
59 268 0
59 268 0
59 268 0
59 268 0
59 268 0
59 268 0
59 268 0
59 268 0
59 268 0
59 268 0
59 272 0
59 272 0
59 272 0
59 272 0
59 272 0
59 272 0
59 272 0
60 272 0
60 272 0
60 272 0
60 272 0
60 272 0
60 272 0
60 272 0
60 273 0
60 273 0
60 273 0
60 273 0
60 273 0
60 273 0
61 273 0
61 273 0
61 273 0
61 273 0
61 273 0
61 273 0
61 272 0
61 272 0
61 272 0
61 272 0
61 272 0
61 272 0
61 272 0
61 272 0
60 272 0
60 272 0
60 272 0
60 272 0
60 272 0
60 270 0
61 270 0
60 270 0
67 270 0
74 270 0
74 270 0
83 270 0
83 270 0
83 270 0
83 270 0
89 178 0
89 178 0
89 178 0
89 178 0
97 188 0
97 188 0
97 188 0
97 188 0
97 198 0
97 198 0
102 198 0
102 198 0
102 198 0
102 198 0
102 198 0
102 207 0
102 207 0
106 207 0
106 207 1
106 207 0
106 207 0
106 207 0
106 207 0
106 218 0
109 218 0
109 218 0
109 218 0
109 218 0
109 218 0
109 218 0
109 218 0
109 218 0
109 218 0
109 227 0
109 227 0
109 227 0
109 227 0
109 227 2
109 227 0
109 227 0
109 227 0
109 227 0
109 227 0
109 237 0
109 237 0
109 237 0
109 237 0
109 237 0
105 237 0
105 237 0
105 237 0
105 237 0
105 237 0
105 237 0
105 237 0
105 237 0
105 237 0
100 245 0
100 245 0
100 245 0
100 245 0
100 245 0
100 245 0
100 245 0
94 245 0
94 245 0
94 245 0
94 245 0
94 245 0
94 254 0
94 254 0
85 254 0
85 254 0
85 254 0
85 254 0
85 254 0
85 254 0
85 254 0
79 254 0
79 254 0
79 254 0
79 254 0
79 254 0
72 254 0
72 254 0
72 260 0
72 260 0
68 260 0
76 260 0
76 260 0
76 260 0
86 260 0
86 260 0
86 260 0
86 260 0
92 260 0
92 260 0
92 260 0
92 265 0
101 265 0
101 265 0
101 265 0
101 265 0
101 265 0
101 265 0
101 265 0
107 265 0
107 265 0
107 265 0
107 265 0
107 265 0
107 265 0
107 265 0
113 267 0
113 267 0
113 267 0
113 267 0
113 267 0
113 267 0
113 267 0
113 267 0
116 267 0
116 267 0
116 267 0
116 267 0
116 268 0
116 268 0
116 268 0
116 268 0
116 268 0
116 268 0
116 268 0
116 268 0
116 268 0
116 268 2
116 268 0
116 268 0
116 267 0
116 267 0
116 267 0
116 267 0
116 267 0
116 267 0
116 267 0
116 267 0
116 267 0
116 267 0
113 264 0
113 264 0
113 264 0
113 264 0
113 264 0
113 264 0
113 264 0
113 264 0
108 264 0
108 259 0
108 259 0
108 259 0
108 259 0
108 259 0
108 259 0
108 259 0
108 259 0
103 259 0
103 255 0
103 255 0
103 255 0
103 255 0
103 255 0
103 255 0
95 255 0
95 255 0
95 247 0
95 247 0
95 247 0
95 247 0
95 247 0
88 247 0
88 247 0
88 247 0
88 241 0
88 141 0
88 148 0
81 148 0
81 157 0
81 157 0
81 157 0
74 165 0
74 165 0
74 165 0
74 165 0
66 176 0
66 176 0
71 176 0
81 176 0
89 176 0
89 176 0
89 185 0
96 185 0
96 185 0
96 185 1
106 185 0
106 185 0
106 185 0
106 185 0
112 196 0
112 196 0
112 196 0
112 196 0
119 196 0
119 196 0
119 196 0
119 196 0
119 196 0
119 196 0
124 196 0
124 205 0
124 205 0
124 205 0
124 205 0
124 205 0
126 205 0
126 205 0
126 205 0
126 205 0
126 205 0
126 215 0
126 215 0
126 215 0
126 215 2
126 215 0
126 215 0
126 215 0
126 215 0
126 215 0
125 215 0
125 215 0
125 215 0
125 215 0
125 224 0
125 224 0
125 224 0
121 224 0
121 224 0
121 224 0
121 224 0
121 224 0
121 224 0
121 224 0
117 224 0
117 224 0
117 231 0
117 231 0
117 231 0
117 231 0
109 231 0
109 231 0
109 231 0
109 231 0
109 231 0
109 231 0
109 231 0
109 231 0
102 231 0
102 240 0
102 240 0
102 240 0
102 240 0
93 240 0
93 240 0
93 240 0
93 240 0
93 240 0
86 240 0
86 240 0
86 240 0
86 240 0
77 240 0
77 240 0
77 246 0
77 246 0
71 246 0
71 246 0
71 246 0
65 246 0
62 246 0
62 246 0
59 246 0
59 246 0
59 246 0
61 246 0
61 246 0
61 252 0
61 252 0
62 252 0
62 252 0
62 252 0
62 252 0
62 252 0
62 252 0
62 252 0
62 252 0
62 252 0
62 252 0
62 252 0
62 252 0
62 255 0
62 255 0
62 255 0
62 255 0
62 255 0
62 255 0
62 255 0
62 255 0
62 255 0
62 255 0
62 255 0
62 255 0
62 255 0
62 257 0
62 257 0
62 257 0
62 257 0
62 257 0
62 257 0
62 257 0
62 257 0
62 257 0
62 257 0
62 257 0
62 257 0
62 257 0
62 257 0
62 257 0
62 257 0
62 257 0
62 257 0
62 257 0
62 257 0
62 257 0
62 257 0
62 257 0
62 257 0
62 257 0
62 257 0
63 256 0
63 256 0
63 256 0
63 256 0
63 256 0
63 256 0
64 256 0
64 256 0
64 256 0
64 256 0
64 256 0
64 253 0
64 253 0
64 253 0
64 65 0
64 65 0
64 65 0
64 65 0
64 64 0
64 64 0
64 64 0
64 64 0
64 64 0
64 64 0
64 64 0
64 64 0
64 64 0
64 64 0
64 64 0
64 64 0
64 64 0
64 64 0
64 64 0
64 64 0
64 64 0
64 64 0
64 64 0
64 64 0
64 64 0
64 64 0
64 64 1
64 64 0
64 64 0
64 64 0
64 64 0
64 64 0
64 64 0
64 64 0
64 64 0
64 64 0
64 64 0
64 64 0
64 65 0
64 65 0
64 65 0
64 65 0
64 65 0
64 65 0
64 65 0
64 65 0
64 65 0
64 65 0
64 65 0
64 65 0
64 65 0
64 65 0
64 65 0
64 65 0
64 65 0
64 65 0
64 65 0
64 65 0
64 65 0
64 65 0
64 65 0
64 65 1
64 65 0
64 65 0
64 65 0
64 66 0
64 66 0
64 66 0
64 66 0
64 67 0
64 67 0
64 67 0
64 67 0
65 67 0
65 67 0
65 67 0
65 67 0
65 67 0
65 68 0
65 68 0
66 68 0
66 68 0
67 68 0
67 68 0
67 69 0
67 69 0
67 69 0
67 69 0
67 69 0
67 69 0
67 69 0
67 69 0
67 69 0
67 69 0
67 69 0
67 69 0
67 69 0
67 69 1
68 69 0
68 69 0
68 69 0
68 69 0
68 69 0
69 69 0
69 69 0
69 69 0
69 69 0
69 69 0
69 69 0
70 69 0
70 69 0
70 69 0
70 69 0
70 69 0
70 69 0
70 69 0
70 69 0
70 69 0
71 69 0
71 69 0
71 69 0
71 69 0
71 69 0
71 69 0
71 69 0
71 69 0
71 69 0
71 69 0
71 69 0
71 69 1
71 69 0
71 69 0
71 69 0
71 69 0
71 69 0
70 69 0
70 69 0
70 69 0
70 69 0
70 69 0
70 69 0
70 69 0
70 69 0
70 69 0
70 69 0
70 69 0
70 69 0
70 69 0
70 69 0
69 69 0
70 69 0
70 69 0
74 69 0
79 69 0
79 69 0
87 69 0
87 69 1
95 69 0
95 69 0
95 69 0
95 69 0
105 69 0
105 69 0
105 69 0
105 69 0
113 69 0
113 69 0
113 69 0
113 69 0
123 69 0
123 69 0
123 69 0
123 69 0
123 69 0
129 69 0
129 69 0
129 69 0
129 69 0
129 69 0
134 69 0
134 69 0
134 69 2
134 69 0
134 69 0
137 70 0
137 156 0
137 156 0
137 164 0
137 164 0
137 164 0
137 171 0
137 171 0
137 171 0
137 171 0
137 179 0
137 179 0
137 179 0
137 179 0
137 187 0
137 187 0
134 187 0
134 187 0
134 187 0
134 187 0
134 198 0
134 198 0
128 198 0
128 198 0
128 198 0
128 198 0
128 198 0
128 198 0
128 198 0
122 205 0
122 205 0
122 205 0
122 205 0
114 205 0
114 205 0
114 205 0
114 205 0
114 213 0
114 213 0
107 213 0
107 213 0
107 213 0
107 213 0
107 213 0
98 213 0
98 213 0
98 221 0
98 221 0
92 221 0
92 221 0
92 221 0
92 221 0
86 221 0
86 221 0
86 221 0
86 221 0
80 221 0
80 228 0
80 228 0
77 228 0
77 228 0
75 228 0
75 228 0
75 228 0
95 228 0
103 228 0
103 228 0
114 235 0
114 235 0
114 235 0
124 235 0
124 235 0
124 235 0
135 235 0
135 235 0
135 235 0
135 235 0
143 235 0
143 239 0
143 239 0
143 239 0
150 239 0
150 239 0
150 239 0
150 239 0
150 239 0
153 239 0
153 239 0
153 241 0
153 241 0
153 241 0
153 241 0
155 241 0
155 241 0
155 241 0
155 241 0
155 241 0
155 241 0
155 241 2
155 241 0
155 243 0
155 243 0
155 243 0
153 243 0
153 243 0
153 243 0
153 243 0
153 243 0
153 243 0
148 243 0
148 243 0
148 243 0
148 243 0
148 243 0
148 243 0
148 243 0
148 243 0
148 243 0
143 243 0
143 243 0
143 242 0
143 242 0
143 242 0
143 242 0
143 242 0
134 242 0
134 242 0
134 240 0
134 240 0
134 240 0
134 240 0
134 240 0
134 240 0
128 240 0
128 240 0
128 183 0
128 183 0
128 183 0
128 195 0
118 195 0
118 195 0
118 195 0
118 204 0
118 204 0
118 204 0
118 204 0
118 204 0
111 204 0
111 213 0
111 213 0
111 213 0
111 213 0
111 213 0
104 213 0
104 213 0
104 224 0
104 224 0
104 224 0
95 224 0
95 224 0
95 224 0
95 224 0
91 224 0
91 224 0
91 224 0
91 233 0
87 233 0
87 233 0
86 233 0
86 233 0
86 233 0
86 233 0
102 233 0
112 233 0
121 233 0
121 233 0
132 243 0
132 243 0
144 243 0
144 243 0
144 243 0
153 243 0
153 243 0
153 243 0
161 243 0
161 243 0
161 243 0
161 243 0
165 243 0
165 243 0
165 243 0
165 250 0
167 250 0
167 250 0
167 250 2
167 250 0
167 250 0
167 250 0
167 250 0
167 250 0
167 250 0
167 250 0
166 250 0
166 258 0
166 258 0
166 258 0
166 258 0
166 258 0
166 258 0
162 258 0
162 258 0
162 258 0
162 258 0
162 258 0
162 258 0
162 258 0
162 258 0
158 258 0
158 263 0
158 263 0
158 263 0
158 263 0
158 263 0
158 263 0
150 263 0
150 263 0
150 263 0
150 263 0
150 263 0
150 263 0
150 267 0
150 267 0
143 267 0
143 267 0
143 267 0
143 267 0
143 267 0
143 267 0
143 267 0
143 267 0
134 267 0
134 267 0
134 267 0
134 267 0
134 267 0
134 267 0
134 267 0
134 267 0
125 267 0
125 267 0
125 267 0
125 267 0
125 267 0
125 267 0
125 267 0
116 267 0
116 267 0
116 267 0
116 267 0
116 267 0
116 267 0
109 267 0
109 267 0
109 267 0
109 267 0
101 267 0
101 267 0
101 264 0
101 264 0
107 264 0
107 264 0
115 264 0
125 264 0
125 264 0
133 264 0
133 264 0
133 264 0
143 264 0
143 264 0
143 260 0
150 260 0
150 260 0
150 260 0
150 260 0
155 260 0
155 260 0
155 260 0
155 260 0
155 260 0
158 255 0
158 255 0
158 255 0
158 163 0
158 171 0
158 171 0
158 171 0
158 181 2
158 181 0
158 181 0
158 181 0
158 191 0
157 191 0
157 191 0
157 191 0
157 191 0
157 191 0
157 200 0
157 200 0
152 200 0
152 200 0
152 200 0
152 200 0
152 200 0
152 200 0
146 212 0
146 212 0
146 212 0
146 212 0
146 212 0
146 212 0
146 212 0
146 212 0
146 212 0
139 212 0
139 212 0
139 220 0
139 220 0
139 220 0
139 220 0
139 220 0
139 220 0
129 220 0
129 220 0
129 220 0
129 220 0
129 230 0
129 230 0
129 230 0
129 230 0
121 230 0
121 230 0
121 230 0
121 230 0
121 230 0
121 230 0
121 230 0
112 230 0
112 230 0
112 230 0
112 238 0
112 238 0
112 238 0
112 238 0
104 238 0
104 238 0
104 238 0
104 238 0
104 238 0
95 238 0
95 238 0
95 238 0
95 238 0
95 246 0
89 246 0
89 246 0
89 246 0
89 246 0
85 246 0
85 246 0
85 246 0
84 246 0
84 246 0
82 246 0
82 246 0
82 246 0
82 246 0
82 251 0
83 251 0
83 251 0
83 251 0
83 251 0
83 251 0
83 251 0
83 251 0
83 251 0
83 251 0
83 251 0
84 251 0
84 255 0
84 255 0
84 255 0
84 255 0
84 255 0
84 255 0
84 255 0
84 255 0
84 255 0
84 255 0
84 255 0
84 255 0
84 255 0
84 257 0
84 257 0
84 257 0
84 257 0
84 257 0
84 257 0
84 257 0
84 257 0
84 257 0
84 257 0
84 257 0
84 257 0
84 257 0
84 257 0
84 257 0
84 257 0
84 257 0
84 257 0
84 257 0
84 257 0
84 257 0
84 257 0
84 257 0
84 256 0
84 256 0
84 256 0
84 256 0
84 256 0
84 256 0
84 256 0
84 256 0
84 256 0
84 256 0
84 256 0
84 256 0
84 254 0
84 254 0
84 254 0
84 254 0
84 254 0
84 254 0
84 254 0
84 254 0
84 254 0
84 254 0
84 249 0
84 249 0
84 249 0
84 249 0
85 249 0
85 249 0
85 249 0
85 249 0
85 249 0
85 249 0
85 173 0
85 180 0
85 180 0
85 190 0
85 190 0
85 190 0
85 200 0
85 200 0
85 200 0
85 200 0
85 212 0
85 212 0
85 212 0
85 212 0
85 212 0
85 212 0
85 220 0
85 220 0
85 220 0
85 220 0
85 220 0
85 220 0
85 220 0
85 232 0
85 232 0
85 232 0
85 232 0
85 232 0
85 232 0
86 232 0
86 232 0
86 232 0
86 232 0
86 241 0
86 241 0
86 241 0
86 241 0
86 241 0
86 241 0
86 241 0
86 241 0
87 241 0
87 241 0
87 252 0
87 252 0
87 252 0
88 252 0
88 252 0
88 252 0
88 252 0
89 252 0
89 252 0
89 252 0
89 252 0
89 260 0
89 260 0
89 260 0
90 260 0
90 260 0
90 260 0
90 260 0
90 260 0
90 260 0
90 260 0
90 260 0
90 260 0
90 268 0
90 268 0
90 268 0
90 268 0
90 268 0
90 268 0
90 268 0
90 268 0
90 268 0
90 268 0
90 268 0
90 268 0
90 276 0
90 276 0
90 276 0
90 276 0
90 276 0
90 276 0
90 276 0
90 276 0
90 276 0
90 276 0
90 276 0
90 276 0
90 276 0
90 276 0
90 276 0
90 281 0
90 281 0
90 281 0
90 281 0
90 281 0
90 281 0
90 281 0
90 281 0
90 281 0
90 281 0
90 281 0
90 281 0
90 285 0
90 285 0
90 285 0
90 285 0
90 285 0
90 285 0
91 285 0
91 285 0
91 285 0
91 285 0
91 285 0
91 285 0
91 285 0
91 285 0
91 285 0
91 287 0
91 287 0
91 287 0
91 287 0
91 287 0
91 287 0
91 287 0
91 287 0
91 287 0
91 287 0
91 287 0
91 287 0
91 287 0
91 287 0
91 287 0
91 287 0
91 287 0
91 287 0
91 287 0
91 287 0
91 287 0
91 287 0
91 287 0
91 287 0
91 287 0
91 287 0
91 287 0
91 287 0
91 287 0
91 287 0
91 287 0
91 287 0
91 287 0
91 287 0
91 287 0
91 283 0
91 283 0
91 283 0
91 283 0
91 283 0
91 283 0
91 283 0
91 283 0
91 283 0
91 279 0
91 279 0
91 279 0
91 279 0
91 279 0
91 279 0
91 279 0
91 279 0
91 279 0
91 273 0
91 273 0
91 273 0
91 273 0
91 273 0
91 273 0
91 273 0
91 273 0
91 264 0
91 264 0
91 264 0
91 59 0
91 59 0
91 59 0
91 59 0
91 59 0
91 59 0
91 59 0
91 59 0
91 59 0
91 59 0
91 59 0
91 59 0
91 59 0
91 59 0
91 59 0
90 59 0
90 59 0
90 59 0
90 59 0
89 59 0
89 59 0
89 59 4
89 59 0
88 59 0
87 59 0
87 59 0
87 59 0
87 59 0
86 59 0
86 59 0
85 59 0
84 59 0
84 59 0
84 60 0
83 60 0
82 60 0
93 60 0
81 60 0
81 60 0
87 60 0
94 60 0
113 60 0
113 60 0
113 60 0
122 60 0
122 60 0
122 60 0
134 61 0
134 61 0
142 61 0
142 61 0
151 61 0
151 61 0
151 61 0
155 62 0
155 62 0
155 62 0
155 62 0
159 62 0
159 62 0
159 62 0
159 62 0
159 62 0
159 62 0
159 62 0
159 62 0
159 62 0
155 62 0
155 62 0
155 62 0
155 62 0
155 62 0
155 62 0
155 62 0
149 62 0
149 62 0
149 62 0
149 62 0
149 62 0
149 62 0
149 62 4
140 62 0
140 62 0
140 62 0
140 62 0
140 62 0
140 62 0
140 62 0
134 62 0
134 62 0
134 62 0
134 62 0
134 62 0
134 62 0
124 62 0
124 62 0
124 62 0
124 62 0
124 62 0
124 62 0
116 62 0
116 62 0
116 62 0
116 62 0
116 62 0
106 62 0
106 62 0
106 62 0
106 62 0
106 62 0
99 62 0
99 62 0
99 62 0
99 208 0
99 220 0
92 220 0
92 220 0
92 220 0
92 229 0
87 229 0
87 229 0
87 229 0
85 229 0
85 229 0
84 238 0
84 238 0
84 238 0
87 238 0
93 238 0
93 238 0
100 238 0
110 238 0
110 238 0
110 248 0
119 248 0
119 248 0
119 248 0
131 248 0
131 248 0
131 248 0
140 248 0
140 248 0
140 248 0
150 248 0
150 256 0
150 256 0
150 256 0
155 256 0
155 256 0
155 256 0
155 256 0
155 256 0
158 256 0
158 256 0
158 256 0
158 265 0
158 265 0
158 265 0
159 265 0
159 265 0
159 265 0
159 265 0
159 265 0
158 265 0
158 265 0
158 265 0
158 265 0
158 265 0
158 271 0
155 271 0
155 271 0
155 271 0
155 271 0
155 271 0
155 271 0
149 271 0
149 271 0
149 271 0
149 271 0
149 271 0
149 271 0
149 277 0
140 277 0
140 277 0
140 277 0
140 277 0
140 277 0
140 277 0
140 277 0
140 277 0
132 277 0
132 277 0
132 277 0
132 277 0
132 277 0
132 277 0
123 277 0
123 280 0
123 280 0
123 280 0
123 280 0
123 280 0
114 280 0
114 280 0
114 280 0
114 280 0
114 280 0
114 280 0
104 280 0
104 280 0
104 282 0
104 282 0
104 282 0
97 282 0
97 282 0
97 282 0
97 282 0
90 282 0
90 282 0
90 282 0
90 282 0
86 282 0
86 282 0
86 282 0
86 282 0
84 282 0
84 282 0
84 282 0
84 282 0
85 282 0
95 282 0
111 282 0
111 282 0
111 282 0
121 282 0
121 282 0
129 282 0
129 282 0
129 282 0
135 281 0
135 281 0
135 281 0
135 281 0
141 281 0
141 281 0
141 281 0
141 281 0
144 281 0
144 281 0
144 281 0
144 281 0
145 278 0
145 278 0
145 278 0
145 278 0
145 278 0
145 278 0
145 278 0
145 278 0
145 278 0
145 278 0
142 278 0
142 278 0
142 171 0
142 171 0
142 183 0
142 183 0
142 183 0
142 193 0
138 193 0
138 193 0
138 193 0
138 193 0
138 205 0
138 205 0
138 205 0
130 205 0
130 205 0
130 205 0
130 205 0
130 205 0
130 205 0
130 216 0
123 216 0
123 216 0
123 216 0
123 216 0
123 216 0
123 216 0
123 216 0
114 216 0
114 216 0
114 216 0
114 229 0
114 229 0
114 229 0
114 229 0
114 229 0
106 229 0
106 229 0
106 229 0
106 229 0
106 229 0
106 229 0
100 229 0
100 239 0
100 239 0
100 239 0
100 239 0
91 239 0
91 239 0
91 239 0
91 239 0
91 239 0
85 239 0
85 239 0
85 239 0
85 239 0
81 239 0
81 249 0
81 249 0
81 249 0
79 249 0
79 249 0
79 249 0
79 249 0
79 249 0
77 249 0
77 249 0
77 249 0
77 249 0
77 249 0
77 249 0
77 249 0
77 249 0
78 249 0
78 257 0
78 257 0
78 257 0
78 257 0
79 257 0
79 257 0
79 257 0
79 257 0
79 257 0
78 257 0
78 257 0
78 257 0
78 257 0
77 257 0
76 257 0
76 265 0
76 265 0
76 265 0
75 265 0
74 265 0
74 265 0
74 265 0
74 265 0
74 265 0
74 265 0
74 265 0
73 265 0
73 265 0
73 265 0
73 265 0
73 265 0
73 265 0
73 270 0
72 270 0
72 270 0
72 270 0
72 270 0
72 270 0
71 270 0
71 270 0
71 270 0
71 270 0
71 270 0
71 270 0
71 270 0
71 270 0
71 270 0
71 274 0
71 274 0
71 274 0
71 274 0
71 274 0
71 274 0
71 274 0
71 274 0
71 274 0
71 274 0
70 274 0
70 274 0
70 274 0
70 274 0
70 274 0
70 276 0
70 276 0
70 276 0
70 276 0
70 276 0
70 276 0
70 276 0
70 276 0
70 276 0
70 276 0
70 276 0
70 276 0
70 276 0
70 276 0
70 276 0
70 276 0
70 276 0
70 276 0
70 276 0
70 276 0
70 276 0
70 276 0
70 276 0
70 276 0
70 276 0
70 276 0
70 276 0
69 276 0
69 276 0
69 276 0
68 276 0
68 275 0
68 275 0
68 192 0
68 192 0
68 204 0
68 204 0
67 204 0
67 204 0
67 214 0
67 214 0
67 214 0
67 214 0
67 214 0
67 225 0
67 225 0
67 225 0
67 225 0
67 225 0
67 225 0
67 225 0
67 225 0
67 225 0
67 235 0
67 235 0
67 235 0
67 235 0
67 235 0
67 235 0
67 235 0
67 235 0
67 235 0
67 235 0
67 245 0
68 245 0
68 245 0
68 245 0
69 245 0
69 245 0
69 245 0
69 245 0
69 245 0
69 245 0
69 245 0
69 245 0
69 245 0
70 254 0
70 254 0
70 254 0
70 254 0
70 254 0
70 254 0
70 254 0
70 254 0
71 254 0
71 254 0
71 254 0
71 254 0
71 263 0
71 263 0
71 263 0
71 263 0
71 263 0
71 263 0
71 263 0
71 263 0
71 263 0
71 263 0
71 263 0
71 263 0
71 263 0
71 263 0
71 263 0
71 270 0
71 270 0
71 270 0
71 270 0
71 270 0
71 270 0
71 270 0
72 270 0
72 270 0
72 270 0
72 270 0
72 270 0
72 276 0
72 276 0
72 276 0
72 276 0
72 276 0
72 276 0
72 276 0
72 276 0
72 276 0
72 276 0
72 276 0
72 276 0
73 276 0
74 283 0
74 283 0
75 283 0
76 283 0
77 283 0
77 283 0
77 283 0
77 283 0
78 283 0
78 283 0
79 283 0
99 283 0
99 283 0
108 283 0
108 283 0
115 283 0
115 283 0
115 286 0
124 286 0
124 286 0
124 286 0
131 286 0
131 286 0
131 286 0
136 286 0
136 286 0
136 286 0
138 286 0
138 286 0
138 286 0
138 286 0
134 288 2
134 288 0
134 288 0
134 288 0
134 288 0
134 288 0
130 288 0
130 288 0
130 288 0
130 288 0
130 288 0
130 288 0
124 288 0
124 288 0
124 288 0
124 288 0
124 288 0
124 288 0
116 288 0
116 288 0
116 288 0
116 288 0
116 288 0
116 288 0
116 288 0
109 288 0
109 288 0
109 288 0
109 288 0
109 288 0
109 287 0
101 287 0
101 287 0
101 287 0
101 287 0
101 287 0
101 287 0
94 287 0
94 287 0
94 287 0
94 287 0
87 287 0
87 287 0
87 284 0
87 284 0
87 284 0
82 284 0
82 284 0
82 284 0
82 60 0
79 60 0
79 60 0
79 60 0
78 60 0
78 59 0
78 59 0
78 59 0
77 59 0
75 58 0
71 58 0
70 58 0
68 58 0
65 58 0
63 58 0
61 58 0
60 58 0
59 58 0
58 58 0
56 58 0
55 58 0
54 58 0
52 58 0
51 58 0
51 58 0
50 58 1
49 58 0
49 58 0
48 58 0
48 58 0
48 58 0
48 58 0
47 58 0
47 58 0
47 58 0
46 58 0
46 58 0
45 58 0
45 58 0
45 58 0
45 57 0
45 57 0
45 57 0
44 57 0
44 57 0
44 56 0
44 56 0
44 56 0
44 56 0
44 56 0
43 56 0
43 56 0
43 56 0
43 56 0
43 56 0
43 56 0
42 56 0
42 56 0
42 56 0
42 56 0
42 56 0
42 56 0
42 56 0
42 56 0
42 56 0
42 56 0
42 56 0
42 56 0
42 56 0
42 56 0
42 56 0
42 56 0
42 56 0
42 56 0
42 56 0
42 56 0
42 56 0
42 56 0
42 56 0
42 56 0
42 56 0
42 56 4
42 56 0
42 56 0
42 56 0
42 56 0
42 56 0
42 56 0
42 56 0
42 56 0
42 56 0
42 55 0
42 55 0
42 55 0
42 55 0
42 55 0
42 55 0
42 55 0
42 55 0
42 55 0
42 55 0
42 55 0
42 55 0
42 55 0
42 55 0
42 55 0
42 55 0
42 55 0
42 56 0
42 56 0
42 56 0
42 56 0
42 56 0
42 56 0
42 56 0
42 57 0
42 57 0
42 58 0
42 58 0
42 59 0
42 60 0
42 60 0
42 61 0
42 61 0
42 62 0
42 63 0
42 63 0
42 65 0
42 65 0
42 64 0
42 189 0
42 189 0
42 198 0
42 198 0
42 198 0
42 198 0
42 210 0
42 210 0
42 210 0
43 210 0
43 210 0
43 210 0
43 210 0
43 219 0
43 219 0
43 219 0
43 219 0
44 219 0
44 219 0
44 219 0
44 219 0
44 230 0
44 230 0
44 230 0
44 230 0
44 230 0
44 230 0
44 230 0
44 230 0
44 230 0
44 239 0
44 239 0
44 239 0
44 239 0
44 239 0
44 239 0
44 239 0
44 239 0
44 239 0
44 239 0
44 249 0
44 249 0
44 249 0
44 249 0
44 249 0
44 249 0
44 249 0
44 249 0
44 249 0
44 249 0
44 249 0
44 249 0
44 249 0
44 249 0
44 257 0
44 257 0
44 257 0
44 257 0
44 257 0
44 257 0
44 257 0
44 257 0
44 257 0
44 257 0
44 257 0
44 257 0
44 263 0
44 263 0
44 263 0
44 263 0
44 263 0
44 263 0
44 263 0
44 263 0
70 263 0
70 263 0
76 263 0
81 263 0
81 263 0
90 270 0
99 270 0
99 270 0
99 270 0
107 270 0
107 270 0
107 270 0
118 270 0
118 270 0
125 270 0
125 270 0
125 270 0
125 270 0
132 270 0
132 270 0
132 274 0
132 274 0
137 274 0
137 274 0
137 274 0
137 274 0
139 274 0
139 274 0
139 274 0
139 274 0
139 274 0
139 274 2
139 274 0
139 276 0
139 276 0
135 276 0
135 276 0
135 276 0
135 276 0
135 276 0
135 276 0
130 276 0
130 276 0
130 276 0
130 276 0
130 276 0
130 276 0
130 277 0
121 277 0
121 277 0
121 277 0
121 277 0
121 277 0
121 277 0
114 277 0
114 277 0
114 277 0
114 277 0
114 277 0
114 277 0
104 277 0
104 277 0
104 277 0
104 277 0
104 277 0
96 277 0
96 277 0
96 277 0
96 277 0
96 277 0
96 277 0
89 277 0
89 273 0
89 273 0
89 273 0
89 273 0
81 273 0
81 273 0
81 273 0
81 273 0
75 273 0
75 273 0
75 268 0
75 268 0
71 268 0
71 268 0
71 268 0
71 268 0
70 268 0
70 268 0
70 268 0
70 268 0
70 262 0
70 262 0
70 262 0
72 262 0
72 262 0
72 262 0
82 262 0
82 262 0
82 255 0
92 255 0
99 255 0
99 255 0
107 255 0
107 255 0
107 255 0
117 153 0
117 162 0
117 162 0
124 169 0
124 169 0
124 169 0
131 179 0
131 179 0
131 179 0
131 179 0
135 187 0
135 187 0
135 187 0
135 187 0
137 187 0
137 187 0
137 198 0
137 198 0
137 198 2
137 198 0
137 198 0
137 198 0
137 198 0
136 198 0
136 207 0
136 207 0
136 207 0
136 207 1
136 207 0
133 207 0
133 207 0
133 207 0
133 216 0
133 216 0
128 216 0
128 216 0
128 216 0
128 216 0
128 216 0
128 216 0
119 216 0
119 224 0
119 224 0
119 224 0
119 224 0
119 224 0
119 224 0
112 224 0
112 224 0
112 224 0
112 224 0
112 231 0
104 231 0
104 231 0
104 231 0
104 231 0
104 231 0
96 231 0
96 231 0
96 231 0
96 231 0
96 231 0
88 239 0
88 239 0
88 239 0
88 239 0
88 239 0
82 239 0
82 239 0
82 239 0
82 239 0
78 239 0
78 239 0
78 244 0
78 244 0
76 244 0
76 244 0
76 244 0
76 244 0
76 244 0
76 244 0
76 244 0
79 244 0
79 244 0
85 248 0
85 248 0
91 248 0
91 248 0
101 248 0
101 248 0
101 248 0
109 248 0
109 248 0
118 248 0
118 248 0
118 248 0
118 250 0
125 250 0
125 250 0
125 250 0
125 250 0
130 250 0
130 250 0
130 250 0
130 250 0
134 250 0
134 251 0
134 251 0
134 251 0
135 251 0
135 251 2
135 251 0
135 251 0
134 251 0
134 251 0
134 201 0
134 201 0
134 201 0
128 212 0
128 212 0
128 212 0
128 212 0
128 222 0
128 222 0
122 222 0
122 222 0
122 222 0
122 222 0
122 222 0
122 230 0
115 230 0
115 230 0
115 230 0
115 230 0
115 230 0
115 230 1
115 230 0
109 241 0
109 241 0
109 241 0
109 241 0
109 241 0
109 241 0
102 241 0
102 241 0
102 241 0
102 241 0
102 241 0
102 249 0
94 249 0
94 249 0
94 249 0
94 249 0
94 249 0
88 249 0
88 249 0
88 249 0
88 249 0
88 249 0
83 256 0
83 256 0
83 256 0
83 256 0
81 256 0
81 256 0
81 256 0
81 256 0
80 256 0
80 256 0
80 256 0
80 256 0
83 256 0
87 262 0
87 262 0
93 262 0
93 262 0
101 262 0
101 262 0
101 262 0
109 262 0
109 262 0
109 262 0
118 262 0
118 262 0
124 268 0
124 268 0
124 268 0
131 268 0
131 268 0
131 268 0
135 268 0
135 268 0
135 268 0
135 268 0
137 268 0
137 268 0
137 268 0
137 271 0
138 271 0
138 271 0
138 178 2
138 188 0
137 188 0
137 199 0
137 199 0
137 199 0
134 199 0
134 199 0
134 199 0
134 208 0
134 208 0
129 208 0
129 208 0
129 208 0
129 217 0
129 217 0
121 217 0
121 217 0
121 217 0
121 217 1
121 229 0
121 229 0
114 229 0
114 229 0
114 229 0
114 229 0
114 229 0
105 229 0
105 229 0
105 237 0
105 237 0
105 237 0
105 237 0
98 237 0
98 237 0
90 237 0
90 237 0
88 246 0
88 246 0
88 246 0
87 246 0
87 246 0
86 246 0
85 246 0
85 246 0
85 246 0
84 246 0
83 252 0
82 252 0
82 252 0
82 252 0
82 252 0
82 252 0
82 252 0
82 252 0
82 252 0
82 258 0
82 258 0
82 258 0
82 258 0
82 258 0
83 258 0
83 258 0
83 258 0
84 258 0
84 258 0
85 258 0
86 261 0
87 261 0
89 261 0
95 261 0
102 261 0
113 261 0
113 261 0
114 261 0
114 262 0
114 262 0
114 262 0
114 262 0
114 262 0
114 262 0
114 262 0
114 262 0
114 262 0
114 262 0
114 262 0
114 262 0
114 262 0
115 262 0
115 262 0
115 262 0
115 262 0
115 261 0
115 261 0
115 261 0
115 261 0
116 261 0
116 261 0
116 261 0
116 258 0
116 258 0
116 258 0
=== ini section ===
level_name=It's a jungle out there

rocket_start_prob=50
rocket_radar_start_prob=70
rocket_start_speed=5
rocket_max_start_dist=300
rocket_min_start_dist=50
rocket_var_start_dist=100

drop_start_prob=60
drop_start_speed=3
drop_max_start_dist=300
drop_min_start_dist=50
drop_var_start_dist=100

bady_min_hits=3
