1
0
4
0x38
0x38
0x7d378800 0x19fc00
0xffb50000
0x3c
-1 77 -463
-1 76 -1
-1 77 -1
-1 78 -3
-1 80 -2
-1 81 -1
-1 82 0
-1 83 0
-1 84 0
-1 85 0
-1 86 0
-1 87 0
-1 89 0
-1 90 -1
-1 91 0
-1 92 0
-1 93 -1
-1 94 0
-1 95 0
-1 96 0
-1 97 0
-1 99 0
-1 100 0
-1 101 0
-1 102 -1
-1 103 1
-1 104 0
-1 105 0
-1 106 0
-1 107 0
-1 108 -1
-1 109 0
-1 111 -1
-1 112 0
-1 113 -1
-1 114 0
-1 115 0
-1 116 0
-1 117 0
-1 118 0
-1 120 0
-1 121 0
-1 122 0
-1 124 0
-1 125 0
-1 126 0
-1 128 0
-1 129 0
-1 131 0
-1 132 0
-1 134 0
-1 136 0
-1 139 -1
-1 142 0
-1 143 0
-1 145 -1
-1 146 0
-1 148 0
-1 149 0
-1 151 -1
-1 153 0
-1 154 0
-1 156 0
-1 157 0
-1 159 0
-1 160 0
-1 161 0
-1 162 0
-1 164 0
-1 165 0
-1 168 1
-1 168 0
-1 171 0
-1 172 -1
-1 174 0
-1 175 0
-1 177 0
-1 178 0
-1 180 -1
-1 183 0
-1 186 0
-1 188 0
-1 191 0
-1 194 0
-1 196 0
-1 199 0
-1 201 0
-1 204 0
-1 205 0
-1 207 0
-1 209 0
-1 212 0
-1 213 0
-1 217 0
-1 219 0
-1 224 -1
-1 227 0
-1 231 0
-1 233 0
-1 237 0
-1 247 0
-1 257 0
-1 264 0
-1 267 0
-1 272 0
-1 281 0
-1 295 0
-1 297 0
-1 303 0
-1 306 0
-1 308 0
-1 314 0
-1 322 0
-1 327 0
-1 333 0
-1 335 0
-1 337 0
-1 341 0
-1 343 0
-1 346 0
-1 350 0
-1 355 0
-1 361 0
-1 365 0
-1 370 0
-1 372 0
-1 375 0
-1 378 0
-1 379 0
-1 382 0
-1 384 0
-1 386 0
-1 388 0
-1 390 0
-1 391 0
-1 392 0
-1 393 0
-1 394 0
-1 395 0
-1 396 0
-1 397 0
-1 398 0
-1 399 0
-1 400 0
-1 401 0
-1 402 -1
-1 403 0
-1 404 0
-1 405 0
-1 406 -1
-1 407 0
-1 408 0
-1 409 0
-1 410 -1
-1 411 -1
-1 412 -4
-1 413 1
-1 413 -8
-1 412 -3
-1 411 -1
-1 410 -1
-1 409 0
-1 407 0
-1 406 0
-1 405 0
-1 403 0
-1 402 0
-1 400 0
-1 399 0
-1 397 0
-1 393 0
-1 391 0
-1 388 0
-1 387 0
-1 384 0
-1 380 0
-1 377 0
-1 375 0
-1 372 0
-1 369 0
-1 366 0
-1 365 0
-1 363 0
-1 362 0
-1 360 0
-1 357 0
-1 355 0
-1 352 0
-1 351 0
-1 348 0
-1 345 0
-1 342 1
-1 338 0
-1 337 0
-1 334 0
-1 333 0
-1 328 0
-1 327 0
-1 323 0
-1 321 0
-1 317 0
-1 316 0
-1 314 0
-1 310 0
-1 307 0
-1 304 0
-1 298 0
-1 291 0
-1 286 0
-1 279 0
-1 272 0
-1 271 0
-1 269 0
-1 267 0
-1 264 0
-1 261 0
-1 259 0
-1 255 -1
-1 252 0
-1 248 0
-1 245 0
-1 244 0
-1 241 0
-1 238 0
-1 236 0
-1 235 -1
-1 234 0
-1 231 -1
-1 229 0
-1 228 0
-1 227 0
-1 225 0
-1 221 0
-1 220 0
-1 218 1
-1 218 0
-1 216 0
-1 214 -1
-1 211 0
-1 209 0
-1 206 0
-1 203 0
-1 201 0
-1 198 0
-1 195 0
-1 192 0
-1 186 0
-1 181 0
-1 178 0
-1 174 0
-1 168 0
-1 161 0
-1 160 0
-1 159 -1
-1 158 0
-1 157 0
-1 156 0
-1 155 -1
-1 153 0
-1 152 0
-1 150 0
-1 149 0
-1 148 0
-1 146 0
-1 145 0
-1 143 -1
-1 142 0
-1 141 0
-1 139 0
-1 138 -1
-1 135 -1
-1 134 0
-1 133 0
-1 131 0
-1 130 0
-1 128 0
-1 127 0
-1 125 -1
-1 123 -1
-1 122 0
-1 121 0
-1 120 0
-1 119 -1
-1 117 -2
-1 115 -1
-1 114 -1
-1 112 -2
-1 110 0
-1 109 0
-1 108 -2
-1 106 -1
-1 105 -1
-1 104 -1
-1 103 0
-1 102 0
-1 101 -1
-1 100 -5
-1 99 0
-1 98 -8
-1 97 -6
-1 97 1
-1 97 -9
-1 98 -4
-1 99 -1
-1 100 -2
-1 101 -1
-1 102 -1
-1 103 -1
-1 104 -2
-1 105 -1
-1 106 -2
-1 107 -1
-1 108 0
-1 109 0
-1 110 0
-1 111 -1
-1 112 0
-1 113 -1
-1 114 0
-1 116 -2
-1 117 -2
-1 119 -2
-1 120 0
-1 122 -1
-1 123 0
-1 124 0
-1 125 0
-1 126 0
-1 127 -1
-1 129 -1
-1 131 -1
-1 132 0
-1 135 -1
-1 136 0
-1 138 0
-1 140 0
-1 142 -1
-1 144 0
-1 145 0
-1 147 0
-1 148 0
-1 150 0
-1 154 0
-1 157 0
-1 159 0
-1 161 0
-1 164 0
-1 166 0
-1 168 0
-1 170 0
-1 172 0
-1 174 0
-1 177 0
-1 179 0
-1 181 0
-1 185 0
-1 187 0
-1 191 0
-1 194 0
-1 198 0
-1 202 0
-1 203 0
-1 205 0
-1 207 0
-1 210 0
-1 213 0
-1 214 0
-1 219 0
-1 221 0
-1 223 0
-1 226 0
-1 229 0
-1 233 -1
-1 236 0
-1 238 0
-1 240 0
-1 242 0
-1 244 0
-1 246 0
-1 251 0
-1 253 0
-1 255 0
-1 258 0
-1 260 0
-1 263 0
-1 265 0
-1 268 0
-1 270 0
-1 272 0
-1 275 0
-1 277 0
-1 279 0
-1 283 0
-1 287 0
-1 289 0
-1 294 0
-1 300 0
-1 312 0
-1 314 0
-1 319 0
-1 324 0
-1 332 0
-1 335 -1
-1 337 0
-1 339 -1
-1 341 0
-1 343 -1
-1 348 0
-1 349 0
-1 357 0
-1 361 0
-1 362 0
-1 366 0
-1 368 0
-1 369 0
-1 370 0
-1 372 0
-1 376 0
-1 377 -3
-1 379 0
-1 383 0
-1 385 0
-1 388 0
-1 390 0
-1 396 0
-1 398 0
-1 400 0
-1 402 0
-1 406 0
-1 409 0
-1 411 0
-1 419 0
-1 422 -1
-1 425 0
-1 428 0
-1 431 0
-1 434 0
-1 436 0
-1 440 0
-1 442 0
-1 443 0
-1 445 0
-1 448 0
-1 450 0
-1 452 0
-1 454 0
-1 456 -1
-1 457 0
-1 458 0
-1 461 0
-1 462 0
-1 464 -1
-1 465 0
-1 467 0
-1 468 0
-1 469 0
-1 470 0
-1 471 0
-1 472 0
-1 473 0
-1 474 0
-1 475 -1
-1 476 0
-1 477 0
-1 478 -2
-1 479 0
-1 480 -3
-1 481 -1
-1 482 -7
-1 482 16
-1 482 -6
-1 481 0
-1 480 0
-1 479 0
-1 477 -1
-1 476 0
-1 475 -1
-1 473 -1
-1 470 64 0xf8e8ea00 0xffb50000 0x3c
-1 468 0
-1 467 0
-1 465 0
-1 464 0
-1 463 0
-1 462 0
-1 458 0
-1 455 0
-1 452 0
-1 450 0
-1 447 0
-1 445 0
-1 439 0
-1 433 0
-1 429 0
-1 427 0
-1 422 0
-1 416 0
-1 409 0
-1 402 0
-1 395 0
-1 389 0
-1 374 0
-1 364 0
-1 358 0
-1 349 0
-1 315 0
-1 304 0
-1 299 0
-1 286 -2
-1 282 0
-1 276 0
-1 270 0
-1 263 0
-1 258 0
-1 252 0
-1 246 0
-1 238 0
-1 229 0
-1 225 0
-1 217 0
-1 214 0
-1 209 0
-1 204 0
-1 196 0
-1 191 0
-1 186 0
-1 182 0
-1 181 0
-1 178 0
-1 176 0
-1 175 0
-1 172 0
-1 170 -1
-1 169 0
-1 168 0
-1 167 0
-1 166 0
-1 165 -1
-1 163 -1
-1 162 0
-1 161 0
-1 160 -1
-1 159 0
-1 158 0
-1 157 -1
-1 156 0
-1 155 0
-1 154 -1
-1 153 -1
-1 152 0
-1 151 0
-1 150 -1
-1 149 0
-1 148 64 0xfff20000 0xffb50000 0x3c
-1 147 0
-1 146 0
-1 145 -1
-1 144 -1
-1 143 0
-1 142 0
-1 141 0
-1 140 0
-1 138 0
-1 137 0
-1 135 0
-1 133 -1
-1 132 0
-1 131 0
-1 129 0
-1 127 0
-1 126 0
-1 125 0
-1 122 0
-1 121 0
-1 118 -1
-1 116 0
-1 114 -1
-1 112 0
-1 111 0
-1 110 0
-1 108 0
-1 107 0
-1 105 0
-1 103 -1
-1 102 0
-1 100 0
-1 99 -1
-1 98 0
-1 97 0
-1 96 0
-1 95 0
-1 94 0
-1 93 -2
-1 92 0
-1 91 0
-1 90 -2
-1 89 -1
-1 88 -2
-1 87 -2
-1 86 -3
-1 85 0
-1 84 -3
-1 84 64 0xff130000 0xffb50000 0x3c
-1 84 1
-1 84 -1
-1 83 -3
-1 82 -5
-1 81 -5
-1 80 -6
-1 79 -8
-1 80 1
-1 80 -4
-1 80 64 0 0 0
-1 80 -26
-1 80 1
-1 80 -12
-1 79 -21
-1 79 1
-1 79 -15
-1 80 -17
-1 80 1
-1 80 -27
-1 80 1
-1 80 -4
-1 79 -4
-1 78 -13
-1 77 -5
-1 76 -1
-1 76 1
-1 76 -6
-1 75 -23
-1 75 1
-1 75 -28
-1 75 1
-1 76 -3
-1 77 -6
-1 78 -5
-1 79 -6
-1 80 -3
-1 81 0
-1 81 1
-1 81 0
-1 82 -4
-1 83 -4
-1 84 -4
-1 85 0
-1 86 0
-1 87 -1
-1 88 0
-1 89 -1
-1 90 -2
-1 91 0
-1 92 0
-1 93 0
-1 94 0
-1 95 0
-1 96 0
-1 98 0
-1 99 0
-1 100 0
-1 101 0
-1 102 0
-1 104 0
-1 105 0
-1 106 0
-1 110 0
-1 112 0
-1 114 0
-1 115 -1
-1 120 0
-1 126 0
-1 133 0
-1 146 0
-1 150 0
-1 151 0
-1 157 0
-1 159 0
-1 160 0
-1 161 0
-1 162 -1
-1 163 0
-1 164 -1
-1 166 0
-1 168 -1
-1 170 -2
-1 171 -1
-1 172 -4
-1 173 -1
-1 174 -5
-1 174 1
-1 174 0
-1 175 -3
-1 176 -2
-1 175 -12
-1 174 -3
-1 175 -1
-1 177 0
-1 178 0
-1 181 0
-1 184 0
-1 186 0
-1 192 0
-1 198 -1
-1 200 0
-1 203 0
-1 205 0
-1 206 0
-1 208 0
-1 210 0
-1 211 0
-1 212 0
-1 213 0
-1 214 0
-1 216 -1
-1 217 0
-1 218 0
-1 219 0
-1 220 0
-1 222 0
-1 223 0
-1 224 -3
-1 225 -1
-1 226 0
-1 226 1
-1 227 -5
-1 228 -3
-1 229 -3
-1 230 0
-1 231 -4
-1 230 -2
-1 232 -1
-1 233 0
-1 237 0
-1 240 0
-1 253 0
-1 266 0
-1 279 0
-1 291 0
-1 304 0
-1 317 0
-1 330 0
-1 363 0
-1 365 0
-1 366 0
-1 368 0
-1 374 0
-1 377 0
-1 378 0
-1 381 0
-1 383 0
-1 385 0
-1 386 0
-1 387 0
-1 388 0
-1 391 -2
-1 392 -1
-1 394 -1
-1 395 0
-1 396 0
-1 397 -1
-1 398 -2
-1 399 -1
-1 400 -3
-1 401 -1
-1 402 -2
-1 403 1
-1 403 0
-1 404 -3
-1 405 -1
-1 406 0
-1 407 -1
-1 408 -2
-1 409 -1
-1 410 -1
-1 411 0
-1 412 -1
-1 413 -1
-1 415 0
-1 416 0
-1 417 0
-1 418 0
-1 419 0
-1 420 0
-1 421 0
-1 422 0
-1 423 0
-1 424 0
-1 425 -1
-1 426 0
-1 427 0
-1 428 -1
-1 429 0
-1 430 0
-1 432 -1
-1 434 0
-1 435 0
-1 437 0
-1 438 0
-1 440 0
-1 441 0
-1 442 0
-1 444 0
-1 446 0
-1 447 0
-1 449 0
-1 453 0
-1 456 0
-1 457 0
-1 461 0
-1 463 0
-1 466 0
-1 468 0
-1 471 0
-1 472 0
-1 474 0
-1 477 0
-1 478 0
-1 479 0
-1 481 0
-1 482 0
-1 483 0
-1 484 0
-1 485 0
-1 486 0
-1 487 -1
-1 488 0
-1 489 -3
-1 490 -1
-1 491 -4
-1 492 -7
-1 493 -4
-1 494 -4
-1 493 -1
-1 495 -32
-1 495 16
-1 495 -183
-1 495 4
-1 495 -68
-1 492 -8
-1 491 -3
-1 490 0
-1 489 -1
-1 487 -1
-1 486 -1
-1 485 0
-1 484 0
-1 483 -3
-1 482 0
-1 481 0
-1 480 -1
-1 478 -1
-1 477 0
-1 476 0
-1 475 0
-1 474 -1
-1 473 0
-1 472 0
-1 471 -1
-1 470 -1
-1 468 -1
-1 467 0
-1 465 -2
-1 464 0
-1 463 0
-1 462 -1
-1 461 0
-1 460 0
-1 459 0
-1 458 0
-1 457 0
-1 456 0
-1 453 -1
-1 452 0
-1 451 0
-1 449 0
-1 447 0
-1 446 0
-1 445 0
-1 444 0
-1 442 0
-1 441 0
-1 440 0
-1 438 0
-1 437 0
-1 436 0
-1 435 0
-1 433 0
-1 432 0
-1 431 0
-1 429 0
-1 427 0
-1 426 0
-1 424 0
-1 423 0
-1 422 0
-1 421 0
-1 419 0
-1 416 0
-1 414 0
-1 410 0
-1 407 0
-1 405 0
-1 403 0
-1 400 0
-1 398 0
-1 396 0
-1 395 0
-1 394 0
-1 391 0
-1 389 0
-1 388 0
-1 387 0
-1 386 0
-1 384 0
-1 383 0
-1 382 0
-1 380 0
-1 379 0
-1 378 0
-1 377 0
-1 374 0
-1 371 0
-1 366 0
-1 363 -1
-1 346 0
-1 340 0
-1 333 0
-1 329 0
-1 322 0
-1 316 0
-1 315 0
-1 313 0
-1 311 0
-1 307 0
-1 302 0
-1 299 0
-1 291 -1
-1 289 0
-1 287 0
-1 282 0
-1 281 0
-1 278 -1
-1 277 -1
-1 274 0
-1 272 -1
-1 270 0
-1 268 -1
-1 266 -1
-1 264 0
-1 262 -1
-1 260 0
-1 258 -1
-1 255 0
-1 251 0
-1 249 0
-1 246 0
-1 244 0
-1 241 0
-1 239 0
-1 235 -1
-1 232 0
-1 229 0
-1 227 -1
-1 223 -1
-1 222 -1
-1 218 0
-1 217 0
-1 216 0
-1 213 0
-1 210 0
-1 207 0
-1 206 0
-1 204 0
-1 203 0
-1 202 0
-1 201 0
-1 200 0
-1 198 0
-1 195 0
-1 193 0
-1 191 0
-1 189 -1
-1 187 -1
-1 184 -1
-1 182 0
-1 181 -1
-1 179 0
-1 178 0
-1 177 0
-1 175 0
-1 174 0
-1 173 0
-1 171 0
-1 170 0
-1 168 0
-1 166 0
-1 165 0
-1 163 -1
-1 162 0
-1 159 -1
-1 157 0
-1 156 0
-1 154 0
-1 153 0
-1 152 0
-1 150 0
-1 149 -1
-1 147 0
-1 145 0
-1 143 -1
-1 141 0
-1 139 -1
-1 137 -1
-1 136 -2
-1 134 0
-1 133 -1
-1 132 0
-1 130 -3
-1 128 -1
-1 127 -1
-1 125 0
-1 123 -2
-1 121 -2
-1 118 -3
-1 117 -1
-1 115 -2
-1 113 -2
-1 111 -2
-1 110 -1
-1 108 -2
-1 106 -1
-1 105 -2
-1 104 -2
-1 102 -4
-1 100 -10
-1 99 -4
-1 99 1
-1 99 -8
-1 100 0
-1 101 -1
-1 102 -1
-1 103 0
-1 104 -1
-1 105 -1
-1 106 0
-1 107 0
-1 108 -1
-1 109 0
-1 110 0
-1 111 -1
-1 112 0
-1 113 0
-1 114 0
-1 115 0
-1 116 0
-1 118 0
-1 119 0
-1 120 -1
-1 121 4
-1 122 -1
-1 123 0
-1 124 0
-1 126 -1
-1 127 0
-1 128 0
-1 130 0
-1 131 0
-1 132 0
-1 134 0
-1 136 0
-1 137 0
-1 139 -1
-1 141 -1
-1 143 0
-1 146 -1
-1 148 0
-1 150 0
-1 151 0
-1 152 0
-1 153 0
-1 155 0
-1 156 0
-1 160 0
-1 161 0
-1 164 0
-1 166 0
-1 168 0
-1 170 0
-1 173 -1
-1 175 0
-1 177 0
-1 180 0
-1 182 0
-1 183 0
-1 185 0
-1 186 0
-1 187 0
-1 188 0
-1 190 0
-1 192 0
-1 193 0
-1 195 0
-1 196 0
-1 197 0
-1 198 -1
-1 199 0
-1 200 0
-1 201 0
-1 202 -1
-1 203 0
-1 204 0
-1 205 -1
-1 206 -1
-1 207 0
-1 208 0
-1 209 -2
-1 210 -1
-1 211 -2
-1 212 -2
-1 213 -5
-1 214 -5
-1 215 -6
-1 216 -30
-1 215 -6
-1 214 -7
-1 213 -12
-1 212 -1
-1 212 1
-1 212 -13
-1 213 -2
-1 214 -3
-1 215 -4
-1 216 -2
-1 217 0
-1 218 -1
-1 219 0
-1 220 0
-1 221 0
-1 222 0
-1 223 0
-1 224 -1
-1 225 0
-1 226 0
-1 228 -1
-1 230 0
-1 231 0
-1 233 0
-1 236 -1
-1 238 0
-1 241 0
-1 242 0
-1 243 0
-1 247 0
-1 251 -1
-1 254 0
-1 255 0
-1 258 0
-1 261 0
-1 263 0
-1 266 0
-1 269 0
-1 271 0
-1 277 0
-1 282 0
-1 286 0
-1 289 0
-1 299 0
-1 301 0
-1 307 0
-1 312 0
-1 315 0
-1 317 0
-1 319 0
-1 320 0
-1 322 0
-1 324 0
-1 325 0
-1 326 0
-1 327 0
-1 328 0
-1 329 0
-1 330 0
-1 331 -1
-1 332 -1
-1 334 -1
-1 335 -3
-1 336 -2
-1 337 -5
-1 338 -23
-1 338 4
-1 338 -1
-1 337 -33
-1 336 -7
-1 337 -2
-1 338 -3
-1 339 -2
-1 340 -1
-1 340 1
-1 341 0
-1 342 -3
-1 343 -1
-1 344 0
-1 345 0
-1 346 -1
-1 347 0
-1 349 -1
-1 350 0
-1 351 0
-1 352 -1
-1 353 0
-1 354 -1
-1 355 0
-1 356 0
-1 357 0
-1 359 0
-1 361 0
-1 363 0
-1 365 0
-1 368 0
-1 370 0
-1 374 0
-1 380 0
-1 384 0
-1 411 0
-1 415 0
-1 420 0
-1 429 0
-1 432 0
-1 436 0
-1 439 0
-1 443 0
-1 445 0
-1 448 0
-1 449 0
-1 451 0
-1 452 -2
-1 453 -1
-1 454 -2
-1 455 -1
-1 456 -2
-1 457 -6
-1 458 -2
-1 456 -4
-1 455 -4
-1 454 0
-1 453 -2
-1 452 -1
-1 451 -1
-1 450 0
-1 449 -1
-1 448 0
-1 446 0
-1 445 0
-1 444 0
-1 442 0
-1 441 0
-1 440 0
-1 438 0
-1 437 0
-1 436 0
-1 435 -1
-1 434 0
-1 433 0
-1 432 0
-1 431 -1
-1 430 0
-1 429 -1
-1 428 -3
-1 427 -5
-1 426 -5
-1 425 -2
-1 424 0
-1 423 -7
-1 422 0
-1 422 1
-1 422 0
-1 421 -1
-1 420 -8
-1 419 -23
-1 420 -3
-1 421 0
-1 422 -5
-1 423 -1
-1 424 -1
-1 425 0
-1 426 -1
-1 427 0
-1 428 0
-1 429 0
-1 430 0
-1 432 0
-1 434 0
-1 435 0
-1 436 0
-1 438 0
-1 440 0
-1 441 0
-1 443 0
-1 445 0
-1 448 0
-1 450 0
-1 452 0
-1 454 0
-1 456 0
-1 457 0
-1 459 0
-1 462 0
-1 463 0
-1 464 0
-1 465 -1
-1 466 -2
-1 465 -2
-1 464 -5
-1 463 0
-1 462 0
-1 461 0
-1 460 -2
-1 459 0
-1 458 0
-1 457 0
-1 456 0
-1 455 0
-1 454 0
-1 453 -1
-1 452 0
-1 451 -1
-1 450 0
-1 449 0
-1 448 -2
-1 447 -1
-1 446 -1
-1 445 -3
-1 444 0
-1 443 -2
-1 442 -2
-1 441 -2
-1 440 -1
-1 439 -1
-1 438 -2
-1 437 -1
-1 436 0
-1 435 -4
-1 434 -1
-1 433 -1
-1 432 -6
-1 431 -5
-1 430 -5
-1 429 -4
-1 428 0
-1 428 32
-1 428 -4
-1 427 -4
-1 426 -13
-1 427 -4
-1 428 -1
-1 429 0
-1 430 -1
-1 431 0
-1 432 0
-1 433 0
-1 434 -1
-1 435 0
-1 436 0
-1 437 0
-1 439 0
-1 440 0
-1 442 0
-1 444 -1
-1 446 0
-1 450 0
-1 452 0
-1 455 0
-1 456 0
-1 457 0
-1 458 0
-1 460 0
-1 461 0
-1 462 0
-1 463 -1
-1 464 0
-1 466 -2
-1 467 -9
-1 466 -4
-1 465 -4
-1 464 -2
-1 463 0
-1 462 -2
-1 461 -2
-1 460 -2
-1 459 -1
-1 458 -2
-1 457 -2
-1 456 -3
-1 455 0
-1 454 -2
-1 453 -1
-1 452 0
-1 451 -3
-1 450 0
-1 449 -2
-1 448 0
-1 447 -4
-1 445 -1
-1 443 -1
-1 442 -1
-1 441 -2
-1 440 -1
-1 439 -3
-1 438 -1
-1 437 -3
-1 436 -1
-1 435 -1
-1 434 -1
-1 433 -2
-1 432 -2
-1 431 -6
-1 430 -2
-1 429 -1
-1 428 -1
-1 427 0
-1 426 -2
-1 425 -1
-1 424 0
-1 423 -3
-1 422 -2
-1 421 -2
-1 420 -1
-1 419 -8
-1 419 1
-1 419 -5
-1 420 0
-1 421 0
-1 422 -1
-1 424 -2
-1 425 -1
-1 427 -2
-1 428 -1
-1 430 -1
-1 432 0
-1 433 -1
-1 434 0
-1 436 -1
-1 438 0
-1 439 0
-1 440 0
-1 442 0
-1 445 0
-1 447 0
-1 449 0
-1 451 0
-1 452 0
-1 453 0
-1 455 -1
-1 456 -1
-1 457 -7
-1 456 -2
-1 455 -1
-1 454 -2
-1 453 -1
-1 452 -1
-1 451 -2
-1 450 0
-1 449 -1
-1 448 -2
-1 447 -1
-1 446 -4
-1 445 -1
-1 444 -2
-1 443 -1
-1 442 -2
-1 440 -1
-1 439 -4
-1 438 -1
-1 437 -1
-1 436 -1
-1 435 -1
-1 434 -4
-1 433 -1
-1 432 -2
-1 431 -1
-1 430 -2
-1 427 -4
-1 426 0
-1 425 -1
-1 424 -1
-1 423 -1
-1 422 -2
-1 421 0
-1 420 -3
-1 419 -1
-1 418 -2
-1 417 -2
-1 416 -1
-1 415 0
-1 414 -2
-1 413 -3
-1 412 -1
-1 411 -1
-1 410 -2
-1 409 -1
-1 408 -1
-1 407 0
-1 406 -3
-1 405 -2
-1 404 -2
-1 403 -5
-1 402 -5
-1 401 -5
-1 400 -9
-1 400 1
-1 400 -9
-1 401 -1
-1 402 0
-1 403 -3
-1 404 0
-1 405 0
-1 406 -1
-1 408 -1
-1 409 0
-1 411 0
-1 412 0
-1 414 0
-1 415 0
-1 416 0
-1 418 0
-1 420 0
-1 422 0
-1 424 0
-1 425 -1
-1 427 0
-1 428 0
-1 430 0
-1 431 0
-1 433 0
-1 434 0
-1 435 0
-1 436 0
-1 437 0
-1 438 -8
-1 438 16
-1 438 -13
-1 436 -3
-1 435 0
-1 434 -4
-1 432 -3
-1 431 -1
-1 430 -3
-1 429 -1
-1 428 -2
-1 427 0
-1 426 -3
-1 425 -1
-1 424 -1
-1 423 0
-1 422 -4
-1 421 0
-1 420 -2
-1 419 0
-1 418 -5
-1 416 -7
-1 415 -4
-1 414 -1
-1 413 -3
-1 412 -5
-1 411 -4
-1 410 -1
-1 409 -2
-1 408 -1
-1 407 -1
-1 406 -1
-1 405 -2
-1 404 -5
-1 403 -2
-1 403 1
-1 403 0
-1 402 -3
-1 401 -2
-1 400 -4
-1 399 -10
-1 398 -7
-1 397 -4
-1 396 -3
-1 393 -7
-1 392 0
-1 391 0
-1 390 -2
-1 389 -1
-1 388 -1
-1 387 0
-1 386 0
-1 385 -1
-1 384 0
-1 383 0
-1 382 0
-1 381 -1
-1 380 -2
-1 379 0
-1 378 0
-1 377 0
-1 376 0
-1 375 0
-1 374 0
-1 372 -1
-1 371 0
-1 370 0
-1 369 0
-1 368 0
-1 367 0
-1 366 -1
-1 365 0
-1 364 0
-1 363 0
-1 362 0
-1 361 0
-1 360 -1
-1 359 0
-1 357 -1
-1 356 0
-1 354 0
-1 353 0
-1 352 0
-1 350 0
-1 349 0
-1 347 0
-1 345 -1
-1 343 0
-1 341 0
-1 340 0
-1 338 0
-1 336 0
-1 335 0
-1 333 0
-1 332 0
-1 330 0
-1 329 0
-1 327 0
-1 325 0
-1 324 0
-1 320 0
-1 317 0
-1 315 0
-1 313 0
-1 311 0
-1 309 0
-1 307 -1
-1 306 0
-1 305 0
-1 303 0
-1 302 0
-1 301 -1
-1 300 0
-1 299 0
-1 298 0
-1 297 -1
-1 296 -1
-1 295 0
-1 294 0
-1 293 -2
-1 292 -3
-1 291 -1
-1 290 -2
-1 289 -3
-1 289 16
-1 289 -1
-1 288 -3
-1 287 -5
-1 286 -6
-1 285 -13
-1 284 -4
-1 283 -3
-1 282 -4
-1 281 -58
-1 281 1
-1 281 -27
-1 280 -2
-1 279 -1
-1 278 -2
-1 277 -1
-1 276 -1
-1 275 0
-1 273 -1
-1 272 0
-1 270 -1
-1 269 0
-1 267 0
-1 266 0
-1 264 0
-1 259 0
-1 242 0
-1 236 0
-1 229 0
-1 224 0
-1 221 0
-1 220 0
-1 218 0
-1 216 0
-1 215 -1
-1 214 0
-1 213 -2
-1 212 -1
-1 210 -1
-1 209 -3
-1 208 -3
-1 207 -1
-1 206 -13
-1 205 0
-1 205 16
-1 205 -52
-1 206 -20
-1 207 -20
-1 208 -10
-1 208 1
-1 208 -15
-1 207 0
-1 206 0
-1 205 0
-1 204 -1
-1 203 0
-1 200 0
-1 198 0
-1 196 -1
-1 195 0
-1 192 0
-1 191 0
-1 189 0
-1 187 0
-1 184 0
-1 181 0
-1 176 0
-1 174 0
-1 171 0
-1 169 0
-1 168 0
-1 167 0
-1 166 0
-1 165 -1
-1 164 0
-1 163 0
-1 162 -1
-1 161 0
-1 160 0
-1 159 -1
-1 158 -1
-1 157 0
-1 156 -2
-1 155 -1
-1 154 -2
-1 153 -2
-1 152 0
-1 151 -3
-1 149 -42
-1 150 -6
-1 150 32
-1 150 0
-1 151 -13
-1 152 -2
-1 153 -6
-1 154 -3
-1 155 -10
-1 154 -15
-1 155 -3
-1 156 0
-1 157 -2
-1 158 -1
-1 159 -1
-1 160 -2
-1 161 0
-1 162 -4
-1 163 -2
-1 164 0
-1 165 -1
-1 166 -2
-1 167 -1
-1 168 -2
-1 169 -5
-1 170 -1
-1 171 -1
-1 172 -1
-1 173 -2
-1 174 -2
-1 175 -1
-1 176 -1
-1 177 0
-1 178 -4
-1 179 -1
-1 180 -2
-1 181 0
-1 182 -2
-1 183 -1
-1 184 -1
-1 185 -3
-1 187 -4
-1 188 0
-1 189 0
-1 190 0
-1 191 0
-1 192 -1
-1 194 -1
-1 195 0
-1 196 0
-1 198 0
-1 199 0
-1 200 -1
-1 201 -1
-1 202 0
-1 203 0
-1 204 -1
-1 206 -1
-1 207 0
-1 208 0
-1 209 -1
-1 210 0
-1 211 -1
-1 213 -1
-1 214 -1
-1 215 0
-1 216 0
-1 217 0
-1 218 -2
-1 220 -1
-1 222 -1
-1 223 -1
-1 225 -2
-1 226 -1
-1 227 0
-1 228 -2
-1 229 -2
-1 230 -5
-1 230 16
-1 231 -18
-1 229 -2
-1 227 -1
-1 226 -1
-1 224 0
-1 223 0
-1 221 0
-1 220 0
-1 217 0
-1 214 0
-1 213 0
-1 211 0
-1 210 0
-1 207 0
-1 205 0
-1 202 0
-1 200 0
-1 198 0
-1 196 0
-1 194 0
-1 193 0
-1 191 0
-1 190 0
-1 189 0
-1 187 0
-1 184 0
-1 181 -1
-1 180 0
-1 178 0
-1 177 0
-1 176 0
-1 174 0
-1 173 -1
-1 171 0
-1 170 -2
-1 169 0
-1 168 0
-1 167 -2
-1 166 -3
-1 165 0
-1 164 -7
-1 164 1
-1 164 -2
-1 165 -6
-1 166 -2
-1 168 -1
-1 169 -2
-1 170 -2
-1 171 -2
-1 172 -1
-1 173 -1
-1 174 -3
-1 176 -4
-1 178 -4
-1 180 -2
-1 181 -1
-1 183 0
-1 184 -1
-1 185 0
-1 186 -1
-1 187 0
-1 188 0
-1 189 0
-1 190 -6
-1 191 0
-1 192 0
-1 193 -1
-1 194 -1
-1 196 -1
-1 197 -1
-1 198 0
-1 199 -1
-1 200 0
-1 201 0
-1 203 0
-1 204 -1
-1 205 0
-1 206 0
-1 207 -1
-1 208 -1
-1 209 0
-1 210 0
-1 211 0
-1 212 0
-1 213 0
-1 214 0
-1 215 0
-1 216 -1
-1 218 -1
-1 219 0
-1 220 0
-1 222 0
-1 223 0
-1 224 0
-1 226 0
-1 227 -1
-1 228 0
-1 229 0
-1 230 -1
-1 232 -1
-1 233 0
-1 234 -1
-1 235 0
-1 236 -1
-1 237 0
-1 238 0
-1 239 0
-1 241 0
-1 242 0
-1 243 0
-1 244 0
-1 246 0
-1 247 -1
-1 248 0
-1 249 -1
-1 250 -1
-1 252 -1
-1 253 0
-1 254 -1
-1 255 -1
-1 256 -11
-1 256 16
-1 256 -12
-1 255 -2
-1 254 -3
-1 253 -3
-1 251 -2
-1 250 0
-1 248 -2
-1 247 0
-1 245 -1
-1 243 0
-1 242 0
-1 239 0
-1 237 0
-1 235 0
-1 234 0
-1 233 0
-1 232 0
-1 230 -1
-1 227 0
-1 224 -1
-1 223 0
-1 221 0
-1 220 0
-1 219 0
-1 218 0
-1 215 -1
-1 214 0
-1 213 0
-1 211 0
-1 209 0
-1 207 -1
-1 206 0
-1 204 0
-1 202 0
-1 201 0
-1 199 0
-1 197 0
-1 195 0
-1 193 0
-1 191 0
-1 190 0
-1 188 0
-1 187 0
-1 186 -1
-1 185 -4
-1 184 -7
-1 184 1
-1 184 0
-1 183 -38
-1 184 -3
-1 185 -6
-1 186 -1
-1 186 1
-1 186 -9
-1 187 -8
-1 188 -31
-1 188 1
-1 188 -41
-1 188 1
-1 188 -43
-1 188 1
-1 188 0
-1 189 -6
-1 190 -4
-1 191 -3
-1 192 -2
-1 193 -1
-1 194 -1
-1 195 0
-1 197 0
-1 198 -1
-1 199 0
-1 200 -1
-1 201 -1
-1 203 0
-1 204 -1
-1 205 0
-1 206 0
-1 207 -1
-1 208 0
-1 209 -2
-1 210 -1
-1 211 -1
-1 212 -1
-1 214 0
-1 215 -1
-1 216 -1
-1 218 -1
-1 219 0
-1 220 0
-1 221 -1
-1 223 -1
-1 224 0
-1 226 -2
-1 227 -2
-1 229 -1
-1 230 0
-1 231 -1
-1 232 0
-1 234 -1
-1 235 -1
-1 238 -2
-1 239 -1
-1 240 -1
-1 242 -1
-1 243 0
-1 244 -1
-1 245 0
-1 246 0
-1 247 0
-1 248 0
-1 249 0
-1 251 0
-1 252 -4
-1 253 0
-1 255 0
-1 256 0
-1 257 0
-1 258 0
-1 259 0
-1 261 0
-1 262 0
-1 263 0
-1 265 0
-1 266 0
-1 269 -1
-1 270 0
-1 273 0
-1 274 -1
-1 275 0
-1 277 0
-1 278 0
-1 280 0
-1 281 0
-1 283 0
-1 284 0
-1 286 0
-1 287 0
-1 288 0
-1 289 0
-1 291 0
-1 293 -1
-1 295 0
-1 296 0
-1 297 0
-1 298 0
-1 299 0
-1 301 0
-1 303 0
-1 304 0
-1 306 0
-1 307 0
-1 308 0
-1 309 0
-1 311 0
-1 313 0
-1 314 0
-1 317 0
-1 318 0
-1 321 0
-1 324 0
-1 327 0
-1 331 0
-1 333 0
-1 334 0
-1 336 0
-1 339 -1
-1 340 0
-1 342 0
-1 344 -1
-1 345 0
-1 347 0
-1 348 0
-1 349 -1
-1 350 0
-1 351 0
-1 352 0
-1 353 0
-1 354 0
-1 355 0
-1 356 -1
-1 357 0
-1 358 0
-1 359 -1
-1 360 -4
-1 361 -2
-1 362 -1
-1 363 -2
-1 363 1
-1 363 -14
-1 362 -6
-1 361 -6
-1 360 -4
-1 359 -6
-1 358 -6
-1 357 -3
-1 356 -7
-1 355 -4
-1 354 -4
-1 353 -2
-1 352 -1
-1 351 -1
-1 350 -1
-1 349 -7
-1 348 0
-1 347 -1
-1 346 -2
-1 345 -1
-1 344 -2
-1 343 -2
-1 342 -4
-1 342 1
-1 342 -4
-1 343 -6
-1 344 -4
-1 345 -6
-1 346 -4
-1 347 -6
-1 348 -5
-1 349 -2
-1 350 -1
-1 351 -2
-1 352 -1
-1 353 -3
-1 354 0
-1 355 -2
-1 356 -1
-1 357 -2
-1 358 -2
-1 359 -2
-1 360 -1
-1 361 -2
-1 362 -2
-1 363 -6
-1 364 -4
-1 365 -8
-1 366 -8
-1 366 16
-1 366 -51
-1 365 0
-1 364 -2
-1 363 -1
-1 362 0
-1 361 -3
-1 360 -2
-1 359 -1
-1 358 -2
-1 357 -5
-1 356 0
-1 356 1
-1 356 -4
-1 355 -12
-1 356 -5
-1 357 -5
-1 358 -4
-1 359 -6
-1 360 -23
-1 359 -5
-1 358 -2
-1 357 -1
-1 356 0
-1 355 0
-1 354 0
-1 353 0
-1 352 0
-1 351 0
-1 349 0
-1 348 0
-1 347 0
-1 346 -2
-1 345 0
-1 344 0
-1 343 -1
-1 342 -3
-1 340 -1
-1 339 -1
-1 338 0
-1 337 0
-1 336 -1
-1 335 0
-1 334 -2
-1 333 -2
-1 332 -2
-1 331 -2
-1 330 -12
-1 330 32
-1 330 -15
-1 331 -2
-1 332 0
-1 333 -2
-1 334 -1
-1 335 -2
-1 336 -1
-1 337 -1
-1 338 -1
-1 339 0
-1 340 0
-1 341 0
-1 342 0
-1 343 0
-1 345 -1
-1 346 -1
-1 348 -1
-1 350 -1
-1 351 0
-1 352 0
-1 354 -1
-1 356 0
-1 357 0
-1 358 0
-1 359 0
-1 360 0
-1 362 0
-1 363 0
-1 365 0
-1 366 0
-1 367 0
-1 368 -1
-1 369 0
-1 370 -1
-1 371 0
-1 372 0
-1 373 -1
-1 374 0
-1 375 0
-1 376 -1
-1 377 -1
-1 378 0
-1 379 0
-1 380 -2
-1 381 -1
-1 381 1
-1 381 -18
-1 380 -1
-1 379 -1
-1 378 -2
-1 377 0
-1 376 -2
-1 375 -2
-1 374 -1
-1 373 -2
-1 372 -2
-1 371 -1
-1 370 -1
-1 369 -3
-1 368 -1
-1 367 -1
-1 366 -1
-1 365 -2
-1 364 -1
-1 363 -1
-1 362 0
-1 361 -1
-1 360 0
-1 359 -2
-1 358 -1
-1 357 0
-1 356 -1
-1 355 -2
-1 354 -1
-1 353 -2
-1 352 -1
-1 351 0
-1 350 0
-1 349 0
-1 348 -1
-1 347 0
-1 346 -1
-1 345 0
-1 344 -1
-1 343 -3
-1 342 -1
-1 341 -2
-1 340 0
-1 339 0
-1 338 0
-1 337 0
-1 336 -1
-1 335 -1
-1 334 0
-1 333 -3
-1 332 -1
-1 331 -1
-1 330 -1
-1 329 -2
-1 328 -1
-1 327 -2
-1 326 -1
-1 325 -2
-1 324 -5
-1 323 -2
-1 322 -1
-1 321 0
-1 320 -1
-1 318 -2
-1 317 -2
-1 316 -1
-1 315 -1
-1 313 -2
-1 312 -2
-1 311 -7
-1 310 -4
-1 309 -5
-1 308 -11
-1 308 1
-1 309 -1
-1 310 -3
-1 311 -2
-1 312 -1
-1 313 -1
-1 314 -1
-1 315 -1
-1 316 -1
-1 317 -2
-1 318 -1
-1 319 -1
-1 320 -1
-1 321 -1
-1 322 -1
-1 323 -1
-1 324 -2
-1 325 -1
-1 326 0
-1 327 -1
-1 328 -1
-1 330 0
-1 331 -1
-1 333 -1
-1 334 -1
-1 336 -1
-1 337 -1
-1 339 -1
-1 340 0
-1 341 -1
-1 342 0
-1 343 0
-1 345 -1
-1 346 0
-1 348 -1
-1 350 -1
-1 352 0
-1 354 -1
-1 356 0
-1 359 -1
-1 361 -1
-1 363 0
-1 365 0
-1 367 -1
-1 369 0
-1 370 -1
-1 372 -1
-1 374 -1
-1 375 -1
-1 376 -1
-1 378 -1
-1 379 -1
-1 380 0
-1 381 0
-1 382 0
-1 383 0
-1 385 0
-1 386 0
-1 387 0
-1 388 0
-1 389 0
-1 390 -1
-1 391 0
-1 392 0
-1 393 0
-1 394 -1
-1 395 -1
-1 397 -1
-1 398 0
-1 399 -1
-1 400 0
-1 401 -1
-1 402 -1
-1 403 0
-1 405 -1
-1 406 -1
-1 408 -1
-1 409 -1
-1 411 -1
-1 412 0
-1 413 0
-1 414 -1
-1 415 0
-1 417 -2
-1 418 0
-1 419 -1
-1 421 -1
-1 422 -1
-1 424 -2
-1 425 0
-1 427 -1
-1 428 -1
-1 429 0
-1 430 -1
-1 431 -3
-1 432 -1
-1 433 -2
-1 434 -3
-1 434 16
-1 434 -6
-1 433 -6
-1 432 -1
-1 431 0
-1 430 -3
-1 429 -1
-1 428 -4
-1 427 0
-1 426 -1
-1 425 -2
-1 424 0
-1 423 -1
-1 421 0
-1 420 0
-1 419 0
-1 418 -1
-1 417 0
-1 416 -1
-1 415 0
-1 414 0
-1 413 0
-1 412 -1
-1 411 -1
-1 410 0
-1 409 -1
-1 408 0
-1 407 0
-1 406 0
-1 405 -1
-1 403 -1
-1 402 0
-1 401 0
-1 400 -1
-1 399 0
-1 398 -2
-1 396 0
-1 395 0
-1 393 0
-1 392 0
-1 390 0
-1 389 0
-1 387 -1
-1 386 -1
-1 385 -1
-1 383 -1
-1 382 0
-1 381 -1
-1 380 -1
-1 378 0
-1 377 -2
-1 376 0
-1 374 -2
-1 373 0
-1 371 -1
-1 370 0
-1 369 -1
-1 368 0
-1 366 -1
-1 365 -1
-1 364 0
-1 363 -1
-1 361 -1
-1 360 -1
-1 359 -1
-1 357 -2
-1 355 0
-1 354 -1
-1 353 -1
-1 352 0
-1 351 -1
-1 350 0
-1 349 0
-1 348 -1
-1 346 -2
-1 344 0
-1 343 -3
-1 342 -1
-1 341 -1
-1 340 0
-1 339 0
-1 338 0
-1 337 0
-1 336 -2
-1 335 -2
-1 334 -2
-1 333 -2
-1 332 -1
-1 331 -3
-1 330 -3
-1 330 1
-1 330 -20
-1 331 -1
-1 332 -1
-1 333 -1
-1 334 -1
-1 335 0
-1 336 -1
-1 337 -2
-1 338 0
-1 339 -3
-1 340 -1
-1 341 -1
-1 342 -1
-1 343 -1
-1 344 0
-1 345 0
-1 346 -1
-1 347 0
-1 348 0
-1 349 -2
-1 350 -2
-1 351 -1
-1 352 -2
-1 353 -2
-1 354 0
-1 355 -3
-1 356 0
-1 357 -2
-1 358 -1
-1 359 0
-1 360 -1
-1 361 -1
-1 362 -2
-1 363 -4
-1 365 -2
-1 366 -1
-1 367 -2
-1 368 -1
-1 369 -3
-1 370 -1
-1 371 -1
-1 373 0
-1 374 0
-1 375 0
-1 377 -1
-1 379 -1
-1 380 0
-1 382 -1
-1 383 0
-1 384 -1
-1 385 -1
-1 386 -1
-1 387 0
-1 388 -1
-1 389 -1
-1 391 -3
-1 392 0
-1 394 -1
-1 395 0
-1 396 -1
-1 397 0
-1 398 -2
-1 400 -2
-1 401 -1
-1 402 -1
-1 404 -1
-1 405 0
-1 406 -1
-1 407 -1
-1 409 -1
-1 410 -1
-1 411 0
-1 412 0
-1 414 -2
-1 415 -1
-1 417 -2
-1 418 -2
-1 419 -1
-1 420 -1
-1 421 -1
-1 422 -2
-1 423 -12
-1 423 16
-1 423 -20
-1 422 -3
-1 421 0
-1 420 -2
-1 419 -2
-1 418 -1
-1 417 -1
-1 416 -2
-1 415 -1
-1 413 0
-1 412 -1
-1 411 0
-1 410 0
-1 409 -1
-1 408 0
-1 407 -1
-1 406 -1
-1 405 0
-1 403 -1
-1 402 -1
-1 401 -1
-1 400 0
-1 398 -2
-1 396 0
-1 395 0
-1 394 -1
-1 393 0
-1 392 0
-1 391 -1
-1 390 0
-1 389 -1
-1 388 0
-1 387 -1
-1 385 -2
-1 384 0
-1 383 -1
-1 382 0
-1 381 0
-1 380 0
-1 379 -1
-1 378 0
-1 377 0
-1 376 0
-1 375 0
-1 374 0
-1 373 -1
-1 372 0
-1 371 0
-1 370 -1
-1 369 0
-1 368 0
-1 367 -1
-1 366 -1
-1 364 -1
-1 363 0
-1 362 -1
-1 361 0
-1 360 -2
-1 358 -2
-1 357 0
-1 356 -3
-1 355 -1
-1 354 -4
-1 353 -12
-1 353 1
-1 353 -6
-1 354 -4
-1 355 -6
-1 356 -4
-1 357 -1
-1 358 0
-1 360 -1
-1 362 -1
-1 363 0
-1 364 -2
-1 366 -2
-1 367 -1
-1 369 -1
-1 370 0
-1 372 -1
-1 373 -1
-1 375 -2
-1 376 0
-1 378 -2
-1 379 0
-1 381 -1
-1 383 -2
-1 384 0
-1 385 -1
-1 387 -1
-1 388 -1
-1 389 -1
-1 390 0
-1 391 -1
-1 393 -2
-1 395 -1
-1 396 0
-1 397 -1
-1 398 0
-1 399 -1
-1 400 0
-1 401 0
-1 402 0
-1 403 -1
-1 404 0
-1 405 -1
-1 406 -1
-1 407 0
-1 408 -1
-1 409 -1
-1 410 0
-1 411 -1
-1 412 -3
-1 413 -2
-1 414 -1
-1 415 -3
-1 416 -1
-1 417 -6
-1 418 -5
-1 418 16
-1 418 -7
-1 417 -2
-1 416 -4
-1 415 -2
-1 414 -1
-1 413 0
-1 412 -3
-1 409 0
-1 408 0
-1 407 -1
-1 406 0
-1 405 -1
-1 404 0
-1 403 -1
-1 402 0
-1 401 0
-1 400 0
-1 399 0
-1 398 -1
-1 397 0
-1 396 0
-1 395 0
-1 394 0
-1 392 0
-1 391 -1
-1 390 0
-1 389 -1
-1 388 -1
-1 386 0
-1 385 0
-1 383 0
-1 382 -1
-1 381 0
-1 380 0
-1 379 -2
-1 378 0
-1 377 -1
-1 376 -2
-1 375 -1
-1 374 -2
-1 372 0
-1 371 -1
-1 370 -1
-1 369 0
-1 368 -1
-1 366 -1
-1 364 -2
-1 363 -1
-1 362 0
-1 361 0
-1 360 0
-1 359 0
-1 358 -2
-1 357 0
-1 355 -2
-1 354 0
-1 353 -3
-1 352 -1
-1 351 -2
-1 350 -1
-1 349 -2
-1 348 -3
-1 347 -2
-1 346 -3
-1 345 -1
-1 344 -3
-1 343 -1
-1 342 -1
-1 341 -3
-1 340 -1
-1 339 -1
-1 338 -3
-1 337 -2
-1 336 -4
-1 335 -6
-1 334 -5
-1 334 1
-1 333 -35
-1 332 -3
-1 333 -3
-1 334 -1
-1 335 -19
-1 334 -6
-1 333 -6
-1 332 -181
=== ini section ===
level_name=A Comic is more fun

bady_min_hits=4
phaser_dx_range=10
