1
0
4
0xffffff00
0xffffff00
0x38 0x530eec00
0x38
0x38
87 64 -262
87 64 16
87 64 -22
163 64 -98
163 148 -85
163 148 1
163 148 -44
70 148 -65
70 254 -63
70 254 1
70 254 -77
70 373 -61
63 373 -44
63 373 16
63 373 -79
63 373 1
63 373 -80
63 373 1
63 373 -63
63 240 -134
166 240 -31
166 240 2
166 240 -95
166 240 2
166 240 -80
166 152 -76
240 152 -29
240 152 2
240 152 -111
240 152 2
240 152 -9
240 150 -35
23 150 -59
23 150 2
23 150 -92
23 150 2
23 150 -79
23 150 2
23 150 -60
23 150 4
23 150 -69
23 313 -19
23 313 16
23 313 -63
23 313 1
23 313 -60
23 313 1
23 313 -77
23 313 1
23 313 -68
23 313 1
23 313 -59
23 243 -20
54 243 -93
54 243 2
54 243 -63
54 178 -46
54 178 16
54 178 -66
54 178 1
54 178 -50
84 178 -47
84 105 -85
84 105 1
84 105 -57
136 105 -15
136 84 -107
136 84 1
136 84 -66
186 84 -67
186 75 -3
186 75 2
186 75 -48
216 75 -121
216 75 4
216 75 -136
169 75 -55
169 106 -19
169 106 2
169 106 -64
113 106 -44
113 106 2
113 106 -54
69 106 -30
69 106 16
69 106 -10
69 106 2
69 106 -57
37 106 -70
37 106 1
37 106 -90
37 106 1
37 106 -9
21 106 -111
21 106 1
21 106 -26
21 105 -29
21 105 4
21 105 -33
35 105 -49
35 105 16
35 105 -59
35 105 1
35 105 -46
35 105 1
35 105 -19
55 105 -17
55 105 1
55 105 -48
55 105 1
55 105 -81
69 105 -56
92 105 -23
92 105 4
92 105 -87
110 105 -103
110 105 2
110 105 -8
110 101 -119
110 101 2
110 101 -29
20 101 -12
20 178 -37
20 178 16
20 178 -64
20 178 1
20 178 -83
20 223 -46
20 223 1
20 223 -57
20 291 -143
20 291 4
20 291 -179
20 321 -68
11 321 -67
11 321 4
11 321 -89
11 369 -57
11 369 16
11 369 -103
11 425 -37
11 425 1
11 425 -57
11 425 1
11 425 -65
11 425 1
11 425 -52
11 425 1
11 425 -77
11 425 1
11 425 -74
11 425 1
11 425 -77
11 425 1
11 425 -59
11 425 1
11 425 -101
11 425 1
11 425 -45
11 425 4
11 425 -42
11 425 1
11 425 -114
11 425 1
11 425 -71
11 425 1
11 425 -274
=== ini section ===
level_name=Deep under ground...

bady_min_hits=4

