1
0
0
0x38
0x38
0xbc580000
0xffaa0000
0x810a5800
51 168 -3
51 167 0
51 166 -1
51 165 -1
51 164 -1
51 163 -2
51 162 -2
51 161 -1
51 160 -1
51 159 -2
51 158 -2
51 157 -2
51 156 -6
51 155 -4
51 154 -8
51 153 -7
51 152 -3
52 151 0
53 151 -6
54 151 0
54 150 -4
55 150 -6
56 150 -6
57 150 -4
58 150 -5
59 150 -13
59 151 -2
60 151 0
60 152 -1
61 152 -2
62 152 0
62 153 -3
63 154 0
63 155 -2
64 156 0
64 157 -3
65 158 0
65 159 -3
65 160 0
66 160 0
66 161 -1
67 161 0
67 163 -1
68 163 -1
68 164 -2
68 165 0
69 165 -4
69 166 -2
69 167 -10
69 168 -10
70 168 -4
71 168 -2
72 168 -2
72 169 0
73 169 0
74 169 -2
74 170 0
75 170 -4
76 170 -17
75 170 -1
75 169 -4
75 168 0
74 168 -3
74 167 -1
73 167 -4
72 166 -5
71 165 -3
70 165 0
70 164 -4
69 164 0
69 163 -1
69 162 -1
69 161 0
68 160 -1
68 159 -3
67 158 -1
67 157 0
67 156 -3
67 155 0
66 155 0
66 154 -2
66 153 0
66 152 -1
65 152 -1
65 153 -3
65 153 1
65 152 -1
65 151 -1
65 150 -6
65 149 -6
66 148 -2
67 148 -1
68 148 -2
69 147 -6
69 146 0
70 146 -3
71 146 -22
70 146 -4
70 147 -5
69 147 0
69 148 -3
69 149 -4
68 150 -3
67 150 -1
67 151 -1
66 151 -2
65 151 0
65 152 -2
64 152 -11
64 153 -30
66 153 -1
67 153 -3
68 153 -7
69 153 -16
69 152 -1
70 152 -3
71 152 -14
71 151 -3
71 150 -3
72 150 0
72 149 -3
72 148 0
73 147 -1
73 146 -1
74 145 -1
75 145 -3
76 145 0
76 144 -6
76 143 0
77 143 -1
78 143 -1
78 143 1
78 143 -3
79 143 -4
80 143 -3
80 144 0
81 144 -1
82 145 -2
82 145 2
82 145 -3
82 146 -2
82 147 -2
82 148 -2
81 148 -2
81 149 -3
79 149 -2
79 150 -3
78 150 -4
77 150 -4
76 150 -2
75 150 -1
74 150 -6
73 150 -8
72 150 -2
71 150 -5
71 151 -7
70 151 -8
71 151 -8
70 151 -1
70 150 -3
70 151 -4
69 151 -4
69 152 -3
68 152 0
68 153 -2
67 153 -3
67 154 -4
67 155 -1
67 156 0
67 157 -3
67 158 -2
67 159 -1
67 160 -1
66 161 -2
65 162 0
65 163 -3
65 164 -1
64 165 -2
64 166 -1
64 167 0
64 168 -1
63 169 -2
63 170 0
62 170 -2
62 171 0
62 172 -2
61 173 -2
61 174 -1
61 175 -1
60 176 0
60 177 0
60 178 -1
60 179 0
60 180 -1
60 181 0
60 182 -1
60 183 0
60 184 0
60 185 0
59 185 0
59 186 0
59 187 0
58 187 0
58 188 0
58 189 0
58 190 -1
58 191 0
57 192 0
57 193 -1
57 194 -1
57 195 0
56 196 0
56 197 0
56 198 -1
56 199 0
55 200 -1
55 202 0
55 203 -2
55 205 -1
55 206 0
54 206 0
54 207 0
54 209 -2
53 211 0
53 212 -1
52 214 -1
52 215 0
52 216 -1
52 217 0
52 218 0
51 218 -1
51 220 -1
51 221 0
50 222 -2
50 223 0
49 224 0
49 225 0
48 225 0
48 226 -1
48 227 -1
47 227 0
47 228 0
47 229 -1
47 230 -1
47 231 -1
46 231 0
46 232 -3
46 233 1
46 233 -1
46 234 -2
46 235 0
46 236 -2
46 237 -2
46 238 -1
46 239 -1
46 240 0
46 241 -4
46 242 0
46 243 -1
46 244 0
46 246 -2
46 248 0
46 249 -3
46 250 -1
46 251 -1
46 252 0
46 253 0
46 254 -1
46 255 0
46 256 0
47 257 0
47 258 0
48 259 -1
48 260 -2
48 261 -1
48 262 0
49 262 -1
49 263 -1
49 264 -3
49 265 0
50 266 -1
50 267 -3
50 268 -1
50 269 -2
50 270 -2
50 271 -1
50 272 0
49 272 -1
49 273 0
48 273 0
48 274 -3
48 275 -1
47 275 -1
47 276 -3
47 277 0
46 277 0
46 278 -5
46 279 -5
46 280 -5
46 281 -6
46 282 -35
45 282 -4
44 282 -1
44 282 8
44 282 -1
44 281 -2
42 281 -2
41 281 -1
40 281 0
40 280 -2
40 279 0
39 279 -1
38 279 -1
37 279 -1
36 278 -2
35 278 -1
34 278 0
34 277 -4
34 276 0
33 276 -2
32 276 -1
31 276 -2
30 275 0
29 275 -2
28 275 0
28 274 -1
27 274 -2
27 273 -4
27 272 -2
26 272 -2
26 271 -2
26 270 0
26 269 -2
25 269 -1
25 267 -4
24 267 -1
24 266 -5
24 265 -4
24 264 -7
24 263 -2
24 261 -1
24 260 0
23 260 -1
23 259 -2
23 258 0
22 257 -2
22 256 -4
22 255 -1
22 254 -1
22 253 -6
22 252 -2
22 251 -1
22 250 0
22 249 -2
22 247 -5
22 246 -2
22 245 -6
22 244 0
22 243 -2
22 242 -1
22 241 -1
22 239 -1
22 238 -1
22 237 0
22 236 -1
22 235 0
22 234 -1
22 233 0
22 232 -1
22 231 0
22 230 0
22 229 0
22 228 -3
22 227 -3
22 226 -1
22 225 -2
22 224 -3
22 223 -1
22 222 -3
23 222 -1
23 221 1
23 221 -4
23 220 0
22 220 -1
22 219 -1
22 218 -1
21 218 -1
21 217 -1
21 216 -1
21 215 -1
20 214 -1
20 213 -2
20 212 -1
20 211 -2
20 210 -1
20 209 -1
20 208 -2
20 207 -1
20 206 -2
20 205 -1
20 204 -5
20 203 -1
19 202 -2
19 201 -2
19 200 0
19 199 -2
19 198 -1
19 197 -2
19 196 0
17 196 -1
17 195 -1
17 196 -6
17 195 -1
17 194 0
17 193 -2
18 193 0
18 192 -1
18 191 -1
18 190 -2
18 189 -1
18 188 -2
18 187 0
18 186 0
18 186 1
18 186 0
18 185 0
18 184 -2
18 183 -1
18 182 -2
18 181 -2
18 180 -1
18 179 -2
18 178 0
18 177 0
19 177 -2
19 176 0
19 175 -2
20 175 0
20 174 -3
20 172 0
21 172 -1
21 171 -2
21 170 0
21 169 -1
21 168 0
21 167 -1
21 166 -1
21 165 -1
22 165 0
22 164 -2
22 163 0
22 162 -2
22 161 -1
22 160 -2
22 159 -2
22 158 0
23 158 -1
23 157 -2
23 156 -1
23 155 -2
23 154 -1
23 153 -6
23 152 -4
23 151 -6
23 150 -5
23 149 -6
23 148 -32
23 148 1
23 148 -16
23 147 0
23 146 -11
23 147 -3
23 148 0
23 149 -5
23 150 -2
23 151 0
23 152 -3
23 153 0
23 154 -3
23 155 -1
23 156 -1
24 157 0
24 158 0
25 158 -1
25 159 0
26 159 0
26 160 -4
26 161 -2
26 162 -3
26 163 -6
26 164 -2
26 165 0
26 166 -3
26 167 -1
26 168 0
26 169 -2
26 170 -3
26 172 -2
26 173 -1
26 174 -4
26 176 -4
26 178 -3
26 179 -1
26 180 0
27 180 -2
28 182 -2
29 182 0
29 183 -2
29 184 0
29 185 -3
29 186 0
30 187 -1
30 188 -3
30 190 -1
31 190 -1
31 191 0
31 192 -3
31 193 0
31 194 -2
31 195 -1
31 196 -1
31 197 -2
31 198 -1
31 199 0
30 199 -3
30 200 -2
30 201 0
29 201 0
29 202 0
29 203 -3
29 204 -1
29 205 0
29 206 -3
29 207 -2
29 208 0
30 209 -1
30 210 -1
31 210 0
31 211 -1
31 212 -1
33 212 0
33 213 -1
33 214 0
34 214 0
34 215 -2
35 216 -2
35 217 -1
35 219 -1
35 220 0
35 222 -1
35 223 -1
35 225 -2
35 226 0
35 228 -1
35 229 -1
35 231 -1
35 232 -1
35 234 -1
35 235 0
35 236 -1
35 238 -3
35 239 0
35 240 0
35 241 0
35 242 0
35 244 -1
35 245 -1
34 245 0
34 247 -1
34 249 -1
34 250 0
34 251 -1
34 252 -1
34 254 -1
34 255 -1
34 257 -1
34 258 -1
34 259 0
34 261 -1
34 263 -2
34 265 0
34 266 -1
34 269 -1
34 270 0
34 273 -1
34 275 0
34 276 0
34 277 0
34 278 0
34 279 0
34 280 0
34 281 -1
34 282 0
34 283 -1
34 284 0
34 285 0
34 286 0
35 287 -1
35 288 0
35 289 -1
36 290 -1
36 292 0
36 293 -1
36 295 -1
36 296 -2
36 297 0
36 299 0
36 300 -2
36 301 0
36 302 0
36 303 0
36 304 -1
36 305 0
36 306 0
36 307 -1
36 308 0
36 309 0
36 310 0
35 311 0
35 312 -1
35 313 0
35 314 0
35 315 0
34 315 0
34 316 0
34 317 0
34 319 -1
34 320 0
34 321 0
33 322 -1
33 324 -1
33 325 -1
33 326 0
33 328 -1
33 329 -1
33 331 -1
33 332 -1
33 334 -1
33 335 -1
33 337 -1
33 338 0
33 340 -1
33 341 -1
33 342 0
34 342 0
34 343 -2
34 344 0
34 346 0
34 347 0
34 348 0
34 349 -1
34 350 0
34 351 0
35 351 -1
35 352 0
35 354 -1
35 355 0
36 357 -1
36 358 0
37 358 0
37 359 0
37 360 -2
37 361 0
37 363 0
38 364 -1
38 365 0
38 366 -1
38 367 0
38 368 0
38 369 0
38 371 0
38 373 -3
38 375 0
38 376 4
38 377 0
39 377 0
39 378 0
39 379 -1
39 380 -1
40 382 0
38 382 0
38 383 0
38 384 0
38 385 0
38 386 -1
38 387 0
38 388 -1
38 389 0
38 390 0
38 391 0
38 392 -1
38 393 0
38 394 -1
37 395 -1
36 396 0
36 397 -1
35 398 0
35 399 0
35 400 0
34 401 0
34 402 0
33 402 0
33 403 0
33 404 0
32 404 -1
32 405 -2
32 406 -1
32 407 0
31 407 0
31 408 -2
31 409 0
30 410 0
29 410 -1
28 410 0
28 411 0
27 411 0
27 412 -1
27 413 0
26 413 -1
25 414 -1
25 415 -1
24 415 -1
24 416 -1
24 417 0
23 417 0
23 418 -2
23 419 -1
23 420 -3
23 421 -1
23 422 -1
22 422 -5
21 423 -2
21 424 -2
21 425 -2
20 425 0
20 426 -1
19 426 -8
18 426 0
18 426 1
18 426 -2
17 426 -3
16 427 -3
15 427 -1
15 428 -9
15 429 -8
15 430 -5
16 430 0
16 431 -8
16 432 -4
16 433 -17
16 433 1
16 433 -31
16 432 -3
17 432 0
17 431 -5
17 430 -5
17 429 -3
17 428 0
17 427 0
16 427 -1
16 426 -1
16 425 0
15 424 -3
15 423 -1
14 423 0
14 422 -1
14 421 -1
13 420 -2
13 419 -2
13 418 -1
13 417 -1
13 416 -2
13 415 -5
13 414 -3
13 414 1
13 414 0
13 413 -2
14 413 -3
14 412 -4
14 411 -5
14 410 -4
15 410 -1
15 409 -3
16 409 -1
16 408 -6
16 407 -4
16 406 -2
17 406 -1
17 405 -1
17 404 0
17 403 0
17 402 -3
17 401 -2
17 400 -2
17 399 -1
17 398 -1
17 397 -3
17 396 -1
17 395 -1
17 394 0
17 393 -1
17 392 0
17 391 -3
17 390 -1
17 389 -1
17 387 0
17 386 -1
17 385 0
17 384 -1
17 383 0
17 382 0
17 381 0
17 380 -1
17 379 0
17 378 0
17 377 -1
17 376 0
17 375 0
17 374 0
17 373 -1
17 372 0
17 371 0
17 370 -2
17 369 0
17 367 -1
17 366 -1
17 365 4
17 363 -1
17 362 0
17 360 0
17 359 -1
17 358 0
17 357 -1
17 355 0
17 354 0
17 351 0
17 350 0
17 349 0
17 348 0
17 347 0
17 346 0
17 344 0
17 342 0
17 341 0
17 339 0
17 338 0
17 336 0
16 336 0
16 335 0
16 334 0
16 331 0
16 329 0
16 328 0
15 326 0
15 325 0
15 324 0
15 323 0
15 321 0
15 320 0
14 319 0
14 318 0
14 317 0
14 315 0
14 314 0
14 313 0
14 311 0
14 310 0
14 309 0
14 308 -1
14 307 0
14 306 0
14 305 -1
14 304 0
14 303 0
14 302 0
14 301 0
14 300 -1
14 299 0
14 298 0
14 297 -1
14 296 -1
14 295 0
14 294 0
14 293 0
14 292 0
14 291 0
14 290 0
15 289 0
15 288 0
15 287 -2
15 286 -1
15 285 -2
15 284 -2
15 283 -2
15 282 0
15 281 0
15 280 0
15 279 -2
15 278 0
15 277 -2
15 276 -2
15 275 -4
15 273 -4
15 272 -1
15 271 0
15 270 0
15 268 0
15 267 -2
15 266 0
15 265 -2
15 264 -1
15 263 -1
15 262 0
15 260 -1
15 259 0
15 258 -1
15 257 0
15 256 0
15 254 -2
15 253 -1
15 252 -1
15 251 -2
15 250 -2
15 249 -2
15 248 -3
14 248 0
15 248 -3
15 247 -2
16 246 -6
16 245 -1
17 245 -2
17 244 0
18 244 -5
18 243 0
19 243 0
19 242 -2
19 241 -1
20 241 -3
21 240 -6
22 240 0
22 239 -2
22 238 0
23 238 -4
24 238 -1
24 237 0
25 237 -3
26 236 -5
27 236 -4
28 236 -4
29 236 -1
30 236 -2
31 236 -1
31 236 1
31 236 -11
32 236 -5
33 236 -5
33 235 -6
33 234 -2
33 234 8
33 234 -2
32 234 -7
31 234 -6
31 233 -2
30 233 -4
30 233 1
30 233 -1
29 233 -3
28 233 -7
27 233 -2
27 234 -1
26 234 -4
25 234 -5
24 235 -4
23 235 -1
23 236 -1
23 237 -1
23 238 -1
22 238 0
22 239 -5
22 240 -2
22 241 0
22 242 0
21 242 -1
21 243 -1
21 244 -1
20 245 -1
20 246 -2
20 247 0
19 247 0
19 248 -2
19 249 -1
19 250 -1
18 250 0
18 251 -2
18 252 -2
17 253 0
17 254 -2
17 255 -1
17 256 -3
17 258 -7
17 259 -1
17 260 -1
17 261 -1
17 262 -1
17 263 -1
17 264 -1
17 265 -1
17 266 -1
17 267 -1
17 268 -2
17 269 -3
17 271 -1
17 272 -1
17 274 -4
17 275 -1
17 276 -1
17 277 -3
17 279 -3
17 281 -2
17 282 -1
17 283 -3
18 284 -1
18 285 -1
18 286 0
19 286 -1
20 287 -1
21 287 0
21 289 2
22 289 -2
22 290 0
23 290 -2
24 291 -1
25 292 -1
25 293 -6
25 294 -7
25 295 -3
24 295 -18
25 295 -1
26 295 -16
26 294 0
26 293 -1
26 292 -3
26 291 -1
26 290 -2
26 289 0
26 288 0
26 287 -1
26 286 0
26 285 -2
26 284 -2
26 283 -1
26 282 -2
26 280 -2
26 279 -1
26 277 -2
26 276 -1
26 274 0
26 273 -1
26 271 -2
26 269 -1
27 268 0
27 267 -1
27 265 -2
27 264 0
27 262 -1
27 261 -1
27 259 -1
27 257 -1
27 255 -2
27 253 -4
27 252 0
27 251 -1
27 249 -1
27 248 0
27 247 -1
27 246 -1
25 246 -1
25 245 -1
25 244 -2
25 243 -2
25 242 -1
25 241 -2
24 241 -3
24 240 -3
25 240 0
26 240 -1
27 240 0
29 240 0
29 239 1
30 239 -1
32 239 0
33 239 -1
34 239 0
35 239 0
36 239 0
37 239 0
38 239 -1
39 240 0
40 240 0
42 240 0
43 240 0
44 240 -1
44 241 0
46 241 0
47 241 0
49 241 0
51 242 0
52 242 0
53 242 0
54 242 0
56 242 0
57 242 0
59 243 0
62 243 0
63 244 0
64 244 0
64 245 0
65 245 -1
66 245 0
66 246 -2
66 248 0
67 248 -2
67 249 2
67 249 0
67 251 -2
67 252 -2
66 253 0
64 253 -1
63 254 0
61 254 0
57 254 0
53 255 0
51 255 0
48 255 0
46 257 0
44 257 0
43 257 0
41 257 0
40 259 0
39 259 0
38 259 0
37 261 0
36 261 0
35 261 0
34 261 0
33 262 0
32 262 0
32 264 0
31 264 -1
30 265 0
29 265 -1
29 266 -1
28 266 0
28 267 0
27 267 -1
27 268 -1
27 269 -1
26 269 0
26 270 -2
26 271 -2
26 272 0
26 273 -1
26 274 -1
26 275 -3
26 276 -2
26 277 -3
26 278 -1
26 279 -5
26 280 -6
26 281 -2
27 281 -3
27 282 -3
27 283 -6
27 284 -7
27 283 -3
27 282 -1
27 281 -4
27 279 -3
27 278 -2
27 277 -2
28 277 -2
29 277 0
29 276 -2
29 275 0
30 275 0
30 274 0
31 274 0
31 273 0
32 272 -1
33 272 -1
33 271 0
34 271 -1
34 270 0
35 270 0
35 269 0
36 268 -2
36 267 -1
37 265 -1
38 265 -2
39 264 -1
40 263 -1
41 263 0
42 262 0
42 261 -1
42 260 0
43 260 -1
43 259 0
44 259 -2
44 257 -2
44 256 0
45 256 -2
45 255 0
46 255 -3
46 254 -1
46 253 -2
47 252 -2
47 251 0
48 251 0
48 250 -1
49 249 0
50 247 -1
51 247 0
51 246 0
52 246 0
53 246 0
54 245 0
55 245 -1
55 244 0
57 244 0
59 243 0
60 243 0
61 242 0
63 242 0
64 242 0
65 241 0
68 241 -1
70 240 0
71 240 0
73 240 0
74 239 0
75 239 0
77 238 0
78 238 0
79 238 0
81 237 -1
82 236 0
83 236 0
84 236 0
84 235 0
85 235 0
85 234 -2
86 233 -1
87 233 0
87 232 -1
87 231 2
87 231 0
86 230 0
85 230 0
84 230 0
83 229 0
82 229 0
81 229 0
80 228 0
79 228 0
77 227 0
75 227 0
72 226 -1
71 226 0
69 225 0
68 225 0
67 225 0
66 224 0
64 224 0
62 223 0
60 223 -1
59 222 -1
58 221 0
57 220 -1
56 220 -1
56 219 -1
55 219 0
54 219 0
54 218 0
54 217 0
53 217 0
53 216 0
52 216 -1
51 215 -1
49 214 -2
49 213 -1
48 213 0
48 212 0
47 212 0
47 211 -1
47 210 -2
46 210 -2
45 210 0
44 210 0
44 209 -1
44 208 -2
44 207 0
44 206 -1
44 205 0
43 205 -1
43 204 -2
42 203 0
42 202 -3
42 201 0
41 201 0
41 200 -1
41 199 0
40 199 0
40 198 -1
40 197 0
39 197 0
39 196 0
38 196 -2
38 195 -1
38 194 -2
38 193 -1
38 192 -1
38 191 0
36 190 -3
36 189 -1
36 188 -1
36 187 -2
36 186 -2
36 185 -2
35 184 -2
35 183 -1
35 182 -1
35 181 -2
35 180 -2
35 179 -2
35 178 -5
36 178 0
36 177 -2
37 177 0
38 177 -1
38 176 -6
38 175 -1
39 175 -1
39 174 -2
40 173 0
40 172 -2
41 171 -1
41 170 -3
42 169 -1
42 168 -2
42 167 -1
43 166 -1
43 165 0
43 164 -1
44 164 0
44 163 -2
45 162 -3
45 161 0
46 161 0
46 160 0
47 160 -1
47 159 0
48 158 0
49 158 -1
49 157 0
51 157 -1
52 156 0
52 155 -2
53 155 0
53 154 -1
54 154 -1
54 153 0
56 153 -3
57 152 -2
58 152 0
59 152 -1
60 152 -1
61 152 0
62 152 0
63 152 0
64 152 0
65 152 -1
66 152 0
66 152 1
68 152 -1
69 151 -1
71 151 -1
72 151 0
74 151 -2
75 150 0
76 150 -2
77 150 0
79 150 -1
80 150 0
81 150 0
82 150 0
84 150 0
85 150 0
86 150 0
87 150 -1
88 150 0
89 150 0
91 150 0
92 150 0
94 150 0
96 150 -1
98 150 0
99 150 0
102 150 0
103 150 -1
105 150 0
106 150 0
107 150 0
110 150 0
112 150 0
114 150 0
118 150 0
119 150 0
121 150 -1
122 150 0
125 150 0
126 150 0
128 150 0
129 150 -1
131 150 0
133 150 0
134 150 0
136 150 0
139 150 0
141 150 0
144 150 0
146 150 0
149 150 0
151 150 0
154 150 0
157 151 0
160 151 0
164 151 0
167 151 0
172 151 0
175 151 0
176 151 0
179 151 0
181 151 0
183 151 0
184 151 0
185 152 0
187 152 0
188 152 0
190 152 0
192 152 0
193 152 0
194 152 0
196 152 0
203 153 0
204 153 0
205 153 0
206 153 0
206 154 -2
207 154 -3
208 155 -4
209 156 -6
209 157 -6
209 158 0
208 158 -2
208 159 -4
207 159 -1
206 160 0
206 160 1
206 160 8
206 160 -3
206 161 -1
205 161 0
205 162 -3
203 162 0
202 163 -1
200 163 -1
199 164 0
198 164 0
197 165 0
195 165 0
194 165 0
192 166 0
189 167 -1
187 167 0
185 167 0
183 167 0
181 167 0
179 168 0
176 168 0
175 168 0
173 168 0
171 169 0
168 169 0
165 169 0
163 169 0
161 169 0
154 169 0
149 169 0
147 169 0
142 170 0
136 170 0
132 170 0
131 170 0
126 170 0
125 171 0
121 171 0
107 171 0
104 171 0
101 172 0
100 172 0
98 173 0
95 173 0
94 174 0
93 175 0
91 175 0
90 175 0
89 175 0
87 176 0
86 177 0
85 177 0
84 177 0
82 177 0
81 179 -1
80 179 -1
79 179 0
78 181 0
77 181 -1
76 181 0
75 182 -1
74 182 0
74 183 0
73 184 -1
72 184 0
72 185 0
71 186 0
70 186 0
69 188 -1
68 188 -1
67 189 0
67 190 0
66 190 0
65 191 -1
63 191 0
61 191 0
61 192 0
60 192 -1
59 193 0
58 194 0
57 194 -1
56 195 0
55 195 0
55 196 0
54 196 0
54 197 0
53 197 0
53 199 -1
52 199 0
52 200 0
52 202 0
51 202 0
50 202 0
50 203 -1
49 205 -1
48 206 -2
47 208 0
47 209 -1
47 210 0
46 212 -1
46 213 0
46 214 -1
46 215 0
45 215 0
45 216 0
45 218 0
45 219 -1
44 220 -1
44 221 -1
43 223 0
42 223 0
42 224 -1
41 226 -1
40 227 0
39 228 0
39 229 -1
38 230 -1
38 231 0
38 232 -1
38 234 -1
38 235 -1
37 236 0
36 238 -1
35 239 -2
35 241 0
34 242 -1
34 244 -1
34 245 0
33 246 -1
33 247 0
33 248 -1
33 249 0
32 250 -1
32 251 0
31 252 0
31 253 -1
31 254 -1
31 256 -1
30 256 0
30 258 -1
30 259 0
30 260 -1
30 261 0
29 262 0
29 263 0
29 264 0
29 265 0
28 266 -1
28 267 0
28 268 0
28 269 -1
28 271 -1
27 272 0
27 273 -1
27 274 0
27 275 0
27 276 0
27 277 -1
27 278 0
27 279 0
27 280 -1
27 282 0
27 283 0
26 283 -1
25 284 0
25 285 0
25 286 -3
25 287 -1
24 288 0
24 289 2
24 290 0
24 291 0
24 292 0
24 293 0
24 295 0
24 296 -1
24 297 -1
24 298 -1
24 299 -2
24 300 -3
24 301 0
24 302 0
25 302 0
25 303 -1
25 304 -2
23 304 -1
23 305 0
23 306 0
24 306 0
24 307 0
25 307 0
25 308 -2
25 309 -1
25 310 -3
25 311 -1
25 312 -2
25 313 -1
25 314 -3
25 315 -2
25 316 -9
25 317 -1
25 318 -14
25 319 -9
25 319 2
24 319 -1
24 318 -1
24 317 0
24 316 -2
24 315 -2
24 314 -2
24 313 0
23 313 -4
23 312 -1
23 311 -1
23 310 -3
23 309 -1
23 308 0
23 307 0
23 306 0
23 305 0
23 304 0
23 303 -2
23 302 0
23 301 0
23 300 -1
22 299 0
22 298 -1
22 297 0
22 296 0
22 295 0
22 294 0
22 293 -1
22 292 -1
22 291 -1
22 290 0
22 289 -1
22 288 -2
22 287 0
22 286 -1
22 285 0
22 284 0
22 283 -1
22 281 -1
22 280 0
22 279 0
22 278 -1
22 277 -2
22 276 -1
22 275 -1
22 273 -1
22 272 -1
22 270 -1
22 269 -3
22 268 -2
22 267 -2
22 266 -11
21 266 -1
21 266 1
21 266 -3
20 266 -4
20 267 -7
20 268 -2
20 269 -1
20 270 -1
20 271 0
20 272 -1
20 273 -1
20 274 0
20 275 -1
20 276 0
20 278 -1
20 279 0
20 280 0
21 280 0
21 281 0
22 281 0
22 283 -1
22 284 -1
22 286 -1
22 287 -1
22 288 -1
22 290 0
22 291 0
22 293 -3
22 294 0
22 296 -1
22 297 -1
22 299 -1
22 300 0
22 301 0
22 302 0
22 303 0
22 304 -1
22 305 0
22 306 0
22 308 0
22 309 0
22 312 4
22 312 0
23 312 -1
23 313 -1
23 315 -1
23 316 0
23 317 0
23 318 -1
23 319 0
23 320 0
23 322 0
23 323 0
23 325 0
23 327 -1
23 328 -1
23 329 0
24 330 0
24 331 -1
24 332 0
24 333 0
25 334 0
25 336 0
25 337 0
25 338 0
25 339 0
25 340 0
26 340 0
26 341 0
26 342 -1
26 344 -1
26 345 0
27 345 0
27 346 0
27 348 0
27 349 -2
27 350 0
28 351 0
28 352 -1
28 353 0
28 354 0
28 355 0
28 356 -2
28 357 -1
28 358 -2
28 359 -5
28 360 -1
28 361 -1
28 362 -3
28 363 -13
29 363 0
29 362 -3
29 361 0
29 360 0
29 359 -3
29 358 0
29 357 -1
29 356 0
29 355 0
29 354 0
29 353 0
29 352 0
29 351 -1
28 351 0
28 350 0
28 348 -2
28 346 -2
28 345 0
28 344 0
28 343 0
28 342 -2
28 341 0
28 340 -2
28 339 -1
28 338 -1
28 335 -2
29 334 0
27 333 -1
27 332 0
27 331 0
27 330 0
27 329 0
27 328 -1
27 327 0
27 326 -1
27 325 0
27 324 -1
27 323 0
27 322 -3
27 321 -1
27 320 -1
27 319 -2
27 318 -1
27 317 -1
27 316 -2
27 315 -2
27 314 0
27 313 -1
27 312 -5
27 311 -1
27 310 -1
27 308 -4
27 307 -3
27 305 -3
27 304 -2
27 303 -2
27 302 0
27 301 -5
27 300 -4
27 299 -6
27 298 -2
26 298 -4
26 297 -1
26 296 0
26 295 -6
26 294 0
25 294 -3
25 293 -6
25 292 0
24 292 -3
24 291 0
23 291 -10
22 291 -14
21 291 -11
21 291 1
21 291 -17
21 292 -5
21 293 -1
21 294 -6
21 295 -4
21 296 -5
21 297 -5
21 298 -4
22 298 -2
22 299 -4
22 300 -1
22 301 0
22 302 -3
22 303 -1
22 304 -3
22 305 0
22 306 -2
22 307 -1
22 308 -1
21 309 -2
21 310 0
20 310 -1
20 311 -1
20 312 0
19 312 -1
19 313 -1
19 314 -3
19 315 0
19 316 -3
19 317 -1
19 318 0
19 319 -3
19 320 -1
19 321 -2
19 322 -1
19 323 -1
19 324 -2
19 325 -1
19 326 -3
19 327 -1
19 328 -1
19 329 -2
19 330 -2
19 332 -4
19 333 -1
19 334 -2
19 335 -1
19 336 -1
19 337 -2
19 338 0
19 339 -2
19 340 -2
19 341 0
19 342 -1
19 343 -2
19 344 -2
19 346 -4
19 347 -1
19 348 0
19 349 -3
19 350 -2
19 351 0
19 352 -2
19 353 0
19 354 -4
19 356 -2
19 357 -1
19 358 -1
19 359 -2
19 360 -1
19 361 -2
19 362 -1
19 363 -1
19 365 -1
19 366 -1
19 367 -1
19 369 -2
19 370 0
19 371 -1
20 372 -2
20 373 -1
20 374 0
21 374 0
21 375 -2
22 375 0
23 376 -1
23 377 0
23 378 -3
24 378 -1
24 379 -4
25 380 -3
25 381 -3
25 382 -1
25 383 -4
25 384 -6
25 385 -6
25 386 -2
25 386 4
25 386 -1
24 386 0
24 387 -5
23 387 -5
23 386 -8
24 385 -1
25 385 0
26 384 -2
27 384 -2
27 383 0
28 383 0
29 383 -1
30 383 -2
30 382 0
31 382 -3
31 381 -3
31 380 0
31 379 0
31 378 0
31 377 0
31 376 -1
31 375 0
31 374 0
30 373 -1
30 371 -1
30 370 0
30 369 -1
30 368 0
29 368 0
29 367 0
29 366 0
29 365 0
29 364 0
29 363 0
29 362 -2
29 361 0
29 360 0
29 359 0
29 358 0
29 357 0
29 355 0
29 354 -1
29 353 0
29 352 0
29 351 0
29 350 -1
29 348 -2
29 347 0
29 345 -2
29 344 0
30 343 0
30 342 -1
30 341 0
30 340 -1
31 339 0
31 338 -1
31 337 0
31 336 -1
31 335 0
31 334 0
31 333 -3
31 332 0
31 331 -2
31 330 -6
31 329 -4
32 329 -2
32 328 0
32 328 1
32 328 -4
32 327 -1
33 327 -5
34 327 -5
34 326 -3
34 325 -6
35 325 -15
35 324 -4
34 324 -4
34 325 -8
33 325 -19
33 324 -1
33 323 -4
33 322 -3
33 321 -1
33 320 -1
33 319 -1
33 318 -1
33 317 -2
33 316 -2
33 315 -1
33 314 -1
33 313 0
33 311 -1
33 310 0
33 309 0
33 308 -1
33 306 -1
33 305 0
33 304 0
33 303 0
33 302 0
33 301 0
33 300 -1
33 299 0
33 298 0
33 297 0
33 296 -1
33 295 0
33 294 0
33 293 -1
33 292 0
33 291 0
33 289 0
33 288 0
33 287 0
33 285 0
33 284 0
33 282 0
33 281 0
33 280 0
33 279 -1
33 278 0
33 277 -1
33 275 -1
33 274 0
33 273 0
33 272 0
33 271 0
33 270 0
33 269 0
33 268 0
33 267 0
33 266 0
33 265 0
33 264 0
33 263 0
33 261 0
33 260 0
33 258 -1
33 257 0
33 256 0
33 254 0
33 253 0
33 252 0
33 251 0
33 250 0
33 247 0
33 246 0
33 245 0
33 244 0
33 243 0
33 242 0
33 240 0
33 239 0
33 238 0
33 236 -1
33 234 -1
33 233 0
33 231 0
33 229 0
33 227 0
33 225 0
33 223 -1
33 222 0
33 219 0
33 216 0
33 211 0
33 209 0
33 204 0
33 201 0
33 198 0
33 196 0
33 193 0
33 191 0
33 189 0
33 186 0
33 184 0
33 181 0
33 180 0
33 176 0
33 175 0
33 169 0
33 166 0
33 165 0
33 162 0
33 161 -1
33 159 0
33 158 0
33 157 0
33 156 0
33 155 0
33 153 0
33 152 0
33 151 -2
33 149 -1
33 147 -1
33 146 -1
33 144 0
32 144 -1
32 143 -1
31 142 -3
31 141 -3
31 140 -1
31 139 -1
31 138 -3
31 137 -3
32 136 -5
33 135 -5
34 135 -2
35 134 -4
37 134 -4
38 134 -1
39 134 -6
39 134 4
39 134 -6
39 135 -3
39 136 -1
38 136 -3
38 137 -5
37 137 0
37 138 -2
36 138 -1
36 139 -4
36 140 0
35 140 -2
35 141 -2
35 142 0
34 142 -4
33 143 -2
33 144 -1
33 145 -1
33 146 -2
33 147 -1
33 148 0
33 149 -2
33 150 -3
33 151 -1
33 152 -1
33 153 -1
33 154 0
34 154 0
34 155 0
34 156 0
35 156 0
35 157 -1
35 158 0
35 159 -2
35 161 0
36 161 0
36 162 0
36 163 0
36 164 -1
37 165 0
37 166 0
37 167 -1
37 168 0
37 169 0
38 170 -1
38 171 0
38 172 -1
38 173 0
38 174 0
39 174 0
39 176 0
39 176 4
39 177 0
40 177 0
41 179 0
41 180 0
42 180 0
42 182 0
42 183 0
43 183 0
43 184 -1
44 185 0
44 186 -1
44 187 0
44 188 0
44 189 0
44 190 0
44 191 -1
44 192 0
45 192 0
45 193 0
46 194 0
46 195 0
46 196 0
46 197 0
47 197 0
47 198 0
48 198 0
48 200 -1
48 201 -1
49 202 0
49 203 0
49 204 0
49 206 0
49 207 0
49 208 -1
49 209 0
49 210 0
50 210 0
50 212 -1
50 213 0
51 213 0
51 214 0
51 216 -1
51 217 0
51 218 -1
50 219 -2
50 221 0
50 222 0
49 222 0
49 223 0
49 224 0
49 225 0
49 226 0
48 226 0
48 228 -2
48 230 -2
48 232 -1
48 233 0
47 234 0
47 235 0
47 236 0
47 237 0
46 237 0
46 238 0
46 240 -1
46 241 0
45 241 0
45 242 0
45 243 -1
45 244 0
45 246 0
44 247 -1
44 248 0
44 249 -1
44 250 0
44 251 0
44 252 0
44 253 0
44 254 -1
44 255 0
44 256 0
44 257 0
44 258 0
44 259 -1
44 260 0
44 261 -1
44 262 -1
44 263 0
44 265 -2
44 266 0
44 268 -2
44 269 0
44 271 -2
44 272 -1
44 273 0
46 274 0
46 275 0
47 275 0
47 277 0
49 277 0
50 277 0
50 278 -1
52 278 0
53 279 0
53 280 0
54 280 0
54 281 0
55 281 -1
56 281 0
56 282 0
56 283 0
57 283 -1
58 284 0
59 284 0
59 285 0
59 286 -1
60 286 0
60 287 -1
61 288 -4
62 287 -1
62 288 -1
62 289 -2
63 289 0
63 290 -5
64 290 -20
63 290 -4
63 289 0
62 289 -3
61 289 -2
61 288 -3
60 288 0
60 287 -1
59 287 -1
58 287 -1
57 287 0
57 286 0
56 286 -5
55 286 0
55 285 -2
55 284 -1
54 284 -6
53 283 -4
53 282 0
52 282 -4
51 281 -6
50 280 -3
50 279 -1
49 279 -3
49 278 -1
48 278 -3
48 277 0
47 277 1
47 277 -3
47 276 0
46 276 -5
45 276 -1
45 275 -1
44 275 -1
43 275 -2
41 275 -7
40 275 -3
38 275 -4
36 275 -5
35 275 -1
34 275 0
33 275 -1
33 276 -1
32 276 -5
31 277 -4
31 278 -3
31 279 -1
28 279 -4
27 279 0
27 280 -3
26 281 -7
27 281 0
27 282 -4
27 284 -1
26 284 -1
26 285 -1
25 285 -2
25 287 -2
24 287 0
24 287 1
24 290 -4
23 293 -12
23 295 -3
23 296 -3
23 298 -3
23 299 -2
23 302 -2
23 304 -2
23 307 -3
23 309 -2
23 311 0
22 311 -1
22 314 -4
22 317 -2
22 318 -1
22 320 -2
22 323 -2
22 324 -1
22 326 -1
22 328 -1
22 330 -2
22 331 -1
22 333 -1
22 335 -2
22 336 -1
22 338 -1
22 339 0
22 340 -1
22 341 -1
22 343 0
22 344 -1
22 346 -1
22 347 -1
22 349 -1
22 352 -1
22 354 0
22 355 0
22 356 0
22 357 0
22 359 0
22 360 0
22 362 0
22 364 0
22 365 -1
22 367 -1
22 368 0
22 369 0
22 370 -1
22 371 0
22 372 0
22 373 0
22 374 -1
22 375 0
22 376 -1
22 377 0
22 378 -1
22 379 0
22 380 0
22 381 0
22 382 -2
22 383 -3
22 384 0
21 384 -6
21 385 -12
20 386 -4
19 386 -1
19 387 -3
19 388 -5
19 389 -3
19 390 -7
19 391 -6
19 392 -5
19 393 -41
19 391 -6
19 390 -2
19 389 -9
19 388 -3
19 387 0
20 387 -1
20 387 1
21 387 -6
22 387 -11
23 387 -5
23 388 -4
24 388 -20
24 389 -5
24 390 -5
24 391 0
23 391 -6
23 392 0
22 392 -4
21 393 -1
21 394 -1
20 394 -4
20 395 -1
19 395 -2
18 396 -4
18 397 -7
18 397 1
18 398 -4
18 399 -3
18 400 -6
18 401 -3
18 402 0
18 403 -1
18 404 -3
18 405 -6
18 406 -5
18 407 -3
18 408 -2
18 409 0
18 410 -1
18 411 0
19 411 -2
19 412 -1
19 413 -2
19 414 -1
19 415 -1
19 416 -2
19 417 0
19 418 -3
19 419 0
19 420 -3
19 421 0
19 423 0
19 424 0
18 427 0
18 428 0
18 429 0
18 430 0
18 431 0
18 432 -1
17 433 -2
17 434 -5
17 435 -1
18 435 -1
18 436 0
19 436 -2
20 437 -1
20 438 -2
20 439 -1
20 440 0
21 440 -2
21 441 0
21 442 -17
20 442 -4
19 442 -2
19 442 1
19 442 -1
18 442 -8
19 442 -9
19 441 -2
19 440 0
19 439 0
20 439 -1
20 438 -2
20 437 0
21 437 -1
22 437 0
21 437 -1
21 436 0
22 436 0
22 435 -1
22 434 -1
23 434 0
23 433 -1
23 432 -1
23 431 0
23 429 -1
23 428 0
23 427 0
23 426 0
23 425 0
23 424 -2
23 423 0
23 421 -2
23 419 -1
24 418 0
24 417 0
24 416 -1
24 415 0
24 414 -1
24 413 0
24 412 0
25 411 0
25 410 0
25 408 -1
26 407 0
26 406 0
26 404 0
26 403 0
26 402 0
26 400 0
26 399 0
26 398 0
26 397 -1
26 396 0
26 395 0
26 394 0
26 393 -1
26 392 0
26 391 -1
26 390 0
26 389 0
26 388 -1
26 387 0
26 386 -1
26 384 -1
26 383 0
26 382 -1
26 381 -1
26 379 0
26 378 0
26 377 -2
26 375 -1
26 374 0
26 373 0
26 372 -2
26 371 0
26 370 0
26 369 -1
26 368 0
26 367 0
26 366 -1
26 365 0
26 364 -1
27 363 -1
27 361 -1
27 360 0
27 359 0
28 359 0
28 358 0
28 357 0
28 356 0
28 355 -1
29 354 -1
29 353 0
29 351 0
29 350 -1
29 349 -1
29 348 -1
30 348 0
30 347 -3
31 346 -2
31 345 -2
31 344 -1
31 343 -3
32 343 -3
32 342 0
32 341 0
32 340 0
32 339 -2
32 337 -1
32 336 0
32 335 -1
32 334 0
32 333 0
32 332 0
32 331 -2
32 330 -2
32 329 -1
32 328 -1
32 327 -3
33 327 -3
33 326 -4
34 325 -2
34 324 0
35 323 -2
36 323 -2
37 323 -1
38 323 0
38 322 -2
39 322 -1
40 322 -2
41 322 -1
42 322 -5
43 322 -18
43 323 -2
42 323 -3
42 324 0
41 324 -1
41 325 -2
40 325 -4
40 326 0
39 326 -4
39 327 0
38 327 -4
37 327 -7
36 327 -4
35 327 -4
34 327 -12
33 327 -8
32 327 -1
31 327 -1
31 326 -8
31 325 0
=== ini section ===
level_name=In The Desert
