0
0
4287418112
4278216192
2435677440
-1 81 0
103 81 0
103 81 0
103 81 0
103 81 0
103 81 0
103 81 0
103 81 0
103 81 0
103 81 0
103 81 0
103 81 0
103 81 0
103 81 0
103 81 0
103 81 0
103 81 0
103 81 0
103 81 0
103 81 0
103 81 0
103 81 0
103 81 0
103 81 0
103 81 0
103 81 0
103 81 0
103 81 0
103 81 0
103 81 0
103 81 0
103 81 0
103 81 0
103 81 0
103 81 0
103 81 0
103 81 0
103 81 0
103 81 0
103 81 0
103 81 0
103 81 0
103 81 0
103 81 0
103 81 0
103 81 0
103 81 0
103 81 0
103 81 0
103 81 0
103 81 0
103 81 0
103 81 0
103 81 0
103 81 0
103 81 0
103 81 0
103 81 0
103 81 0
103 81 0
103 81 0
103 81 0
103 81 0
103 81 0
103 81 0
103 81 0
103 81 0
103 82 0
103 102 0
103 107 0
103 112 0
103 118 0
103 126 0
103 132 0
103 137 0
103 142 0
103 147 0
103 147 0
103 147 0
103 148 0
103 148 0
103 148 0
103 148 0
103 148 0
103 148 0
103 148 0
103 148 0
103 148 0
103 148 0
103 148 0
103 148 0
103 148 0
103 148 0
103 148 0
102 148 0
102 148 0
102 148 0
102 148 0
102 148 0
102 148 0
102 148 0
101 148 0
101 148 0
101 148 0
101 148 0
101 148 0
101 148 0
101 148 0
100 148 0
100 148 0
100 148 0
100 148 0
100 148 0
100 148 0
100 148 0
100 148 0
100 148 0
100 148 0
100 148 0
100 148 0
100 148 0
100 147 0
100 147 0
100 147 0
100 147 0
100 147 0
100 147 0
100 147 0
100 147 0
100 147 0
100 147 0
100 147 0
100 147 0
100 147 0
100 147 0
100 147 0
100 147 0
100 147 0
100 147 0
100 147 0
100 147 0
100 147 0
100 147 0
101 147 0
101 147 0
101 147 0
101 147 0
102 147 0
102 147 0
102 147 0
102 147 0
102 147 0
102 147 0
103 146 0
103 146 0
103 146 0
103 146 0
103 146 0
103 146 0
103 146 0
103 146 0
103 146 0
103 146 0
103 146 0
103 146 0
103 146 0
103 146 0
103 146 0
103 146 0
103 146 0
103 146 0
103 146 0
103 146 0
103 146 0
103 146 0
103 146 0
103 146 0
103 146 0
103 146 0
103 146 0
103 146 0
103 146 0
103 146 0
103 146 0
103 146 0
103 146 0
103 146 0
103 146 0
103 146 0
103 146 0
103 146 0
103 146 0
103 146 0
103 146 0
103 146 0
102 146 0
102 146 0
102 146 0
102 146 0
102 146 0
102 146 0
102 146 0
102 146 0
102 146 0
102 146 0
102 146 0
102 146 0
102 146 0
102 146 0
102 146 0
103 146 0
103 146 0
103 146 0
103 146 0
103 146 0
103 146 0
103 146 0
103 146 0
103 146 0
103 146 0
103 146 0
103 146 0
103 146 0
103 146 0
103 146 0
103 146 0
103 146 0
103 146 0
103 146 0
103 146 0
103 146 0
103 146 0
103 146 0
103 146 0
103 146 0
103 146 0
103 146 0
103 146 0
103 146 0
103 146 0
103 146 0
103 146 0
103 146 0
103 146 0
103 146 0
103 146 0
103 146 0
103 146 0
103 146 0
103 146 0
103 146 0
103 146 0
103 146 0
103 146 0
103 146 0
103 146 0
103 146 0
103 146 0
103 146 0
103 146 0
102 146 0
102 146 0
102 146 0
102 146 0
107 146 0
126 146 0
131 146 0
136 146 0
143 146 0
149 146 0
152 146 0
154 146 0
159 146 0
165 146 0
170 146 0
172 146 0
176 146 0
181 146 0
181 146 0
181 146 0
181 146 0
182 146 0
183 146 0
183 146 0
183 146 0
183 146 0
183 146 0
183 146 0
183 146 0
183 146 0
183 146 0
183 146 0
184 146 0
184 146 0
184 146 0
184 146 0
184 146 0
184 146 0
184 146 0
184 146 0
184 146 0
184 146 0
184 147 0
184 147 0
184 147 0
185 147 0
185 147 0
185 147 0
185 148 0
185 148 0
185 148 0
185 148 0
185 148 0
185 147 0
185 145 0
185 143 0
185 140 0
185 136 0
185 135 0
185 131 0
185 130 0
185 126 0
185 125 0
185 122 0
185 120 0
185 117 0
185 114 0
185 110 0
185 106 0
185 101 0
185 99 0
185 96 0
185 93 0
185 92 0
185 90 0
185 88 0
185 86 0
185 85 0
185 84 0
185 83 0
185 82 0
185 81 0
185 80 0
185 79 0
185 77 0
185 76 0
185 75 0
185 75 0
185 75 0
185 74 0
185 74 0
185 74 0
185 74 0
185 74 0
185 74 0
185 74 0
185 74 0
185 74 0
185 74 0
185 74 0
185 74 0
185 74 0
185 74 0
185 74 0
185 74 0
185 74 0
185 74 0
185 74 0
185 74 0
185 74 0
185 74 0
185 74 0
185 74 0
185 74 0
185 74 0
185 74 0
185 74 0
185 74 0
185 74 0
185 75 0
185 75 0
185 75 0
185 76 0
185 76 0
185 76 0
185 76 0
185 76 0
185 76 0
185 76 0
185 76 0
185 77 0
185 77 0
185 77 0
185 77 0
185 77 0
185 77 0
185 78 0
185 78 0
185 78 0
185 78 0
185 79 0
185 79 0
185 79 0
185 79 0
185 79 0
185 79 0
185 79 0
185 79 0
185 79 0
185 79 0
185 79 0
185 79 0
185 79 0
185 79 0
185 79 0
185 80 0
185 80 0
185 80 0
185 80 0
185 80 0
185 80 0
185 80 0
185 80 0
185 80 0
185 80 0
185 80 0
185 80 0
185 80 0
185 80 0
185 80 0
185 80 0
185 80 0
185 80 0
185 80 0
185 80 0
184 80 0
184 80 0
184 80 0
184 80 0
184 80 0
210 80 0
213 80 0
213 80 0
214 80 0
216 80 0
225 80 0
231 80 0
234 80 0
237 80 0
238 80 0
240 80 0
241 80 0
242 80 0
242 80 0
242 80 0
242 80 0
242 80 0
242 80 0
242 80 0
242 80 0
242 80 0
242 80 0
243 80 0
243 80 0
243 80 0
243 80 0
243 80 0
243 80 0
244 80 0
244 80 0
244 80 0
244 80 0
245 80 0
245 80 0
245 80 0
245 80 0
245 80 0
245 80 0
246 80 0
246 80 0
246 80 0
246 80 0
247 80 0
247 80 0
247 80 0
247 80 0
247 80 0
247 80 0
247 80 0
247 80 0
247 80 0
247 80 0
247 80 0
247 80 0
247 80 0
247 80 0
247 80 0
247 80 0
247 80 0
247 80 0
247 80 0
247 80 0
247 80 0
247 80 0
247 80 0
247 80 0
247 80 0
247 80 0
247 80 0
247 80 0
247 80 0
247 80 0
247 80 0
247 80 0
247 80 0
247 80 0
247 80 0
247 80 0
247 81 0
247 81 0
247 81 0
247 81 0
247 81 0
247 81 0
247 81 0
247 81 0
247 81 0
247 81 0
247 81 0
248 81 0
248 82 0
249 82 0
249 82 0
249 82 0
249 82 0
249 82 0
249 82 0
249 82 0
250 82 0
250 82 0
250 82 0
250 82 0
250 82 0
250 82 0
250 82 0
250 82 0
250 82 0
251 82 0
251 83 0
251 83 0
251 83 0
251 83 0
251 83 0
251 83 0
251 83 0
251 83 0
251 83 0
251 83 0
251 83 0
251 83 0
251 83 0
251 83 0
251 83 0
251 83 0
252 83 0
252 83 0
252 83 0
252 83 0
252 83 0
252 83 0
252 83 0
253 83 0
253 83 0
253 83 0
253 83 0
253 83 0
254 83 0
254 83 0
254 83 0
254 83 0
254 83 0
254 83 0
254 83 0
254 83 0
254 83 0
254 83 0
254 83 0
254 83 0
254 83 0
253 83 0
252 83 0
251 83 0
249 83 0
248 83 0
247 83 0
242 83 0
240 83 0
236 83 0
233 83 0
232 83 0
230 83 0
228 83 0
227 83 0
227 83 0
226 83 0
226 83 0
226 83 0
224 83 0
224 83 0
223 84 0
223 84 0
216 84 0
213 84 0
207 84 0
205 84 0
204 84 0
204 84 0
203 84 0
201 84 0
199 84 0
199 84 0
198 84 0
198 84 0
196 84 0
196 84 0
195 84 0
195 84 0
194 84 0
194 84 0
194 84 0
193 84 0
193 84 0
193 84 0
193 84 0
193 85 0
193 85 0
193 85 0
193 85 0
193 85 0
193 85 0
193 85 0
193 85 0
193 85 0
193 85 0
193 85 0
193 85 0
193 85 0
193 85 0
193 85 0
193 85 0
193 85 0
193 85 0
193 85 0
193 85 0
193 85 0
193 86 0
193 86 0
193 86 0
193 86 0
193 87 0
193 87 0
193 87 0
193 87 0
193 88 0
193 88 0
193 88 0
193 88 0
193 89 4
193 89 0
193 89 0
193 89 0
193 90 0
193 90 0
193 90 0
193 90 0
192 91 0
192 91 0
191 91 0
191 91 0
191 92 0
191 92 0
190 92 0
190 92 0
189 93 0
189 93 0
188 93 0
188 93 0
188 94 0
186 94 0
184 94 0
183 95 0
182 95 0
181 95 0
181 95 0
181 96 0
181 96 0
181 96 0
181 96 0
181 97 0
181 97 0
181 97 0
181 97 0
181 98 0
181 98 0
181 98 0
181 98 0
181 98 0
181 98 0
181 98 0
181 99 0
181 99 0
181 99 0
181 99 0
181 100 0
181 100 0
181 100 0
181 100 0
181 101 0
181 101 0
181 101 0
181 102 0
181 102 0
181 102 0
181 102 0
181 103 0
181 103 0
181 103 0
181 103 0
181 104 0
181 104 0
181 104 0
181 105 0
181 105 0
181 105 0
181 106 0
181 106 0
181 106 0
181 106 0
181 107 0
181 107 0
181 107 0
181 107 0
181 108 0
181 108 0
181 108 0
181 109 0
181 109 0
181 109 0
181 109 0
181 110 0
181 110 0
181 110 1
181 111 0
181 111 0
181 111 0
181 111 0
181 111 0
181 111 0
181 111 0
181 112 0
181 112 0
181 112 0
181 112 0
181 113 0
181 113 0
181 113 0
181 114 0
181 114 0
181 114 0
181 114 0
181 115 0
181 115 0
181 115 0
181 117 0
181 117 0
181 117 0
181 117 0
181 118 0
181 118 0
181 118 0
181 119 0
181 119 0
183 119 0
183 120 0
183 120 0
183 120 0
184 120 0
184 117 0
184 117 0
184 114 0
185 114 0
185 113 0
185 113 0
185 112 0
185 112 0
185 112 0
185 111 0
186 111 0
186 111 0
186 111 0
186 111 0
187 111 0
187 111 0
187 111 0
187 111 0
188 110 0
188 110 0
188 110 0
188 110 0
189 110 0
189 110 0
189 109 1
189 109 0
190 109 0
190 109 0
190 109 0
190 109 0
191 109 0
191 109 0
191 109 0
191 109 0
192 109 0
192 109 0
192 109 0
192 109 0
193 109 0
193 109 0
193 109 0
194 109 0
194 109 0
194 109 0
194 109 0
195 109 0
195 109 0
195 109 0
195 109 0
196 109 0
196 109 0
196 109 0
196 109 0
197 109 0
197 109 0
197 109 0
198 109 0
198 109 0
198 109 0
198 109 0
199 109 0
199 109 0
199 109 0
199 109 0
200 109 0
200 109 0
200 107 0
200 107 0
201 107 0
201 107 0
201 107 0
201 107 0
202 107 0
202 107 0
202 107 0
202 107 0
203 107 0
203 107 0
203 107 0
204 107 0
204 107 0
204 107 0
204 107 0
205 107 0
205 107 0
205 107 0
205 107 0
206 107 0
206 107 0
206 107 0
206 107 0
207 107 0
207 107 0
207 107 0
208 107 0
208 107 0
208 107 0
208 107 0
209 107 0
209 107 0
209 107 0
209 107 0
210 107 0
210 107 0
210 107 0
210 107 0
211 107 0
211 107 0
211 107 0
211 107 0
212 107 0
212 107 0
212 107 0
212 107 0
213 107 0
213 107 0
213 107 0
214 107 0
214 107 0
214 107 0
214 107 0
215 107 0
215 107 0
215 107 0
215 107 0
216 107 0
216 107 0
216 107 0
216 107 0
218 107 0
218 107 0
218 107 0
219 107 0
219 107 0
219 107 0
219 107 0
219 107 0
219 107 0
219 107 0
220 107 0
220 107 0
220 107 0
220 107 0
221 107 0
221 107 0
221 107 0
221 107 0
222 107 0
222 107 0
222 107 0
222 107 0
223 107 0
223 107 0
223 107 0
224 107 0
224 107 0
224 107 0
224 107 0
225 107 0
225 107 0
225 107 0
226 107 0
226 107 0
226 107 0
226 107 0
227 107 0
227 107 0
227 107 0
227 107 0
228 107 0
228 107 0
228 107 0
229 107 0
229 107 0
229 107 0
229 107 0
230 107 0
230 107 0
230 107 0
230 107 0
231 107 0
231 107 0
231 107 0
232 107 0
232 107 0
232 107 0
232 107 4
233 107 0
233 107 0
233 107 0
233 107 0
231 107 0
231 107 0
231 107 0
231 107 0
230 107 0
230 107 0
230 107 0
230 107 0
229 107 0
229 107 0
229 107 0
229 107 0
227 107 0
227 107 0
227 107 0
227 107 0
225 107 0
225 107 0
225 107 0
225 107 0
223 107 0
223 107 0
223 107 0
223 107 0
221 107 0
221 107 0
221 107 0
221 107 0
219 107 0
219 107 0
219 107 0
219 107 0
219 107 0
218 107 0
218 107 0
218 107 0
218 107 0
215 107 0
215 107 0
215 107 0
215 107 0
214 107 0
214 107 0
214 107 0
214 107 0
212 107 0
212 107 0
212 107 0
212 107 0
212 107 0
211 107 0
211 107 0
211 107 0
211 107 0
209 107 0
209 107 0
209 107 0
209 107 0
208 107 0
208 107 0
208 107 0
208 107 0
208 107 0
207 107 0
207 107 0
207 107 0
207 107 0
206 107 0
206 107 0
206 107 0
206 107 0
204 107 0
204 107 0
204 107 0
204 106 0
204 106 0
203 106 0
203 106 0
203 106 0
203 106 0
201 106 0
201 105 0
201 105 0
201 105 0
201 105 0
199 105 0
199 105 0
199 105 0
199 105 0
196 104 0
196 104 0
196 104 0
196 104 0
194 104 0
194 104 0
194 104 0
194 104 0
194 104 0
192 104 0
192 104 0
192 104 0
192 104 0
190 104 0
190 104 0
190 104 0
190 104 0
188 104 0
188 104 0
188 104 0
188 104 0
186 104 0
186 104 0
186 104 0
186 104 0
184 104 0
184 104 0
184 104 0
184 104 0
183 104 0
183 104 0
183 104 0
183 104 0
182 104 0
182 104 0
182 104 0
182 104 0
181 104 0
181 104 0
181 104 0
181 104 0
180 104 0
180 104 0
180 104 0
180 104 0
179 104 0
179 105 0
179 105 0
179 105 0
178 105 0
178 105 0
178 105 0
178 105 0
177 105 0
177 106 0
177 106 0
177 106 0
176 106 0
176 106 0
176 106 0
176 106 0
175 108 0
175 108 0
175 108 0
175 108 0
174 108 0
174 108 0
174 108 0
174 108 0
173 109 0
173 109 0
173 109 0
173 109 0
171 109 0
171 109 0
171 109 0
171 109 0
170 110 0
170 110 0
170 110 0
170 110 0
168 110 0
168 110 0
168 110 0
167 111 0
167 111 0
167 111 0
167 111 0
165 111 0
165 111 0
165 111 0
164 111 0
164 111 0
164 112 0
164 112 0
163 112 0
163 112 0
163 112 0
161 112 0
161 112 0
161 112 0
160 112 0
160 114 0
160 114 0
159 114 0
159 114 0
157 114 0
157 114 0
157 114 0
156 114 0
156 114 0
156 114 0
156 114 0
156 114 0
156 114 0
156 116 0
155 116 0
155 116 0
155 116 0
155 116 0
154 116 0
154 116 0
154 116 0
153 116 0
153 118 0
153 118 0
152 118 0
152 118 0
152 118 0
151 118 0
151 118 0
151 118 0
150 119 0
150 119 0
150 119 0
150 119 0
149 119 0
149 119 0
149 119 0
149 119 0
149 119 0
149 119 0
148 119 0
148 119 0
148 121 0
146 121 0
146 121 0
145 121 0
145 121 0
143 121 0
142 121 0
141 121 0
139 123 0
139 123 0
139 123 0
138 123 0
137 123 0
137 123 0
137 123 0
137 123 0
137 123 0
137 124 0
137 124 0
137 124 0
136 124 0
136 124 0
136 124 0
136 124 0
136 124 0
136 124 0
136 124 0
136 124 0
136 124 0
136 124 0
135 124 0
135 124 0
135 124 0
135 124 0
135 124 0
135 124 0
135 124 0
135 124 0
135 124 0
135 124 0
135 124 0
135 124 0
135 124 0
135 124 0
135 124 0
135 124 0
134 124 0
134 124 0
134 124 0
134 124 0
134 124 0
134 124 0
134 124 0
134 124 0
134 124 0
134 124 0
134 124 0
134 124 0
134 124 0
134 124 0
134 124 0
134 124 0
134 124 0
134 124 0
133 124 0
133 124 0
133 124 0
133 124 0
133 124 0
133 124 0
133 124 0
133 124 0
133 124 0
133 124 0
133 124 0
133 124 0
133 124 0
133 124 0
133 124 0
133 124 0
133 124 0
133 124 0
133 124 0
133 124 0
133 124 0
133 124 0
133 124 0
133 124 0
133 124 0
133 124 0
133 124 0
133 124 0
133 124 0
133 124 0
133 124 0
133 124 0
133 124 0
133 124 0
133 124 0
133 124 0
133 124 0
133 124 0
133 124 0
133 124 0
133 124 0
133 124 0
133 124 0
133 124 0
133 124 0
133 124 0
133 124 0
133 124 0
133 124 0
133 124 0
133 124 0
133 124 0
133 124 0
133 124 0
133 124 0
133 124 0
133 124 0
133 124 0
133 124 0
133 124 0
133 124 0
133 124 0
133 122 0
133 122 0
133 122 0
133 122 0
133 122 0
133 122 0
133 122 0
133 122 0
133 122 0
133 122 0
133 122 0
133 122 0
133 122 0
133 121 0
133 121 0
133 121 0
133 121 0
133 121 0
133 121 0
133 121 0
133 121 0
133 121 0
133 121 0
133 121 0
133 121 0
133 121 0
133 121 0
133 121 0
133 121 0
133 121 0
133 121 0
133 121 0
133 121 0
133 121 0
133 121 0
133 121 0
133 121 0
133 121 0
133 121 0
133 121 0
133 121 0
133 121 0
133 121 0
133 121 0
133 121 0
133 121 0
133 121 0
133 121 0
133 121 0
133 121 0
133 121 0
133 121 0
133 121 0
133 121 0
133 121 0
133 121 0
133 121 0
133 121 0
133 121 0
133 121 0
133 121 0
133 121 0
133 121 0
133 121 0
133 121 0
133 121 4
133 121 0
133 121 0
133 121 0
133 121 0
133 121 0
133 121 0
132 121 0
132 121 0
132 121 0
132 121 0
132 121 0
132 121 0
132 121 0
132 121 0
132 121 0
132 122 0
132 122 0
132 122 0
132 122 0
132 122 0
132 123 0
132 123 0
132 123 0
132 123 0
132 124 0
133 124 0
133 126 0
133 126 0
133 126 0
134 126 0
134 126 0
134 126 0
134 126 0
135 126 0
135 126 0
135 126 0
135 126 0
136 126 0
136 126 0
136 126 0
136 126 0
136 126 0
136 126 0
136 126 0
136 126 0
136 126 0
136 126 0
136 127 0
136 127 0
136 127 0
136 127 0
136 127 0
136 127 0
136 127 0
136 127 0
136 127 0
136 127 0
136 127 0
136 127 0
136 127 0
136 127 0
135 128 0
135 128 0
135 128 0
135 128 0
135 128 0
135 128 0
135 128 0
135 128 0
135 128 0
135 128 0
134 128 0
134 128 0
134 128 0
134 128 0
134 128 0
134 128 0
134 128 0
134 128 0
134 129 0
134 129 0
134 129 0
134 129 0
134 129 0
134 129 0
134 129 0
134 129 0
134 129 0
134 129 0
134 130 0
133 130 0
133 130 0
133 130 0
133 130 0
133 130 0
133 131 0
133 131 0
133 131 0
133 131 0
133 131 0
133 131 0
133 132 0
133 132 0
133 132 0
133 132 0
133 132 0
133 133 0
133 133 0
133 133 0
133 133 0
133 133 0
133 134 0
133 134 0
133 134 0
133 134 0
133 134 0
133 134 0
133 135 0
133 135 0
133 135 0
132 135 0
132 135 0
132 136 0
132 136 0
132 136 0
132 136 0
131 136 0
131 137 0
131 137 0
130 137 0
130 137 0
130 137 0
130 138 0
130 138 0
130 138 0
130 138 0
130 138 0
130 139 0
130 139 0
130 139 0
130 139 0
129 139 0
129 139 0
129 139 0
129 139 0
129 139 0
129 140 0
129 140 0
129 140 0
129 140 0
129 141 0
129 141 0
129 141 0
129 141 0
129 141 0
129 141 0
129 141 0
129 141 0
129 141 0
129 141 0
129 140 0
129 140 0
129 140 0
129 140 0
129 140 0
129 140 0
129 140 0
129 140 0
129 140 0
202 140 0
237 140 0
237 140 0
238 140 0
238 140 0
238 139 0
238 139 0
238 139 0
238 139 0
238 139 0
238 139 0
238 139 0
238 139 0
238 139 0
238 139 0
238 138 0
238 138 0
237 138 0
237 138 0
237 138 0
237 138 0
237 138 0
237 138 0
237 138 0
237 138 0
237 137 0
237 137 0
237 137 0
237 137 0
237 137 0
237 136 0
237 136 0
237 136 0
237 136 0
237 136 0
237 136 0
237 136 0
237 136 0
237 136 0
237 136 0
237 136 0
237 136 0
237 136 0
237 136 0
237 136 0
237 135 0
237 135 0
237 135 0
237 135 0
237 135 0
237 135 0
237 135 0
237 135 0
237 135 0
237 135 0
237 135 0
237 135 0
237 135 0
237 135 0
237 135 0
237 135 0
237 135 1
237 135 0
237 135 0
237 135 0
237 135 0
237 134 0
237 134 0
237 134 0
237 134 0
237 134 0
237 134 0
237 134 0
237 134 0
237 134 0
237 134 0
237 134 0
237 134 0
237 134 0
237 134 0
237 134 0
237 134 0
237 134 0
237 134 0
237 134 0
237 134 0
237 134 0
237 134 0
237 134 0
237 134 0
237 134 0
237 133 0
237 133 0
237 133 0
237 133 0
237 133 0
237 133 0
237 133 0
237 133 0
237 133 0
237 133 0
237 133 0
237 133 0
237 133 0
237 133 0
237 133 0
237 133 0
237 133 0
237 133 0
237 133 0
238 133 1
238 133 0
238 133 0
238 132 0
238 132 0
238 132 0
238 132 0
239 132 0
239 132 0
239 132 0
239 132 0
239 132 0
239 132 0
239 132 0
239 132 0
239 132 0
239 132 0
239 132 0
239 132 0
239 132 0
239 132 0
239 132 0
239 132 0
239 132 0
239 132 0
239 132 0
239 131 0
239 131 0
239 131 0
239 131 0
239 131 0
239 131 0
239 131 0
239 131 0
239 131 0
239 131 0
239 131 0
239 131 0
239 131 0
239 131 0
239 131 0
239 131 0
239 131 0
239 131 0
239 131 0
239 131 0
239 131 0
239 131 0
239 130 0
239 130 0
239 130 0
239 130 0
239 130 0
239 130 0
239 130 0
239 130 0
239 130 0
239 129 0
239 129 0
239 129 0
239 129 0
239 129 0
239 128 0
239 128 0
239 128 0
239 128 0
239 128 0
239 128 0
239 128 0
239 128 0
239 128 0
239 128 0
239 127 0
239 127 0
239 127 0
239 127 0
239 127 0
239 127 0
239 127 0
239 127 0
239 127 0
239 127 0
239 126 0
239 126 0
239 126 0
239 126 0
239 126 0
239 126 0
239 126 0
239 126 0
239 126 0
239 125 0
239 125 0
239 125 0
239 125 0
239 125 0
239 125 0
239 125 0
239 125 0
239 125 0
239 125 0
239 125 0
239 125 0
239 125 0
239 125 0
239 125 0
239 124 0
239 124 0
239 124 0
239 124 0
239 124 0
239 124 0
239 124 0
239 124 0
239 124 0
239 124 0
239 124 0
239 123 0
239 123 0
239 123 0
239 123 0
239 123 0
239 123 0
239 123 0
239 123 0
239 123 0
239 123 0
239 123 0
239 123 0
239 123 0
239 123 0
239 123 0
239 123 0
239 123 0
239 123 0
239 123 0
239 123 0
239 123 0
239 123 0
239 123 0
239 123 0
239 123 0
239 123 0
239 123 0
239 123 0
239 123 0
239 123 0
239 123 0
239 123 0
239 123 0
239 123 0
239 123 0
239 123 0
239 123 0
239 123 0
239 123 4
239 123 0
239 123 0
239 123 0
239 123 0
239 123 0
239 123 0
239 123 0
239 123 0
239 123 0
239 123 0
239 123 0
239 123 0
239 123 0
239 123 0
239 123 0
239 123 0
239 123 0
239 123 0
239 123 0
239 123 0
239 123 0
239 123 0
239 123 0
239 123 0
239 123 0
239 123 0
239 124 0
239 124 0
239 124 0
239 124 0
239 124 0
239 124 0
239 124 0
239 124 0
239 124 0
239 124 0
239 124 0
239 124 0
239 124 0
239 124 0
239 124 0
239 124 0
239 124 0
239 124 0
239 124 0
239 124 0
239 124 0
239 124 0
239 124 0
239 124 0
239 124 0
239 124 0
239 124 0
239 124 0
239 124 0
239 124 0
239 124 0
239 124 0
239 124 0
239 124 0
239 124 0
238 124 0
238 124 0
238 124 0
238 124 0
237 124 0
237 124 0
237 124 0
237 124 0
236 124 0
236 124 0
236 124 0
236 124 0
236 125 0
236 125 0
236 125 0
236 125 0
236 125 0
235 125 0
235 125 0
235 125 0
235 125 0
234 125 0
234 126 0
234 126 0
234 126 0
232 126 0
232 126 0
232 127 0
232 127 0
230 127 0
230 127 0
230 127 0
230 128 0
229 128 0
229 128 0
229 128 0
229 128 0
227 129 0
227 129 0
227 129 0
227 129 0
225 129 0
225 129 0
225 130 0
225 130 0
223 130 0
223 130 0
223 130 0
221 131 0
221 131 0
221 131 0
221 131 0
220 131 0
220 131 0
218 131 0
218 131 0
218 131 0
218 131 0
216 132 0
216 132 0
216 132 0
214 132 0
214 132 0
214 132 0
211 132 0
211 132 0
211 132 0
211 132 0
209 132 0
209 132 0
207 132 0
207 132 0
207 132 0
207 132 0
205 132 0
205 132 0
205 132 0
203 132 0
203 132 0
203 132 0
202 132 0
202 132 0
202 132 0
200 132 0
200 132 0
200 132 0
197 132 0
197 132 0
197 132 0
195 132 0
195 132 0
195 132 0
192 132 0
192 132 0
192 132 0
190 132 0
190 132 0
190 132 0
190 132 0
188 132 0
188 132 0
188 132 0
186 132 0
186 132 0
186 132 0
184 132 0
184 132 0
184 132 0
182 132 0
182 132 0
182 132 0
179 132 0
179 131 0
179 131 0
179 131 0
177 131 0
177 130 0
177 130 0
176 130 0
176 130 0
176 130 0
174 130 0
174 130 0
174 130 0
173 130 0
173 130 0
173 129 0
171 129 0
171 129 0
171 129 0
171 129 0
170 129 0
170 129 0
170 129 0
168 129 0
168 128 0
168 128 0
168 128 0
167 128 0
167 128 0
167 127 0
166 127 0
166 127 0
166 127 0
164 127 0
164 127 0
164 127 0
164 127 0
164 127 0
164 128 0
164 128 0
163 128 0
163 128 0
163 129 0
163 129 0
162 129 0
162 129 0
162 129 0
162 131 0
160 131 0
160 131 0
160 131 0
158 131 0
158 132 0
158 132 0
155 132 0
155 132 0
155 132 0
155 134 0
154 134 0
154 134 0
154 134 0
152 134 0
152 135 0
152 135 0
152 135 0
150 135 0
150 135 0
150 136 0
149 136 0
149 136 0
149 136 0
149 136 0
148 137 0
148 137 0
148 137 0
147 137 0
147 137 0
147 137 0
147 137 0
146 137 8
146 137 0
146 137 0
145 137 0
145 137 0
145 137 0
145 137 0
144 138 0
144 138 0
144 138 0
144 138 0
144 138 0
144 139 0
144 139 0
143 139 0
143 139 0
143 139 0
143 140 0
142 140 0
142 140 0
142 140 0
142 140 0
141 140 0
141 141 0
141 141 0
140 141 0
140 141 0
140 141 0
140 141 0
139 143 0
139 143 0
139 143 0
138 143 0
138 143 0
138 144 0
138 144 0
136 144 0
136 144 0
136 144 0
134 144 0
134 144 0
134 144 0
132 144 0
132 144 0
132 145 0
130 145 0
130 145 0
128 145 0
128 145 0
128 146 0
127 146 0
127 146 0
127 146 0
126 147 0
126 147 0
126 147 0
126 147 0
125 147 0
125 147 0
125 147 0
124 147 0
124 147 0
124 146 0
124 146 0
124 146 0
124 146 0
124 145 0
124 145 0
124 145 0
143 145 0
152 144 0
157 144 0
163 144 0
175 144 0
192 144 0
191 143 0
191 143 0
191 143 0
190 143 0
190 142 0
189 142 0
189 142 0
189 142 0
189 142 0
189 141 0
189 141 0
189 141 0
189 141 0
189 140 0
189 140 0
188 140 0
188 140 0
188 140 0
188 139 0
188 139 0
188 139 0
188 139 0
188 138 0
188 138 0
187 138 0
187 138 0
187 137 0
187 137 0
187 137 0
186 137 0
186 135 0
186 135 0
186 135 0
186 135 0
186 134 0
186 134 0
186 134 0
186 134 0
186 133 0
185 133 0
185 133 0
185 133 0
185 132 0
185 132 0
184 132 0
184 132 0
184 131 0
184 131 0
184 131 0
183 131 0
183 130 0
183 130 0
183 130 0
183 130 0
183 129 0
183 129 0
183 129 0
183 129 0
183 128 0
182 128 0
182 128 0
182 128 0
182 127 0
181 127 0
181 127 0
181 127 0
181 126 0
180 126 0
180 126 0
180 126 0
180 125 0
179 125 0
179 125 0
179 125 0
179 124 0
178 124 0
178 124 0
178 124 0
178 123 0
177 123 0
177 123 0
177 123 0
177 122 0
176 122 0
176 122 0
176 122 0
175 121 0
175 121 0
175 121 0
174 121 0
174 120 0
174 120 0
172 120 0
172 120 0
172 120 0
171 120 0
141 120 0
142 120 0
142 120 0
142 119 0
142 119 0
142 119 1
142 119 0
142 118 0
143 118 0
143 118 0
143 118 0
143 117 0
143 117 0
143 117 0
143 117 0
143 116 0
143 116 0
143 116 0
144 116 0
144 116 0
144 116 0
144 116 0
144 116 0
144 116 0
144 116 0
144 116 0
144 116 0
144 116 0
144 116 0
144 117 0
144 117 0
144 117 0
144 117 0
144 118 0
144 118 0
144 118 0
144 118 0
144 120 0
144 120 0
144 120 0
144 121 0
144 121 0
144 121 0
144 122 0
144 122 0
145 125 0
145 125 0
145 127 0
145 127 0
145 128 0
145 128 0
145 129 0
145 129 0
145 129 0
145 131 0
145 131 0
145 131 0
145 132 0
145 132 0
145 132 0
145 133 0
145 133 0
145 133 0
145 134 0
145 134 0
145 134 0
145 135 0
145 135 0
145 135 0
145 135 0
145 135 0
145 135 0
145 135 0
145 135 0
145 135 0
145 135 0
145 135 0
145 135 0
145 136 0
145 136 0
145 136 0
146 136 0
146 136 0
146 136 0
146 136 0
146 136 0
146 136 0
146 136 0
146 136 0
146 136 0
146 136 0
146 136 0
146 136 0
146 136 0
146 136 0
146 137 0
146 137 0
146 137 0
146 137 0
146 137 0
146 137 0
146 137 0
146 137 0
146 137 0
146 137 0
146 137 0
146 137 0
146 137 0
146 137 0
146 137 0
146 137 0
146 137 0
146 137 0
146 137 4
146 137 0
146 137 0
146 137 0
146 137 0
146 137 0
146 137 0
146 137 0
146 137 0
146 137 0
146 137 0
146 137 0
146 137 0
146 137 0
146 137 0
147 137 0
147 137 0
147 137 0
147 137 0
147 137 0
147 137 0
147 137 0
147 137 0
147 137 0
147 137 0
147 137 0
147 137 0
147 137 0
147 137 0
147 137 0
147 137 0
147 137 0
147 137 0
147 137 0
147 137 0
147 137 0
147 137 0
147 137 0
147 137 0
147 137 0
147 137 0
147 137 0
147 137 0
147 137 0
147 137 0
147 137 0
147 137 0
147 137 0
147 137 0
147 137 0
147 137 0
147 137 0
147 137 0
147 137 0
147 137 0
147 137 0
147 137 0
147 137 0
147 137 0
147 137 0
147 137 0
147 137 0
147 137 0
147 137 0
147 137 0
147 137 0
147 137 0
147 137 0
147 137 0
147 137 0
147 137 0
147 137 0
147 137 0
147 137 0
148 137 0
148 137 0
148 137 0
148 137 0
148 137 0
148 137 0
148 137 0
148 137 0
148 137 0
148 137 0
148 137 0
148 137 0
148 137 0
148 137 0
148 137 0
148 137 0
148 137 0
148 137 0
148 137 0
148 137 0
148 137 0
148 137 0
148 137 0
148 137 0
148 137 0
148 137 0
148 137 0
148 137 0
148 137 0
148 137 0
148 137 0
148 137 0
148 137 0
148 137 0
149 137 0
149 137 0
149 137 0
149 137 0
149 137 0
149 137 0
149 137 0
149 137 0
149 137 0
149 137 0
149 137 0
149 137 0
149 137 0
149 137 0
149 137 0
149 137 0
149 137 0
149 137 0
149 137 0
149 137 0
149 137 1
149 137 0
149 137 0
149 137 0
149 137 0
149 137 0
149 137 0
149 137 0
149 137 0
149 137 0
149 137 0
149 137 0
149 137 0
149 137 0
149 137 0
149 137 0
149 137 0
149 137 0
149 137 0
149 137 0
149 137 0
149 137 0
149 137 0
149 137 0
149 137 0
149 137 0
149 137 0
149 137 0
149 137 0
149 137 0
149 137 0
149 137 0
149 137 0
149 137 0
149 137 0
149 137 0
149 137 0
149 137 0
149 137 0
149 137 0
149 137 0
149 137 0
149 137 0
149 137 0
149 137 0
149 137 0
149 137 0
149 137 0
149 137 0
149 137 0
149 137 0
149 137 0
149 137 0
149 137 0
149 137 0
149 137 0
149 137 0
149 137 0
149 137 0
149 137 0
149 137 0
149 137 0
149 137 0
149 137 0
149 137 0
149 137 0
149 137 0
149 137 0
149 137 0
149 137 0
149 137 0
149 137 0
149 137 0
149 137 0
149 137 0
149 137 0
149 137 0
149 137 0
149 137 0
149 137 0
149 137 0
149 137 0
149 137 0
149 144 0
149 145 0
149 146 0
149 146 0
149 146 0
149 146 0
149 146 0
149 146 0
149 147 0
149 147 0
149 147 0
149 147 0
149 148 0
149 148 0
149 148 0
149 149 0
149 149 0
149 149 0
149 149 0
149 150 0
149 150 0
149 150 0
149 151 0
149 151 0
149 151 0
149 151 0
149 152 0
149 152 0
149 152 0
149 153 0
149 153 0
149 153 0
149 154 0
149 154 0
149 154 0
149 155 0
149 155 0
149 155 0
149 155 0
149 156 0
149 156 0
149 156 0
149 156 0
149 157 0
149 157 0
149 157 0
149 157 0
149 157 0
149 158 0
149 158 0
149 158 0
149 158 0
149 158 0
149 159 0
149 159 0
149 159 0
149 159 0
149 159 0
149 160 0
149 160 0
149 160 0
149 160 0
149 160 0
149 160 0
149 160 0
149 160 0
149 160 0
149 160 0
149 161 0
149 161 0
149 161 0
149 161 0
149 161 0
149 161 0
149 162 0
149 162 0
149 162 0
149 162 0
149 162 0
149 162 0
149 162 0
149 162 0
149 162 0
149 162 0
149 163 0
149 163 0
149 163 0
149 163 0
149 163 0
149 163 0
149 163 0
148 163 0
148 163 0
148 163 0
148 163 0
148 163 0
148 163 0
148 163 0
148 163 0
148 164 0
148 164 0
148 164 0
148 164 0
148 165 0
148 165 0
148 165 0
148 165 0
148 165 0
147 166 0
147 166 0
147 166 0
147 166 0
147 167 0
147 167 0
147 167 0
147 167 0
147 168 0
147 168 0
147 168 0
147 168 0
147 169 0
147 169 0
147 169 0
147 169 0
147 170 0
147 170 0
147 170 0
147 170 0
147 171 0
147 171 0
147 171 0
147 171 0
147 173 0
147 173 0
147 173 0
147 173 0
147 175 0
147 175 0
147 175 0
146 175 0
146 177 0
146 177 0
146 177 0
146 179 0
146 179 0
146 179 0
146 181 0
146 181 0
146 181 0
146 183 0
146 183 0
146 183 0
146 186 0
146 186 0
146 188 0
146 188 0
146 188 0
146 189 0
146 189 0
146 191 0
146 191 0
146 191 0
146 192 0
146 192 0
146 192 0
146 194 0
146 194 0
146 194 0
146 195 0
146 195 0
146 195 0
146 196 0
146 196 0
146 196 0
146 198 0
146 198 0
145 198 0
145 199 0
145 199 0
145 199 0
145 201 0
145 201 0
145 201 0
145 202 0
145 202 0
145 202 0
145 204 0
145 204 0
145 205 0
145 205 0
145 205 0
145 207 4
145 207 0
145 207 0
145 209 0
145 209 0
145 209 0
145 210 0
145 210 0
145 212 0
145 212 0
145 212 0
145 213 0
145 213 0
145 213 0
145 215 0
145 215 0
145 215 0
145 216 0
144 216 0
144 216 0
144 218 0
144 218 0
144 219 0
144 219 0
144 219 0
144 220 0
144 220 0
144 220 0
144 220 0
144 221 0
144 221 0
144 221 0
144 222 0
144 222 0
143 222 0
143 222 0
143 223 0
143 223 0
143 223 0
142 224 0
142 224 0
142 224 0
142 225 0
142 225 0
141 225 0
141 226 0
141 226 0
141 226 0
141 226 0
141 227 0
141 227 0
141 227 0
141 228 0
141 228 0
141 228 0
141 230 0
140 230 0
140 231 0
140 231 0
140 231 0
140 231 0
140 231 0
140 231 0
140 232 0
140 232 0
140 232 0
140 233 0
139 233 0
139 233 0
139 235 0
139 235 0
139 235 0
139 236 0
139 236 0
139 236 0
139 237 0
139 237 0
138 237 0
138 237 0
138 238 0
138 238 0
138 238 0
138 239 0
138 239 0
138 239 0
138 239 0
138 239 0
138 239 0
138 239 0
138 241 0
138 241 0
138 241 0
137 242 0
137 242 0
137 242 0
137 244 0
137 244 0
137 244 0
137 244 0
137 245 0
137 245 0
137 245 0
136 246 0
136 246 0
136 246 0
136 246 0
136 248 0
136 248 0
136 248 0
136 249 0
136 249 0
135 249 0
135 249 0
135 250 0
135 250 0
135 250 0
134 251 0
134 251 0
134 251 0
134 251 0
134 250 0
133 250 0
133 250 0
133 250 0
133 250 0
133 250 0
131 249 0
131 249 0
131 249 0
131 249 0
131 249 0
131 248 0
130 248 0
130 248 0
130 248 0
130 248 0
130 248 0
129 247 0
129 247 0
129 247 0
129 247 0
129 247 0
129 247 0
127 245 0
127 245 0
127 245 0
127 245 0
127 245 0
127 244 0
126 244 0
126 244 0
126 244 0
126 244 0
126 244 0
125 242 0
125 242 0
125 242 0
125 242 0
125 242 0
125 242 0
123 240 0
123 240 0
123 240 0
123 240 0
123 240 0
123 239 0
122 239 0
122 239 0
122 239 0
122 239 0
122 239 0
121 237 0
121 237 0
121 237 0
121 237 0
121 237 0
120 236 0
120 236 0
120 236 0
120 236 0
120 236 0
119 235 0
119 235 0
119 235 0
119 235 0
119 235 0
118 234 0
118 234 0
118 234 0
118 234 0
117 232 0
117 232 0
117 232 0
117 232 0
117 231 0
116 231 0
116 231 0
116 231 0
116 231 0
115 230 0
115 230 0
115 230 0
115 230 0
115 229 0
114 229 0
114 229 0
114 229 0
114 228 0
112 228 0
112 228 0
112 228 0
112 226 0
110 226 0
110 226 0
110 226 0
110 225 0
110 225 0
108 225 0
108 225 0
108 223 0
108 223 0
107 223 0
107 223 0
107 222 0
107 222 0
107 222 0
105 222 0
105 220 0
105 220 0
105 220 0
105 220 0
103 218 0
103 218 0
103 218 0
103 218 0
103 217 0
101 217 0
101 217 0
101 217 0
101 216 0
101 216 0
98 216 0
98 216 0
98 215 0
98 215 0
98 215 0
96 215 0
96 214 0
96 214 0
96 214 0
96 213 0
96 213 0
94 213 0
94 211 0
94 211 0
94 211 0
94 211 0
94 210 0
92 210 0
92 210 0
92 210 0
92 209 0
92 209 0
90 209 0
90 207 0
90 207 0
90 207 0
90 206 0
90 206 0
89 206 0
89 204 0
89 204 0
89 204 0
89 202 0
87 202 0
87 202 0
87 202 0
87 201 0
87 201 0
86 201 0
86 199 0
86 199 0
86 199 0
86 199 0
85 198 0
85 198 0
85 198 0
85 197 0
85 197 0
84 197 0
84 197 0
84 195 0
84 195 0
84 195 0
83 193 0
83 193 0
83 193 0
83 192 0
83 192 0
83 192 0
83 192 0
83 190 0
83 190 0
83 190 0
82 189 0
82 189 0
82 189 0
82 187 0
82 187 0
82 187 0
82 187 0
82 185 0
82 185 0
82 183 0
82 183 0
82 183 0
82 183 0
82 180 0
82 180 0
82 178 0
82 178 0
82 178 0
82 176 0
82 176 0
82 176 0
82 176 0
82 174 0
82 174 0
82 174 0
82 172 0
82 172 0
82 172 0
82 170 0
82 170 0
82 170 0
82 168 0
82 168 0
82 168 0
82 166 0
82 166 0
82 166 0
82 164 0
82 164 0
82 164 0
82 164 0
82 163 0
82 163 0
82 163 0
82 161 0
82 161 0
82 161 0
82 161 0
82 160 0
82 160 0
82 160 0
82 160 0
82 159 0
82 159 0
82 159 0
82 159 0
82 157 0
82 157 0
82 157 0
82 157 0
82 156 0
82 156 0
82 156 0
82 155 0
82 155 0
82 155 0
82 155 0
82 154 0
82 154 0
82 154 0
82 154 0
82 152 0
82 152 0
82 152 0
82 150 0
82 150 0
82 150 0
82 150 0
82 150 0
82 150 0
82 150 0
82 148 0
82 148 0
82 148 0
82 148 0
82 147 0
82 147 0
82 147 0
82 146 0
82 146 0
82 146 0
82 146 0
82 145 0
82 145 0
82 145 0
82 145 0
82 144 0
82 144 0
82 144 0
82 144 0
82 143 0
82 143 0
82 143 0
82 143 0
82 142 0
82 142 0
82 142 0
82 142 0
82 142 0
82 142 0
82 142 0
82 142 0
81 142 0
81 141 0
81 141 0
81 141 0
81 141 0
81 141 0
81 141 0
81 141 0
81 141 0
81 141 0
81 141 0
81 141 0
81 141 0
81 141 0
81 141 0
81 141 0
81 141 0
81 141 0
81 141 0
81 141 0
81 141 0
81 141 0
80 141 1
80 141 0
80 141 0
80 141 0
80 141 0
80 141 0
80 141 0
80 141 0
80 141 0
80 141 0
80 141 0
80 141 0
80 141 0
80 141 0
80 141 0
80 141 0
80 141 0
80 141 0
80 141 0
80 141 0
80 141 0
80 141 0
80 141 0
80 141 0
80 141 0
80 141 0
80 141 0
80 141 0
80 141 0
80 141 0
80 141 0
80 141 0
80 141 0
80 141 0
80 141 0
80 141 0
80 141 0
80 141 0
80 141 4
80 141 0
80 141 0
80 141 0
80 141 0
80 141 0
80 141 0
80 141 0
80 141 0
80 142 0
80 142 0
80 142 0
80 142 0
80 142 0
80 142 0
80 142 0
80 142 0
80 142 0
80 142 0
80 142 0
80 142 0
80 142 0
80 142 0
80 142 0
80 142 0
80 142 0
80 143 0
80 143 0
80 143 0
80 143 0
80 143 0
80 143 0
80 143 0
80 143 0
80 143 0
80 143 0
80 143 0
80 143 0
80 143 0
80 143 0
80 143 0
80 143 0
80 143 0
80 143 0
80 143 0
80 143 0
80 143 0
80 144 0
80 144 0
80 144 0
80 144 0
80 144 0
80 144 0
80 144 0
80 144 1
80 144 0
80 144 0
80 145 0
80 145 0
80 145 0
80 145 0
80 145 0
79 145 0
79 145 0
79 145 0
79 145 0
79 145 0
79 145 0
79 145 0
79 145 0
79 145 0
79 145 0
79 145 0
79 145 0
79 145 0
79 145 0
79 145 0
79 146 0
79 146 0
79 146 0
79 146 0
79 146 0
79 146 0
79 146 0
79 146 0
79 146 0
79 146 0
79 146 0
79 146 0
79 146 0
79 146 0
79 146 0
79 146 0
79 146 0
79 146 0
79 146 0
79 146 0
79 146 0
79 146 0
79 146 0
79 146 0
79 146 0
79 146 0
79 146 0
79 146 0
79 146 0
79 146 0
79 146 0
79 146 0
79 146 0
79 146 0
79 146 0
79 146 0
79 146 0
79 146 0
79 146 0
79 146 0
79 146 0
79 146 0
79 146 0
79 146 0
79 146 0
79 146 0
79 146 0
79 146 0
79 146 0
79 146 0
79 146 0
79 146 1
79 146 0
79 146 0
79 146 0
79 146 0
79 146 0
79 146 0
79 146 0
79 146 0
79 146 0
79 146 0
79 146 0
79 146 0
79 146 0
79 146 0
79 145 0
79 145 0
79 145 0
79 145 0
79 145 0
79 145 0
79 145 0
79 145 0
79 145 0
79 145 0
79 145 0
79 145 0
79 145 0
79 145 0
79 145 0
79 145 0
79 145 0
79 144 0
79 144 0
79 144 0
79 144 0
79 144 0
79 144 0
79 144 0
79 144 0
79 144 0
79 144 0
79 144 0
79 144 0
79 144 0
79 144 0
79 144 0
79 144 0
78 144 0
78 144 0
78 144 0
78 144 0
78 144 0
78 144 0
78 144 0
78 143 0
78 143 0
78 143 0
78 143 0
78 143 0
78 143 0
78 143 0
78 143 0
78 143 0
78 143 0
77 143 0
77 143 0
77 143 0
77 143 0
77 143 0
77 143 0
77 143 0
77 143 0
77 143 0
77 143 0
77 143 0
77 143 0
77 143 0
77 143 0
77 143 0
77 143 0
77 143 0
77 143 0
77 143 0
77 143 0
77 143 0
77 143 0
77 143 0
77 143 0
77 143 0
77 143 0
77 143 0
77 143 0
77 143 0
77 143 0
77 143 0
77 143 0
78 143 0
78 143 0
78 143 0
78 143 0
79 143 0
79 143 0
79 143 0
79 143 0
79 143 0
79 143 0
79 143 0
79 143 0
79 143 0
79 143 0
79 143 0
80 143 0
80 143 0
80 143 0
80 143 0
80 143 0
80 143 0
80 143 0
80 143 0
80 143 0
80 143 0
80 143 0
80 143 0
80 143 0
80 143 0
80 143 0
81 143 0
81 143 0
81 143 0
81 143 0
81 143 0
81 143 0
81 143 0
81 143 0
81 143 0
81 143 0
81 143 0
81 143 0
81 143 1
81 143 0
81 143 0
80 143 0
80 143 0
80 143 0
80 143 0
80 143 0
80 143 0
80 142 0
80 142 0
80 142 0
80 142 0
80 142 0
80 142 0
79 142 0
79 142 0
79 142 0
79 142 0
79 142 0
79 142 0
79 142 0
79 142 0
79 142 0
79 142 0
79 142 0
79 142 0
79 142 0
79 142 0
79 142 0
79 142 0
79 142 0
79 142 0
79 142 0
79 142 0
79 142 0
79 142 0
79 142 0
80 142 0
80 142 0
80 142 0
80 142 0
80 142 0
82 142 0
82 142 0
82 142 0
82 142 0
83 142 0
83 142 0
83 142 0
83 142 0
83 142 0
84 142 0
84 142 0
84 142 0
84 142 0
85 142 0
85 142 0
85 142 0
85 142 0
85 142 0
87 142 0
87 142 0
87 142 0
87 142 0
88 142 0
88 143 0
88 143 0
88 143 0
88 143 0
89 143 0
89 143 0
89 143 0
89 143 0
89 143 0
90 143 0
90 143 0
90 143 0
90 143 0
91 143 0
91 143 0
91 143 0
91 143 0
92 143 0
92 143 0
92 143 0
92 143 0
93 143 0
93 143 0
93 143 0
93 143 0
93 144 0
94 144 0
94 144 0
94 144 0
94 144 0
95 144 0
95 144 0
95 144 0
95 144 0
96 144 0
96 144 0
96 144 0
96 144 0
96 144 0
97 144 0
97 144 0
97 144 0
97 144 0
98 144 0
98 144 0
98 144 0
98 144 0
99 144 0
99 144 0
99 144 0
99 144 0
100 144 0
100 144 0
100 144 0
100 144 0
101 145 0
101 145 0
101 145 0
101 145 0
102 145 0
102 145 0
102 145 0
102 145 0
103 145 0
103 145 0
103 145 0
103 145 0
104 145 0
104 145 0
104 145 1
104 145 0
105 145 0
105 145 0
105 145 0
105 145 0
106 145 0
106 145 0
106 145 0
106 145 0
107 145 0
107 145 0
107 145 0
107 145 0
107 145 0
108 145 0
108 145 0
108 145 0
108 145 0
109 145 0
109 145 0
109 145 0
109 145 0
111 145 0
111 145 0
111 145 0
111 145 0
112 145 0
112 145 0
112 145 0
112 145 0
112 145 0
112 145 0
112 145 0
112 145 0
112 145 0
113 145 0
113 145 0
113 145 0
113 145 0
114 145 0
114 145 0
114 145 0
114 145 0
115 145 0
115 145 0
115 145 0
115 145 0
115 145 0
117 145 0
117 145 0
117 145 0
117 145 0
117 145 0
117 145 0
117 145 0
117 145 0
117 145 0
118 145 0
118 145 0
118 145 0
118 145 0
118 145 0
118 145 0
118 145 0
118 145 0
118 145 0
118 145 0
118 145 0
118 145 0
118 145 0
118 145 0
118 145 0
118 145 0
118 146 0
118 146 0
118 146 0
118 146 0
118 147 0
118 147 0
118 147 0
118 147 0
118 148 0
118 148 0
118 148 0
118 148 0
118 149 0
118 149 0
118 149 0
118 150 0
118 150 0
118 150 0
118 152 0
118 152 0
118 152 0
118 153 0
118 153 0
118 153 0
118 155 0
118 155 0
118 155 0
118 157 0
118 157 0
118 160 0
118 160 0
118 160 0
118 161 0
118 161 0
118 161 0
118 163 0
118 163 0
118 165 0
118 165 0
118 165 0
118 166 0
118 166 0
118 166 0
118 168 0
118 168 0
118 170 0
118 170 0
118 170 0
118 172 0
118 172 0
118 174 0
118 174 0
118 174 0
119 176 0
119 176 0
119 177 0
119 177 0
119 177 0
119 179 0
119 179 0
119 180 0
119 180 0
119 181 0
121 181 0
121 183 0
121 183 0
121 184 0
121 184 0
121 184 0
121 186 0
121 186 0
121 186 0
121 187 0
121 187 0
122 187 0
122 189 0
122 189 0
122 190 0
122 190 0
122 190 0
122 190 0
122 192 0
122 192 0
122 193 0
122 193 0
122 193 0
122 193 0
122 194 0
122 194 0
122 194 0
122 195 0
122 195 0
122 195 0
122 196 0
123 196 0
123 196 0
123 198 0
123 198 0
123 199 0
123 199 0
123 199 0
123 200 0
123 200 0
123 200 0
123 201 0
123 201 0
123 201 0
123 201 0
123 202 0
124 202 0
124 202 0
124 203 0
124 203 0
125 203 0
125 203 0
125 203 0
125 203 0
126 203 0
126 204 0
126 204 0
126 204 0
127 204 0
127 205 0
127 205 0
127 205 0
128 206 0
128 206 0
128 206 0
128 207 0
129 207 0
129 207 4
129 208 0
129 208 0
130 208 0
130 208 0
130 209 0
130 209 0
129 209 0
129 211 0
129 211 0
129 211 0
128 212 0
128 212 0
128 212 0
128 213 0
127 213 0
127 213 0
127 213 0
127 214 0
126 214 0
126 214 0
126 214 0
126 216 0
126 216 0
124 216 0
124 217 0
124 217 0
124 217 0
123 218 0
123 218 0
123 218 0
123 218 0
123 220 0
121 220 0
121 221 0
121 221 0
121 221 0
121 221 0
120 223 0
120 223 0
120 225 0
120 225 0
120 225 0
119 227 0
119 227 0
119 227 0
119 228 0
119 228 0
117 230 0
117 230 0
117 230 0
117 232 0
116 232 0
116 234 0
116 234 0
116 234 0
116 236 0
114 236 0
114 237 0
114 237 0
114 237 0
114 239 0
113 239 0
113 239 0
113 241 0
113 241 0
111 241 0
111 242 0
111 242 0
111 244 0
111 244 0
110 244 0
110 246 0
110 246 0
110 246 0
110 248 0
109 248 0
109 250 0
109 250 0
109 252 0
109 252 0
107 254 0
107 254 0
107 255 0
107 255 0
107 255 0
107 257 0
106 257 0
106 258 0
106 258 0
106 258 0
106 259 0
105 259 0
105 259 0
105 260 0
105 260 0
105 261 0
105 261 0
104 263 0
104 263 0
104 264 0
104 264 0
104 265 0
103 265 0
103 265 0
103 266 0
103 266 0
103 267 0
103 267 0
103 269 0
103 269 0
103 271 0
103 271 0
103 273 0
103 275 0
103 277 0
103 277 0
103 279 0
102 281 0
102 281 0
102 282 0
102 284 0
102 287 0
101 288 0
101 293 0
101 295 0
101 298 0
101 300 0
101 300 0
101 302 0
101 302 0
101 304 0
101 304 0
100 305 0
100 306 0
100 306 0
100 306 0
100 307 0
100 307 0
100 308 0
100 308 0
100 310 0
100 310 0
99 311 0
99 311 0
99 312 0
99 312 0
99 312 0
98 313 0
98 313 0
98 313 0
98 314 0
98 314 0
98 314 0
98 314 0
98 314 0
98 314 0
97 315 0
97 315 0
97 315 0
97 316 0
97 316 0
96 316 0
96 316 0
96 316 0
96 316 0
96 317 0
96 317 0
96 317 0
96 317 0
96 318 0
96 318 0
95 318 0
95 319 0
95 319 0
95 319 0
95 319 0
95 319 0
95 320 0
95 320 0
95 320 0
94 321 0
94 321 0
94 321 0
94 322 0
93 322 0
93 322 0
93 323 0
93 323 0
93 323 0
92 324 0
92 324 0
92 324 0
92 325 0
92 325 0
92 325 0
92 326 0
92 326 0
92 326 0
92 326 0
92 327 0
92 327 0
92 327 0
92 328 0
92 328 0
92 328 0
92 328 0
92 329 0
92 329 0
92 329 0
92 330 0
92 330 0
92 330 0
92 331 0
92 331 0
92 331 0
92 331 0
92 332 0
92 332 0
92 332 0
92 333 0
92 333 0
92 333 0
92 333 0
92 335 0
92 335 0
92 336 0
92 336 0
92 336 0
92 336 0
92 337 0
92 337 0
92 337 0
92 338 0
92 338 0
92 338 0
92 340 0
92 340 0
92 341 0
92 341 0
92 341 0
92 342 0
92 342 0
92 342 0
92 342 0
92 343 0
92 343 0
92 343 0
92 344 0
92 344 0
92 344 0
92 346 0
92 346 0
92 347 0
92 347 0
92 347 0
92 348 0
92 348 0
92 348 0
92 349 0
92 349 0
92 350 0
92 350 0
92 350 0
93 351 0
93 351 0
93 351 0
93 352 0
93 352 0
93 353 0
93 353 0
93 353 0
93 354 0
93 354 0
93 354 0
93 355 0
93 355 0
93 355 0
93 355 0
93 356 0
93 356 0
93 356 0
93 357 0
93 357 0
93 357 0
93 358 0
93 358 0
93 358 0
93 359 0
93 359 0
93 360 0
93 360 0
93 360 0
93 361 0
94 361 0
94 361 0
94 361 0
94 361 0
94 361 0
94 362 0
94 362 0
94 362 0
94 363 0
94 363 0
94 363 0
94 363 0
94 363 0
94 363 0
94 364 0
94 364 0
94 364 0
95 365 0
95 365 0
95 366 0
95 366 0
95 366 0
95 368 0
95 368 0
95 369 0
95 371 0
95 371 0
95 372 0
95 372 0
96 374 0
96 374 0
96 375 0
96 375 0
96 375 1
96 376 0
96 376 0
96 376 0
96 377 0
96 377 0
96 377 0
96 377 0
96 377 0
96 378 0
96 378 0
96 378 0
96 378 0
96 379 0
96 379 0
96 380 0
96 380 0
96 381 0
96 382 0
96 383 0
96 383 0
96 384 0
96 385 0
96 385 0
96 386 0
96 386 0
96 387 0
97 387 0
97 387 0
97 388 0
97 388 0
97 388 0
97 389 0
97 389 0
97 389 0
97 390 0
97 390 0
97 390 0
97 390 0
97 390 0
97 390 0
97 391 0
97 391 0
97 391 0
98 392 0
98 392 0
98 392 0
98 392 0
98 392 0
98 392 0
98 393 0
98 393 0
98 393 0
98 394 0
98 394 0
98 395 0
98 395 0
98 395 0
98 397 0
98 397 0
98 398 0
98 398 0
98 399 0
98 399 0
98 401 0
98 401 0
99 401 0
99 401 0
99 401 0
99 401 0
99 403 0
99 403 0
99 403 0
99 403 0
99 403 0
99 404 0
99 404 0
99 404 0
99 404 0
99 404 1
99 404 0
99 404 0
99 402 0
99 402 0
99 402 0
99 402 0
99 402 0
99 402 0
99 401 0
99 401 0
99 401 0
98 401 0
98 401 0
98 399 0
98 399 0
98 399 0
97 399 0
97 399 0
97 399 0
97 397 0
97 397 0
97 397 0
97 397 0
97 397 0
97 397 0
97 397 0
96 395 0
96 395 0
96 395 0
96 395 0
96 395 0
96 395 0
96 392 0
96 392 0
96 392 0
96 392 0
95 392 0
95 392 0
95 392 0
95 392 0
95 391 0
94 391 0
94 391 0
94 391 0
94 391 0
94 391 0
93 389 0
93 389 0
93 389 0
93 389 0
93 389 0
93 389 0
92 389 0
92 387 1
92 387 0
92 387 0
92 387 0
91 387 0
91 386 0
91 386 0
91 386 0
91 386 0
91 386 0
90 386 0
90 385 0
90 385 0
90 385 0
90 385 0
90 385 0
89 383 0
89 383 0
89 383 0
89 383 0
89 383 0
89 383 0
89 382 0
89 382 0
89 382 0
89 382 0
89 382 0
89 381 0
89 381 0
89 381 0
89 381 0
89 381 0
89 380 0
88 380 0
88 380 0
88 380 0
88 380 0
88 379 0
88 379 0
88 379 0
88 379 0
88 379 0
88 379 0
88 379 0
88 379 0
88 379 0
88 378 0
88 378 0
87 378 0
87 378 0
87 377 0
87 377 0
87 377 0
86 377 0
86 377 0
86 376 0
86 376 0
85 376 0
85 376 0
85 375 0
85 375 0
84 375 0
84 375 0
84 375 0
84 374 0
82 374 0
82 374 0
82 374 0
82 374 0
82 372 0
82 372 0
82 372 0
81 372 0
81 371 0
81 371 0
81 371 0
80 371 0
80 370 0
80 370 0
80 370 0
79 370 0
79 370 0
79 369 0
78 369 0
78 369 0
78 369 0
78 368 0
77 368 0
77 368 0
77 368 0
77 368 0
77 366 0
77 366 0
77 366 0
76 366 0
76 365 0
76 365 0
76 365 0
75 365 0
75 365 0
75 363 0
75 363 0
75 363 0
75 363 0
74 361 0
74 361 0
74 361 0
74 361 0
74 361 0
74 359 0
74 359 0
74 359 0
74 359 0
74 359 0
74 358 0
74 358 0
74 358 0
74 358 0
74 355 0
74 355 0
74 355 0
74 355 0
74 353 0
74 353 0
74 353 0
74 353 0
74 351 0
74 351 0
74 351 0
74 351 0
74 349 0
74 349 0
74 349 0
74 349 0
74 349 0
74 346 0
74 346 0
74 346 0
74 346 0
74 344 0
74 344 0
74 344 0
74 344 0
74 342 0
74 342 0
74 342 0
74 342 0
74 339 0
74 339 0
74 339 0
74 339 0
74 337 0
74 337 0
74 337 0
74 337 0
74 334 0
74 334 0
74 334 0
74 334 0
74 332 0
75 332 0
75 332 0
75 332 0
75 330 0
75 330 0
75 330 0
75 330 0
75 328 0
75 328 0
75 328 0
75 328 0
75 325 0
75 325 0
75 325 0
75 325 0
76 324 0
76 324 0
76 324 0
76 324 0
76 323 0
76 323 0
76 323 0
76 323 0
76 321 0
76 321 0
76 321 0
76 321 0
76 319 0
76 319 0
76 319 0
77 317 0
77 317 0
77 317 0
77 317 0
77 315 0
77 315 0
77 315 0
77 315 0
77 313 0
77 313 0
77 313 0
78 312 0
78 312 0
78 312 0
78 312 0
78 310 0
78 310 0
78 310 0
78 310 0
78 308 0
78 308 0
78 308 0
79 308 0
79 307 0
79 307 0
79 307 0
79 306 0
79 306 0
79 306 0
79 306 0
79 304 0
79 304 0
79 304 0
79 304 0
79 303 0
79 303 0
79 303 0
79 303 0
79 301 0
79 301 0
80 301 0
80 300 0
80 300 0
80 300 0
80 300 0
80 298 0
80 298 0
80 298 0
80 298 0
80 297 0
80 297 0
80 297 0
80 295 0
80 295 0
80 295 0
80 295 0
80 293 0
80 293 0
80 293 0
80 293 0
80 290 0
80 290 0
80 290 0
80 290 0
80 289 0
80 289 0
80 289 0
80 286 0
80 286 0
80 286 0
80 286 0
81 284 0
81 284 0
81 284 0
81 282 0
81 282 0
81 282 0
81 280 0
81 280 0
81 280 0
81 279 0
81 279 0
81 279 0
81 279 0
81 277 0
81 277 0
81 277 0
81 275 0
81 275 0
81 275 0
81 275 0
81 274 0
81 274 0
81 274 0
81 272 0
81 272 0
81 272 0
81 270 0
81 270 0
81 270 0
81 268 0
81 268 0
81 268 0
81 268 0
81 266 0
82 266 0
82 264 0
82 264 0
82 264 0
82 264 0
82 262 0
82 262 0
82 262 0
82 259 0
82 259 0
82 257 0
82 257 0
82 257 0
82 257 0
82 254 0
82 254 0
82 252 0
82 252 0
82 252 0
82 249 0
82 249 0
82 249 0
82 246 0
82 246 0
82 246 0
82 244 0
82 244 0
82 244 0
82 242 0
82 242 0
82 240 0
82 240 0
82 240 0
82 238 0
82 238 0
82 238 0
82 238 0
82 237 0
82 237 0
82 237 0
82 236 0
82 236 0
82 236 0
82 234 0
82 234 0
82 234 0
82 234 0
82 232 0
82 232 0
82 232 0
82 231 0
82 231 0
82 231 0
82 231 0
82 229 0
82 229 0
82 229 0
82 229 0
82 228 0
82 228 0
82 228 0
82 226 0
82 226 0
82 226 0
82 225 0
82 225 0
81 225 0
81 225 0
81 224 0
81 224 0
81 224 0
81 222 0
81 222 0
81 222 0
81 222 0
81 221 0
81 221 0
81 221 0
81 220 0
81 220 0
80 220 0
80 220 0
80 219 0
80 219 0
80 219 0
80 219 0
80 218 0
80 218 0
80 218 0
80 218 0
80 216 0
80 216 0
80 216 0
80 216 0
80 215 0
80 215 0
80 215 0
80 215 0
80 214 0
80 214 0
80 214 0
80 214 0
80 213 0
80 213 0
80 213 0
80 213 0
80 212 0
80 212 0
80 212 0
80 212 0
80 210 0
79 210 0
79 210 0
79 210 0
79 209 0
79 209 0
79 209 0
79 209 0
79 208 0
79 208 0
79 208 0
78 208 0
78 207 0
78 207 0
78 207 0
78 207 0
78 206 0
78 206 0
78 206 0
78 206 0
77 205 0
77 205 0
77 205 0
77 205 0
77 204 0
76 204 0
76 204 0
76 204 0
76 203 0
76 203 0
75 203 0
75 203 0
75 202 0
75 202 0
74 202 0
74 202 0
74 201 0
74 201 0
73 201 0
73 201 0
73 200 0
73 200 0
72 200 0
72 200 0
72 199 0
72 199 0
72 199 0
72 199 0
72 197 0
72 197 0
72 197 0
72 197 0
72 195 0
72 195 0
72 195 0
72 195 0
72 194 0
72 194 0
71 194 0
71 194 0
71 193 0
71 193 0
71 193 0
71 193 0
71 190 0
71 190 0
71 190 0
71 189 0
71 189 0
70 189 0
70 189 0
70 187 0
70 187 0
70 187 0
70 186 0
70 186 0
70 186 0
70 186 0
70 184 0
69 184 0
69 184 0
69 184 0
69 183 0
69 183 0
68 183 0
68 183 0
68 181 0
68 181 0
67 181 0
67 181 0
67 180 0
67 180 0
67 180 0
67 180 0
67 179 0
66 179 0
66 179 0
66 179 0
66 177 0
66 177 0
66 177 0
66 177 0
65 176 0
65 176 0
65 176 0
65 176 0
64 174 0
64 174 0
64 174 0
64 174 0
64 173 0
64 173 0
64 173 0
64 173 0
64 171 0
64 171 0
64 171 0
64 171 0
64 169 0
64 169 0
64 169 0
64 169 0
64 168 0
65 168 0
66 168 0
66 168 0
65 167 0
65 167 0
65 167 0
65 167 0
65 165 0
65 165 0
63 165 4
63 165 0
63 163 0
63 163 0
63 163 0
63 163 0
63 162 0
63 162 0
60 162 0
60 162 0
60 160 0
60 160 0
60 160 0
60 160 0
60 160 0
60 159 0
60 159 0
60 159 0
59 159 0
59 157 0
59 157 0
59 157 0
59 157 0
59 157 0
59 156 0
59 156 0
59 156 0
58 156 0
58 155 0
58 155 0
58 155 0
58 155 0
58 154 0
58 154 0
58 154 0
58 154 0
58 154 0
58 153 0
57 153 0
57 153 0
57 153 0
57 152 0
57 152 0
57 152 0
57 152 0
57 152 0
57 151 0
57 151 0
57 151 0
57 151 0
57 150 0
57 150 0
57 150 0
57 150 0
57 150 0
57 149 0
57 149 0
57 149 0
57 149 0
57 148 0
57 148 0
57 148 0
57 148 0
57 148 0
57 148 0
57 148 0
57 148 0
57 148 0
57 147 0
57 147 0
57 147 0
57 147 0
57 147 0
57 147 0
57 147 0
57 147 0
57 147 0
57 147 0
57 147 0
57 147 0
57 147 0
57 147 0
57 147 0
57 147 0
57 147 0
57 147 0
57 147 0
57 147 0
57 147 0
57 147 0
57 147 0
57 147 0
57 147 0
57 147 0
57 147 0
57 147 0
57 147 0
57 147 0
57 147 0
57 147 0
57 147 0
57 147 0
57 147 0
57 147 0
57 147 0
57 147 0
57 147 0
57 147 0
57 147 0
57 147 0
57 147 0
57 148 0
57 148 1
57 148 0
57 148 0
57 148 0
57 148 0
56 148 0
56 148 0
56 148 0
56 148 0
56 148 0
56 148 0
56 148 0
56 148 0
56 148 0
56 148 0
55 148 0
55 148 0
55 148 0
55 149 0
55 149 0
55 149 0
55 149 0
55 149 0
55 149 0
55 149 0
55 149 0
55 149 0
55 149 0
55 149 0
55 149 0
55 149 0
55 149 0
55 149 0
55 149 0
54 149 0
54 149 0
54 150 0
54 150 0
54 150 0
54 150 0
54 150 0
54 150 0
54 150 0
54 150 0
54 150 0
54 150 0
54 150 0
54 150 0
54 150 0
54 150 0
54 150 0
54 150 0
54 150 0
54 150 1
54 150 0
54 151 0
54 151 0
54 151 0
54 151 0
54 151 0
54 151 0
54 151 0
54 151 0
54 151 0
54 151 0
54 151 0
54 151 0
54 152 0
54 152 0
54 152 0
54 152 0
54 152 0
54 152 0
54 152 0
54 152 0
54 152 0
54 152 0
54 152 0
54 152 0
54 152 0
54 152 0
54 152 0
54 152 0
54 152 0
54 152 0
54 152 0
54 153 0
54 153 0
54 153 0
54 153 0
54 153 0
54 153 0
54 153 0
54 153 0
54 153 0
54 153 0
54 153 0
54 153 0
54 153 0
54 153 0
54 153 0
54 153 0
54 153 0
54 153 0
54 153 0
54 153 0
54 153 0
54 153 0
54 153 0
54 153 0
54 153 2
54 153 0
54 153 0
54 153 0
54 153 0
54 153 0
54 153 0
54 154 0
54 154 0
54 154 0
54 154 0
54 154 0
54 154 0
54 154 0
54 154 0
54 154 0
54 154 0
54 154 0
54 154 0
54 154 0
54 154 0
54 154 0
54 154 0
54 154 0
54 154 0
54 154 0
54 154 0
54 154 0
54 154 0
54 154 0
54 154 0
54 154 0
54 154 0
54 154 0
54 154 0
54 154 1
54 154 0
54 154 0
54 154 0
54 154 0
54 154 0
54 154 0
54 154 0
54 154 0
54 154 0
54 154 0
54 154 0
54 154 0
54 154 0
54 154 0
54 154 0
54 154 0
54 154 0
54 154 0
54 154 0
54 154 0
54 154 0
54 154 0
54 154 0
54 154 0
54 154 0
54 154 0
54 154 0
54 154 0
54 154 0
54 154 0
54 154 0
54 154 0
54 154 0
54 154 0
54 154 0
54 154 0
54 154 0
54 154 0
54 154 0
54 154 0
54 154 0
54 154 0
54 154 0
54 154 0
54 154 0
54 154 0
54 154 0
54 154 0
54 154 0
54 154 0
54 154 0
54 154 0
54 154 0
54 154 0
54 154 0
54 154 0
54 154 0
54 154 0
54 154 0
54 154 0
54 154 0
54 154 0
54 154 0
54 154 0
54 154 0
54 154 0
54 154 0
54 154 0
54 154 0
54 154 0
54 154 0
55 154 0
55 154 0
55 154 0
55 154 0
55 154 0
55 154 0
55 154 0
55 154 1
55 154 0
55 154 0
55 154 0
55 154 0
57 154 0
57 154 0
57 154 0
57 154 0
57 154 0
57 154 0
57 154 0
57 154 0
57 154 0
57 154 0
57 154 0
58 154 0
58 154 0
58 154 0
58 154 0
58 154 0
59 154 0
59 154 0
59 154 0
59 154 0
59 154 0
59 154 0
59 154 0
59 154 0
59 154 0
59 154 0
59 154 0
60 153 0
60 153 0
60 153 0
60 153 0
60 153 0
61 153 0
61 153 0
61 153 0
61 153 0
61 153 0
61 153 0
61 153 0
61 153 0
61 152 0
61 152 0
62 152 0
62 152 0
62 152 0
62 152 0
63 152 0
63 152 0
63 152 0
63 152 0
63 152 0
64 152 0
64 152 0
64 152 0
64 152 0
64 152 0
65 152 0
65 152 0
65 151 0
65 151 0
65 151 0
65 151 0
66 151 0
66 151 0
66 151 0
66 151 0
66 151 0
67 151 0
67 151 0
67 151 0
67 151 0
67 151 0
67 151 0
68 151 0
68 151 0
68 150 0
68 150 0
68 150 0
68 150 1
70 150 0
70 150 0
70 150 0
70 150 0
70 150 0
71 150 0
71 150 0
71 150 0
71 150 0
71 150 0
71 150 0
72 150 0
72 150 0
72 149 0
72 149 0
72 149 0
72 149 0
73 149 0
73 149 0
73 149 0
73 149 0
73 149 0
73 149 0
74 149 0
74 149 0
74 149 0
74 149 0
74 149 0
75 149 0
75 149 0
75 149 0
75 148 0
75 148 0
75 148 0
75 148 0
75 148 0
75 148 0
75 148 0
75 148 0
76 148 0
76 148 0
76 148 0
76 148 0
76 148 0
76 148 0
76 148 0
76 148 0
76 148 0
76 148 0
77 148 0
77 147 0
77 147 0
77 147 0
77 147 0
77 147 0
78 147 0
78 147 0
78 147 0
78 147 0
78 147 0
78 147 0
78 147 0
78 147 0
78 147 0
78 147 0
78 147 0
78 147 0
79 147 0
79 147 0
79 147 0
79 147 0
79 147 0
79 146 0
79 146 0
79 146 0
79 146 0
79 146 0
79 146 0
79 146 0
79 146 0
79 146 0
79 146 0
79 146 0
79 146 0
79 146 0
80 146 0
80 146 0
80 146 0
80 146 0
80 146 0
80 146 0
80 146 0
80 146 0
80 146 0
80 146 0
80 146 2
80 146 0
80 146 0
80 146 0
80 146 0
80 145 0
80 145 0
80 145 0
81 145 0
81 145 0
81 145 0
81 145 0
81 145 0
81 145 0
81 145 0
81 145 0
81 145 0
81 145 0
81 145 0
82 145 0
82 145 0
82 145 0
82 145 0
82 145 0
82 145 0
82 145 0
82 144 0
82 144 0
82 144 0
82 144 0
82 144 0
83 144 0
83 144 0
83 144 0
83 144 0
83 144 0
83 144 0
83 144 0
83 144 0
83 144 0
83 144 0
83 144 0
84 144 0
84 144 0
84 144 0
84 144 0
84 144 0
84 144 0
84 143 0
84 143 0
84 143 0
84 143 0
84 143 0
84 143 0
84 143 0
84 143 0
84 143 0
84 143 0
84 143 0
84 143 0
84 143 0
84 143 0
84 143 0
84 143 0
84 143 0
84 143 0
84 143 0
84 143 0
84 143 0
84 143 0
84 143 0
84 143 0
84 143 0
84 143 0
84 143 0
84 143 0
84 143 0
84 143 0
84 143 0
84 143 0
84 143 0
84 143 0
84 143 0
84 143 0
85 143 0
85 143 0
85 143 0
85 143 0
85 143 0
85 143 0
85 143 0
85 143 0
85 143 0
85 143 0
85 143 0
85 143 0
85 143 0
85 143 0
85 143 0
85 143 0
85 143 0
85 143 0
85 143 0
85 143 0
85 143 0
85 143 0
85 143 0
85 143 0
85 143 0
85 143 0
85 143 0
85 143 0
85 143 0
85 143 0
85 143 0
85 143 0
85 143 0
85 143 0
85 143 0
85 143 0
86 143 0
86 143 0
86 143 0
86 143 0
86 143 0
86 143 0
86 143 0
86 143 0
86 143 0
86 143 0
86 143 0
86 143 0
86 143 0
86 143 0
86 143 0
86 143 0
86 143 0
87 143 0
87 143 0
87 143 0
87 143 0
87 143 0
87 143 0
87 143 0
87 143 0
87 143 0
87 143 0
87 143 0
87 143 0
88 143 0
88 143 0
88 143 0
88 143 0
88 143 0
88 143 0
89 143 0
89 143 0
89 143 0
89 143 0
89 143 0
89 143 0
90 143 0
90 143 0
90 143 0
90 143 0
90 143 0
90 143 0
91 143 0
91 143 0
91 143 0
91 143 0
91 143 0
91 143 0
91 143 0
91 143 0
91 143 0
91 143 0
91 143 0
91 143 0
91 143 0
91 142 0
91 142 0
91 142 0
91 142 0
91 142 0
91 142 0
91 142 0
91 142 0
91 142 0
91 142 0
91 142 0
91 142 4
91 141 0
91 141 0
92 141 0
92 141 0
92 141 0
92 141 0
92 141 0
92 141 0
92 141 0
92 141 0
92 141 0
92 141 0
92 141 0
92 141 0
92 141 0
92 141 0
92 141 0
92 141 0
92 141 0
92 141 0
92 141 0
92 141 0
92 141 0
92 141 0
92 141 0
92 141 0
92 141 0
92 141 0
92 141 0
92 141 0
93 141 0
93 141 0
93 141 0
93 141 0
93 141 0
93 141 0
93 141 0
93 141 0
93 141 0
93 141 0
93 141 0
93 141 0
93 141 0
93 141 0
93 141 0
93 141 0
94 141 0
94 141 0
94 141 0
94 141 0
94 141 0
94 141 0
94 141 0
94 141 0
94 141 0
94 141 0
94 141 0
94 141 0
94 141 0
94 141 0
94 141 0
94 141 0
94 141 0
94 141 0
94 141 0
95 141 0
95 141 0
95 141 0
95 141 0
95 141 0
95 141 0
95 141 0
95 141 0
95 141 0
95 141 0
95 141 0
95 141 0
95 141 0
95 141 0
95 141 0
95 141 0
95 141 0
95 141 0
96 141 0
96 141 0
96 141 0
96 141 0
96 141 0
96 141 0
96 141 0
96 141 0
96 141 0
96 141 0
96 141 0
96 141 0
96 141 0
96 141 0
96 141 0
96 141 0
96 141 0
96 141 0
96 141 0
96 141 0
96 141 0
97 141 0
97 141 0
97 141 0
97 141 0
97 141 0
97 141 0
97 141 0
97 141 0
97 141 0
97 141 0
97 141 0
97 141 0
97 141 0
98 141 0
98 141 0
98 141 0
98 141 0
98 141 0
98 141 0
98 141 0
98 141 0
98 141 0
98 141 0
98 141 0
98 141 0
98 141 0
99 141 0
99 141 0
99 141 0
99 141 0
99 141 0
99 141 0
99 141 1
99 141 0
99 141 0
99 141 0
99 141 0
99 141 0
99 141 0
99 141 0
101 141 0
101 141 0
101 141 0
101 141 0
101 141 0
101 141 0
101 141 0
101 141 0
102 141 0
102 141 0
102 141 0
102 141 0
102 141 0
102 141 0
103 141 0
103 141 0
103 141 0
103 141 0
103 141 0
103 141 0
103 141 0
103 141 0
103 141 0
103 141 0
103 141 0
103 141 0
104 141 0
104 141 0
104 141 0
104 141 0
104 141 0
104 140 0
105 140 0
105 140 0
105 140 0
105 140 0
105 140 0
105 140 0
105 140 0
105 140 0
105 140 0
105 140 0
105 140 0
105 140 0
106 140 0
106 140 0
106 140 0
106 140 0
106 139 0
106 139 0
106 139 0
106 139 0
106 139 0
106 139 0
106 139 0
106 139 0
106 139 0
106 139 0
106 139 0
106 139 0
106 139 0
106 139 0
106 139 0
106 139 0
106 139 0
106 139 0
107 139 0
107 139 0
107 139 0
107 139 0
107 139 0
107 139 0
107 139 0
107 139 0
107 138 0
107 138 1
107 138 0
107 138 0
107 138 0
107 138 0
108 138 0
108 138 0
108 138 0
108 138 0
108 138 0
108 138 0
108 138 0
108 138 0
108 138 0
108 137 0
108 137 0
108 137 0
109 137 0
109 137 0
109 137 0
109 137 0
109 137 0
109 137 0
109 137 0
109 137 0
109 136 0
109 136 0
109 136 0
109 136 0
109 136 0
109 136 0
109 136 0
109 136 0
109 136 0
109 136 0
109 136 0
109 136 0
109 136 0
109 136 0
109 136 0
109 136 0
109 136 0
109 136 0
109 136 0
109 136 0
110 136 0
110 136 0
110 136 0
110 136 0
110 136 0
110 136 0
110 136 0
110 136 0
110 136 0
110 136 0
110 136 0
111 135 0
111 135 0
111 135 0
111 135 0
111 135 0
111 135 0
112 135 0
112 135 0
112 135 0
112 135 0
112 135 0
112 135 0
112 135 0
113 135 0
113 135 0
113 135 0
113 135 0
113 135 0
113 135 0
113 135 0
114 135 0
114 135 0
114 135 0
114 135 0
114 135 0
114 134 0
114 134 0
116 134 0
116 134 0
116 134 0
116 134 0
116 134 0
116 134 0
116 134 0
117 134 0
117 134 0
117 134 0
117 134 0
117 134 0
117 134 0
117 134 0
118 134 0
118 134 0
118 134 0
118 134 0
118 134 0
118 134 0
118 133 0
118 133 0
118 133 0
120 133 0
120 133 0
120 133 0
120 133 0
120 133 0
120 133 0
120 133 0
121 133 0
121 133 0
121 133 0
121 133 0
121 133 0
121 133 0
121 133 0
121 133 0
123 133 0
123 133 0
123 133 4
123 133 0
123 133 0
123 132 0
123 132 0
124 132 0
124 132 0
124 132 0
124 132 0
124 132 0
124 132 0
124 132 0
124 132 0
124 132 0
126 132 0
126 132 0
126 132 0
126 132 0
126 132 0
126 132 0
127 132 0
127 132 0
127 132 0
127 132 0
127 132 0
127 132 0
127 132 0
128 132 0
128 132 0
128 132 0
128 132 0
128 132 0
128 132 0
128 132 0
128 132 0
130 132 0
130 132 0
130 132 0
130 132 0
130 132 0
130 132 0
131 132 0
131 132 0
131 132 0
131 132 0
131 132 0
131 132 0
131 132 0
132 132 0
132 132 0
132 132 0
132 132 0
132 132 0
133 132 0
133 132 0
133 132 0
133 132 0
133 132 0
133 132 0
134 132 0
134 132 0
134 132 0
134 132 0
134 132 0
135 132 0
135 132 0
135 132 0
135 132 0
135 132 0
136 132 0
136 132 0
136 132 0
136 132 0
137 132 0
137 132 0
137 132 0
137 132 0
137 132 0
139 132 0
139 132 0
139 132 0
139 132 0
140 132 0
140 132 0
140 132 0
140 132 0
140 132 0
141 132 0
141 132 0
141 132 0
141 132 0
141 132 0
142 132 0
142 132 0
142 132 0
142 132 0
142 132 0
143 132 0
143 132 0
143 132 0
143 132 0
143 132 0
144 132 0
144 132 0
144 132 0
144 132 0
144 132 0
144 132 0
144 132 0
144 132 0
144 132 0
144 132 0
144 132 0
144 132 0
144 132 0
144 132 0
144 132 0
144 132 0
144 132 0
144 132 0
144 132 0
144 132 0
144 132 0
144 132 0
144 132 0
144 132 0
144 132 0
144 132 0
144 132 0
144 132 0
144 132 0
144 132 0
144 132 0
144 132 0
144 132 0
144 132 0
144 132 0
144 132 0
144 132 0
144 132 0
144 132 0
144 132 0
144 132 0
144 132 0
144 132 0
144 132 0
144 132 0
144 132 0
144 132 0
144 132 0
144 132 0
144 132 0
144 132 0
144 132 0
144 132 0
144 132 0
144 132 0
144 132 1
144 132 0
144 132 0
144 132 0
144 132 0
144 132 0
144 132 0
144 132 0
144 132 0
144 132 0
144 132 0
144 132 0
144 132 0
144 132 0
144 132 0
144 132 0
144 132 0
144 132 0
144 132 0
144 132 0
144 132 0
144 132 0
144 132 0
144 132 0
144 132 8
144 132 0
144 132 0
144 132 0
144 132 0
144 132 0
144 132 0
144 132 0
144 132 0
144 132 0
144 132 0
144 132 0
144 132 0
144 132 0
144 132 0
144 132 0
144 132 0
144 132 0
144 132 0
144 132 0
144 132 0
144 132 0
144 132 0
144 132 0
144 132 0
144 132 0
144 132 0
144 132 0
144 132 0
144 132 0
144 132 0
144 132 0
144 132 0
144 132 0
144 132 0
144 132 0
144 132 0
144 132 0
144 132 0
144 132 0
144 132 0
144 132 0
143 132 1
143 132 0
143 132 0
143 133 0
143 133 0
143 133 0
143 133 0
143 133 0
143 133 0
143 134 0
142 134 0
142 134 0
142 134 0
142 134 0
142 134 0
142 134 0
142 134 0
142 134 0
142 134 0
142 134 0
141 134 0
141 134 0
141 134 0
141 134 0
141 134 0
141 134 0
141 134 0
141 134 0
141 134 0
141 134 0
141 134 0
140 134 0
140 134 0
140 134 0
140 134 0
140 134 0
140 134 0
140 134 0
140 134 0
140 134 0
139 134 0
139 134 0
139 134 0
139 134 0
139 134 0
139 134 0
139 134 0
139 134 0
139 134 0
139 134 0
139 134 0
139 134 0
139 134 0
139 134 0
139 134 0
139 134 0
139 134 0
139 134 0
139 134 0
139 134 0
139 134 0
139 134 0
139 134 0
139 134 0
139 134 0
139 134 0
139 134 0
139 134 0
139 134 0
139 134 0
139 134 0
139 134 0
139 134 0
139 134 0
139 134 0
139 134 0
139 134 0
139 134 0
139 134 0
140 134 0
140 134 0
140 134 0
140 134 0
140 134 0
140 134 0
140 134 0
140 134 0
140 134 0
140 134 0
142 134 0
142 134 0
142 134 0
142 134 0
142 134 0
142 134 0
142 134 0
142 134 0
142 134 0
142 134 0
142 134 0
142 134 0
142 134 0
142 134 0
142 134 0
143 134 0
143 134 0
143 134 0
143 135 0
143 135 0
143 135 0
143 135 0
143 135 0
143 135 0
143 135 0
143 135 0
143 135 0
145 135 0
145 135 0
145 135 0
145 135 0
145 135 0
145 135 0
145 135 0
145 135 0
145 135 0
145 135 0
145 135 0
145 135 4
147 135 0
147 135 0
147 135 0
147 135 0
147 135 0
147 135 0
147 135 0
147 135 0
147 135 0
147 135 0
147 135 0
147 135 0
147 135 0
147 135 0
148 135 0
148 135 0
148 135 0
148 135 0
148 135 0
148 135 0
148 135 0
148 135 0
148 134 0
148 134 0
148 134 0
148 134 0
150 134 0
150 134 0
150 134 0
150 134 0
150 134 0
150 134 0
150 134 0
150 134 0
150 134 0
150 134 0
150 134 0
150 134 0
150 133 0
150 133 0
151 133 0
151 133 0
151 133 0
151 133 0
151 133 0
151 133 0
151 133 0
151 132 0
151 132 0
151 132 0
151 132 0
151 132 0
151 132 0
153 132 0
153 132 0
153 132 0
153 132 0
153 132 0
153 132 0
153 132 0
153 132 0
153 132 0
153 132 0
153 131 0
153 131 0
153 131 0
154 131 0
154 131 0
154 131 0
154 131 0
154 131 0
154 131 0
154 131 0
154 131 0
154 131 0
154 131 0
154 131 0
155 131 0
155 131 0
155 131 0
155 131 0
155 131 0
155 131 0
155 131 0
155 131 0
155 131 0
155 131 0
155 131 0
155 131 0
155 131 0
156 131 0
156 131 0
156 131 0
156 131 0
156 131 0
156 131 0
156 131 0
156 131 0
156 131 0
156 131 0
157 131 0
157 131 0
157 131 0
157 131 0
157 131 0
157 131 0
157 131 0
157 131 0
157 131 0
158 131 0
158 131 0
158 131 0
158 131 0
158 131 0
158 131 0
158 131 0
158 132 0
158 132 0
160 132 0
160 132 0
160 132 0
160 132 0
160 132 0
160 133 0
160 133 0
161 133 0
161 133 0
161 133 0
161 133 0
161 133 0
161 133 0
162 133 0
162 133 0
162 133 0
162 133 0
162 133 0
163 133 0
163 134 0
163 134 0
163 134 0
168 134 0
168 134 0
168 134 0
168 134 0
168 134 0
168 134 0
