1448989335
0
1
0
132 268 0 0
*********************************************************************************************************************132 269 0 0
132 270 0 0
132 271 0 0
132 272 0 0
132 273 0 0
132 274 0 0
132 275 0 0
132 276 0 0
132 277 0 0
132 278 0 0
132 279 0 0
132 280 0 0
132 281 0 0
132 282 0 0
132 283 0 0
132 284 0 0
132 285 0 0
132 286 0 0
132 287 0 0
132 288 0 0
132 289 0 0
132 290 0 0
132 291 0 0
132 292 0 0
132 293 0 0
132 294 0 0
132 295 0 0
132 296 0 0
132 297 0 0
132 298 0 0
132 299 0 0
132 300 0 0
132 301 0 0
132 302 0 0
132 303 0 0
132 304 0 0
132 305 0 0
132 306 0 0
132 307 0 0
132 308 0 0
132 309 0 0
132 310 0 0
132 311 0 0
132 312 0 0
132 313 0 0
132 314 0 0
132 315 0 0
132 316 0 0
132 317 0 0
132 318 0 0
132 319 0 0
132 320 0 0
132 321 0 0
132 322 0 0
132 323 0 0
132 324 0 0
132 325 0 0
132 326 0 0
132 327 0 0
132 328 0 0
132 329 0 0
132 330 0 0
132 331 0 0
132 332 0 0
132 333 0 0
132 334 0 0
132 335 0 0
132 336 0 0
132 337 0 0
132 338 0 0
132 339 0 0
132 340 0 0
132 341 0 0
132 342 0 0
132 343 0 0
132 344 0 0
132 345 0 0
132 346 0 0
132 347 0 0
132 348 0 0
132 349 0 0
132 350 0 0
132 351 0 0
132 352 0 0
132 353 0 0
132 354 0 0
132 355 0 0
132 356 0 0
132 357 0 0
132 358 0 0
132 359 0 0
132 360 0 0
132 361 0 0
132 362 0 0
132 363 0 0
132 364 0 0
132 365 0 0
132 366 0 0
132 367 0 0
132 368 0 0
132 369 0 0
132 370 0 0
132 371 0 0
132 372 0 0
132 373 0 0
132 374 0 0
132 375 0 0
132 376 0 0
132 377 0 0
132 378 0 0
132 379 0 0
132 380 0 0
132 381 0 0
132 382 0 0
132 383 0 0
132 384 0 0
132 385 0 0
132 386 0 0
132 387 0 0
132 388 0 0
132 389 0 0
132 390 0 0
132 391 0 0
132 392 0 0
133 393 0 0
134 394 0 0
135 395 0 0
136 396 0 0
137 397 0 0
138 398 0 0
139 399 0 0
140 400 0 0
141 401 0 0
142 402 0 0
143 403 0 0
144 404 0 0
145 405 0 0
146 406 0 0
147 407 0 0
148 408 0 0
148 409 0 1
148 410 0 0
148 411 0 0
148 412 0 0
148 413 0 0
148 414 0 0
148 415 0 0
148 416 0 0
148 417 0 0
148 418 0 0
148 419 0 0
148 420 0 0
148 421 0 0
148 422 0 0
148 423 0 0
148 424 0 0
148 425 0 0
148 426 0 0
149 427 0 0
150 428 0 0
151 429 0 0
152 430 0 0
153 431 0 0
154 432 0 0
155 433 0 0
156 434 0 0
157 435 0 0
158 436 0 0
159 437 0 0
160 438 0 0
161 439 0 0
162 440 0 0
163 441 0 0
164 442 0 0
165 443 0 0
166 444 0 0
167 445 0 0
167 446 0 1
167 447 0 0
167 448 0 0
167 449 0 0
167 450 0 0
167 451 0 0
167 452 0 0
167 453 0 0
167 454 0 0
167 455 0 0
*********168 455 0 0
169 455 0 0
170 455 0 0
171 455 0 0
172 455 0 0
173 455 0 0
174 455 0 0
175 455 0 0
176 455 0 0
177 455 0 0
177 455 0 1
177 455 0 0
********177 454 0 0
177 453 0 0
177 452 0 0
177 451 0 0
177 450 0 0
177 449 0 0
177 448 0 0
177 447 0 0
177 446 0 0
178 445 0 0
179 444 0 0
180 443 0 0
181 442 0 0
182 441 0 0
183 440 0 0
184 439 0 0
185 438 0 0
186 437 0 0
187 436 0 0
188 435 0 0
189 434 0 0
190 433 0 0
190 432 0 1
190 431 0 0
190 430 0 0
190 429 0 0
190 428 0 0
190 427 0 0
190 426 0 0
190 425 0 0
190 424 0 0
190 423 0 0
190 422 0 0
190 421 0 0
190 420 0 0
190 419 0 0
190 418 0 0
190 417 0 0
190 416 0 0
190 415 0 0
190 414 0 0
191 413 0 0
192 412 0 0
193 411 0 0
194 410 0 0
195 409 0 0
196 408 0 0
197 407 0 0
198 406 0 0
199 405 0 0
200 404 0 0
201 403 0 0
202 402 0 0
203 401 0 0
203 400 0 1
203 399 0 0
203 398 0 0
203 397 0 0
203 396 0 0
203 395 0 0
203 394 0 0
203 393 0 0
203 392 0 0
203 391 0 0
203 390 0 0
203 389 0 0
203 388 0 0
203 387 0 0
203 386 0 0
203 385 0 0
203 384 0 0
203 383 0 0
203 382 0 0
203 381 0 0
203 380 0 0
203 379 0 0
204 378 0 0
205 377 0 0
206 376 0 0
207 375 0 0
208 374 0 0
209 373 0 0
210 372 0 0
211 371 0 0
212 370 0 0
213 369 0 0
214 368 0 0
215 367 0 0
216 366 0 0
217 365 0 0
218 364 0 0
219 363 0 0
220 362 0 0
220 361 0 1
220 360 0 0
220 359 0 0
220 358 0 0
220 357 0 0
220 356 0 0
220 355 0 0
220 354 0 0
220 353 0 0
220 352 0 0
220 351 0 0
220 350 0 0
220 349 0 0
220 348 0 0
220 347 0 0
220 346 0 0
220 345 0 0
220 344 0 0
220 343 0 0
221 342 0 0
222 341 0 0
223 340 0 0
224 339 0 0
225 338 0 0
226 337 0 0
227 336 0 0
228 335 0 0
229 334 0 0
230 333 0 0
231 332 0 0
232 331 0 0
233 330 0 0
233 329 0 1
233 328 0 0
233 327 0 0
233 326 0 0
233 325 0 0
233 324 0 0
233 323 0 0
233 322 0 0
233 321 0 0
233 320 0 0
233 319 0 0
233 318 0 0
233 317 0 0
233 316 0 0
233 315 0 0
233 314 0 0
233 313 0 0
233 312 0 0
233 311 0 0
233 310 0 0
233 309 0 0
234 308 0 0
235 307 0 0
236 306 0 0
237 305 0 0
238 304 0 0
239 303 0 0
240 302 0 0
241 301 0 0
242 300 0 0
243 299 0 0
244 298 0 0
245 297 0 0
246 296 0 0
247 295 0 0
248 294 0 0
249 293 0 0
250 292 0 0
251 291 0 0
252 290 0 0
252 289 0 1
252 288 0 0
252 287 0 0
252 286 0 0
252 285 0 0
252 284 0 0
252 283 0 0
252 282 0 0
252 281 0 0
252 280 0 0
252 279 0 0
252 278 0 0
252 277 0 0
252 276 0 0
252 275 0 0
252 274 0 0
252 273 0 0
252 272 0 0
252 271 0 0
252 270 0 0
252 269 0 0
252 268 0 0
252 267 0 0
252 266 0 0
252 265 0 0
252 264 0 0
252 263 0 0
252 262 0 0
252 261 0 0
252 260 0 0
252 259 0 0
252 258 0 0
252 257 0 0
252 256 0 0
252 255 0 0
251 254 0 0
250 253 0 0
249 252 0 0
248 251 0 0
247 250 0 0
246 249 0 0
245 248 0 0
244 247 0 0
243 246 0 0
242 245 0 0
241 244 0 0
240 243 0 0
239 242 0 0
238 241 0 0
237 240 0 0
236 239 0 0
235 238 0 0
234 237 0 0
233 236 0 0
232 235 0 0
231 234 0 0
230 233 0 0
229 232 0 0
228 231 0 0
227 230 0 0
226 229 0 0
225 228 0 0
224 227 0 0
223 226 0 0
222 225 0 0
221 224 0 0
220 223 0 0
219 222 0 0
218 221 0 0
217 220 0 0
216 219 0 0
215 218 0 0
214 217 0 0
213 216 0 0
212 215 0 0
211 214 0 0
210 213 0 0
209 212 0 0
208 211 0 0
207 210 0 0
206 209 0 0
205 208 0 0
204 207 0 0
203 206 0 0
202 205 0 0
201 204 0 0
200 203 0 0
199 202 0 0
198 201 0 0
197 200 0 0
196 199 0 0
195 198 0 0
194 197 0 0
193 196 0 0
192 195 0 0
191 194 0 0
190 193 0 0
189 192 0 0
188 191 0 0
187 190 0 0
186 189 0 0
185 188 0 0
184 187 0 0
183 186 0 0
182 185 0 0
181 184 0 0
180 183 0 0
179 182 0 0
178 181 0 0
178 180 0 0
178 179 0 0
178 178 0 0
178 177 0 0
178 176 0 0
178 175 0 0
178 174 0 0
178 173 0 0
178 172 0 0
178 171 0 0
178 170 0 0
178 169 0 0
178 168 0 0
178 167 0 0
178 166 0 0
178 165 0 0
*********179 165 0 0
180 165 0 0
181 165 0 0
182 165 0 0
183 165 0 0
184 165 0 0
185 165 0 0
186 165 0 0
187 165 0 0
188 165 0 0
189 165 0 0
190 165 0 0
191 165 0 0
191 165 0 1
191 165 0 0
*************191 164 0 0
191 163 0 0
191 162 0 0
191 161 0 0
191 160 0 0
191 159 0 0
191 158 0 0
191 157 0 0
191 156 0 0
192 155 0 0
193 154 0 0
194 153 0 0
195 152 0 0
196 151 0 0
197 150 0 0
198 149 0 0
199 148 0 0
200 147 0 0
201 146 0 0
201 145 0 1
201 144 0 0
201 143 0 0
201 142 0 0
201 141 0 0
201 140 0 0
201 139 0 0
201 138 0 0
201 137 0 0
201 136 0 0
201 135 0 0
201 134 0 0
201 133 0 0
201 132 0 0
201 131 0 0
********202 131 0 0
203 131 0 0
204 131 0 0
205 131 0 0
206 131 0 0
207 131 0 0
208 131 0 0
209 131 0 0
210 131 0 0
211 131 0 0
212 131 0 0
213 131 0 0
214 131 0 0
214 131 0 1
214 131 0 0
********215 131 0 0
216 131 0 0
217 131 0 0
218 131 0 0
219 131 0 0
220 131 0 0
221 131 0 0
222 131 0 0
223 131 0 0
224 131 0 0
225 131 0 0
226 131 0 0
227 131 0 0
228 131 0 0
229 131 0 0
230 131 0 0
231 131 0 0
232 130 0 0
233 129 0 0
234 128 0 0
235 127 0 0
236 126 0 0
237 125 0 0
238 124 0 0
239 123 0 0
240 122 0 0
241 121 0 0
242 120 0 0
243 119 0 0
244 118 0 0
245 117 0 0
246 116 0 0
247 115 0 0
247 114 0 1
247 113 0 0
247 112 0 0
247 111 0 0
247 110 0 0
247 109 0 0
247 108 0 0
247 107 0 0
247 106 0 0
247 105 0 0
**************************************************************247 106 0 0
247 107 0 0
247 108 0 0
247 109 0 0
247 110 0 0
247 111 0 0
247 112 0 0
247 113 0 0
247 114 0 0
247 115 0 0
247 116 0 0
247 117 0 0
247 118 0 0
247 119 0 0
247 120 0 0
247 121 0 0
247 122 0 0
247 123 0 0
247 124 0 0
247 125 0 0
247 126 0 0
247 127 0 0
247 128 0 0
247 129 0 0
247 130 0 0
247 131 0 0
247 132 0 0
247 133 0 0
247 134 0 0
247 135 0 0
247 136 0 0
247 137 0 0
247 138 0 0
247 139 0 0
247 140 0 0
247 141 0 0
247 142 0 0
247 143 0 0
247 144 0 0
247 145 0 0
247 146 0 0
247 147 0 0
247 148 0 0
247 149 0 0
247 150 0 0
247 151 0 0
247 152 0 0
247 153 0 0
247 154 0 0
247 155 0 0
247 156 0 0
247 157 0 0
247 158 0 0
247 159 0 0
247 160 0 0
247 161 0 0
247 162 0 0
247 163 0 0
247 164 0 0
247 165 0 0
247 166 0 0
247 167 0 0
247 168 0 0
247 169 0 0
247 170 0 0
247 171 0 0
247 172 0 0
247 173 0 0
247 174 0 0
247 175 0 0
247 176 0 0
247 177 0 0
247 178 0 0
247 179 0 0
247 180 0 0
247 181 0 0
247 182 0 0
247 183 0 0
247 184 0 0
247 185 0 0
247 186 0 0
247 187 0 0
247 188 0 0
247 189 0 0
247 190 0 0
247 191 0 0
247 192 0 0
247 193 0 0
247 194 0 0
247 195 0 0
247 196 0 0
247 197 1 0
247 198 0 0
247 199 0 0
247 200 0 0
247 201 0 0
247 202 0 0
247 203 0 0
247 204 0 0
*******************************************************************************************************************************247 205 0 0
247 206 0 0
247 207 0 0
247 208 0 0
247 209 0 0
247 210 0 0
247 211 0 0
247 212 0 0
247 213 0 0
247 214 0 0
247 215 0 0
247 216 0 0
247 217 0 0
247 218 0 0
247 219 0 0
247 220 0 0
247 221 0 0
247 222 0 0
247 223 0 0
247 224 0 0
247 225 0 0
247 226 0 0
247 227 0 0
247 228 0 0
247 229 0 0
247 230 0 0
247 231 0 0
247 232 0 0
247 233 0 0
247 234 0 0
247 235 0 0
247 236 0 0
247 237 0 0
********247 237 1 0
247 237 0 0
************************************247 236 0 0
247 235 0 0
247 234 0 0
247 233 0 0
247 232 0 0
247 231 0 0
247 230 0 0
247 229 0 0
247 228 0 0
247 227 0 0
247 226 0 0
247 225 0 0
247 224 0 0
247 223 0 0
247 222 0 0
247 221 0 0
247 220 0 0
247 219 0 0
247 218 0 0
247 217 0 0
247 216 0 0
247 215 0 0
247 214 0 0
247 213 0 0
247 212 0 0
247 211 0 0
247 210 0 0
247 209 0 0
247 208 0 0
247 207 0 0
247 206 0 0
247 205 0 0
247 204 0 0
247 203 0 0
247 202 0 0
247 201 0 0
247 200 0 0
247 199 0 0
247 198 0 0
247 197 0 0
247 196 0 0
247 195 0 0
247 194 0 0
247 193 0 0
247 192 0 0
247 191 0 0
248 190 0 0
249 189 0 0
250 188 0 0
251 187 0 0
252 186 0 0
253 185 0 0
254 184 0 0
255 183 0 0
256 182 0 0
257 181 0 0
258 180 0 0
259 179 0 0
260 178 0 0
261 177 0 0
262 176 0 0
263 175 0 0
264 174 0 0
265 173 0 0
266 172 0 0
267 171 0 0
267 170 0 1
267 169 0 0
267 168 0 0
267 167 0 0
267 166 0 0
267 165 0 0
267 164 0 0
267 163 0 0
267 162 0 0
267 161 0 0
267 160 0 0
267 159 0 0
267 158 0 0
267 157 0 0
267 156 0 0
267 155 0 0
267 154 0 0
267 153 0 0
267 152 0 0
267 151 0 0
267 150 0 0
267 149 0 0
267 148 0 0
267 147 0 0
267 146 0 0
267 145 0 0
267 144 0 0
267 143 0 0
267 142 0 0
267 141 0 0
267 140 0 0
267 139 0 0
267 138 0 0
267 137 0 0
267 136 0 0
267 135 0 0
267 134 0 0
267 133 0 0
267 132 1 0
267 131 0 0
267 130 0 0
267 129 0 0
267 128 0 0
267 127 0 0
267 126 0 0
267 125 0 0
267 124 0 0
267 123 0 0
*******************************************************************************************************************************************267 123 1 0
267 123 0 0
***********************************************************************267 124 0 0
267 125 0 0
267 126 0 0
267 127 0 0
267 128 0 0
267 129 0 0
267 130 0 0
267 131 0 0
267 132 0 0
267 133 0 0
267 134 0 0
267 135 0 0
267 136 0 0
267 137 0 0
267 138 0 0
267 139 0 0
267 140 0 0
267 141 0 0
267 142 0 0
267 143 0 0
267 144 0 0
267 145 0 0
267 146 0 0
267 147 0 0
267 148 0 0
267 149 0 0
267 150 0 0
267 151 0 0
267 152 0 0
267 153 0 0
267 154 0 0
267 155 0 0
267 156 0 0
267 157 0 0
267 158 0 0
267 159 0 0
267 160 0 0
*********************267 159 0 0
267 158 0 0
267 157 0 0
267 156 0 0
267 155 0 0
267 154 0 0
267 153 0 0
267 152 0 0
267 151 0 0
268 150 0 0
269 149 0 0
270 148 0 0
271 147 0 0
272 146 0 0
273 145 0 0
274 144 0 0
275 143 0 0
276 142 0 0
277 141 0 0
278 140 0 0
279 139 0 0
280 138 0 0
281 137 0 0
281 136 0 1
281 135 0 0
281 134 0 0
281 133 0 0
281 132 0 0
281 131 0 0
281 130 0 0
281 129 0 0
281 128 0 0
281 127 0 0
281 126 0 0
281 125 0 0
281 124 0 0
281 123 0 0
281 122 0 0
281 121 0 0
281 120 0 0
281 119 0 0
281 118 0 0
281 117 0 0
281 116 0 0
281 115 0 0
281 114 0 0
282 113 0 0
283 112 0 0
284 111 0 0
285 110 0 0
286 109 0 0
287 108 0 0
288 107 0 0
289 106 0 0
290 105 0 0
291 104 0 0
292 103 0 0
292 102 0 1
292 101 0 0
292 100 0 0
292 99 0 0
292 98 0 0
292 97 0 0
292 96 0 0
292 95 0 0
292 94 0 0
292 93 0 0
292 92 0 0
292 91 0 0
292 90 0 0
292 89 0 0
292 88 0 0
292 87 0 0
292 86 0 0
293 85 0 0
294 84 0 0
295 83 0 0
296 82 0 0
297 81 0 0
298 80 0 0
299 79 0 0
300 78 0 0
301 77 0 0
302 76 0 0
303 76 0 0
304 76 0 0
305 76 0 0
306 76 0 0
307 76 0 0
308 76 0 0
309 76 0 0
310 76 0 0
311 76 0 0
312 76 0 0
313 76 0 0
314 76 0 0
315 76 0 0
315 76 0 1
315 76 0 0
*******316 76 0 0
317 76 0 0
318 76 0 0
319 76 0 0
320 76 0 0
321 76 0 0
322 76 0 0
323 76 0 0
324 76 0 0
325 76 0 0
326 76 0 0
327 76 0 0
328 76 0 0
329 76 0 0
330 76 0 0
331 76 0 0
332 76 0 0
333 76 0 0
334 76 0 0
335 76 0 0
335 76 0 1
335 76 0 0
**************336 76 0 0
337 76 0 0
338 76 0 0
339 76 0 0
340 76 0 0
341 76 0 0
342 76 0 0
343 76 0 0
344 76 0 0
345 76 0 0
346 76 0 0
347 76 0 0
348 76 0 0
349 76 0 0
350 76 0 0
351 76 0 0
352 76 0 0
353 76 0 0
353 76 0 1
353 76 0 0
**********************************************************************************352 76 0 0
351 76 0 0
350 76 0 0
349 76 0 0
348 76 0 0
347 76 0 0
346 76 0 0
345 76 0 0
344 76 0 0
343 76 0 0
342 76 0 0
341 76 0 0
340 76 0 0
339 76 0 0
338 76 0 0
337 76 0 0
336 76 0 0
335 76 0 0
334 76 0 0
333 76 0 0
332 76 0 0
331 76 0 0
330 76 0 0
329 76 0 0
328 76 0 0
327 76 0 0
326 76 0 0
325 76 0 0
324 76 0 0
323 76 0 0
322 76 0 0
321 76 0 0
320 76 0 0
319 76 0 0
318 76 0 0
317 76 0 0
316 76 0 0
315 76 0 0
314 76 0 0
313 76 0 0
312 76 0 0
311 76 0 0
310 76 0 0
309 76 0 0
308 76 0 0
307 76 0 0
306 76 0 0
305 76 0 0
304 76 0 0
303 76 0 0
302 76 0 0
301 76 0 0
300 76 0 0
299 76 0 0
298 76 0 0
297 76 0 0
296 76 0 0
295 76 0 0
294 76 0 0
293 76 0 0
292 76 0 0
291 76 0 0
290 76 0 0
289 76 0 0
288 76 0 0
287 76 0 0
286 76 0 0
285 76 0 0
284 76 0 0
283 76 0 0
282 76 0 0
281 76 0 0
280 76 0 0
279 76 0 0
278 76 0 0
277 76 0 0
276 76 0 0
275 76 0 0
274 76 0 0
273 76 0 0
272 76 0 0
271 76 0 0
270 76 0 0
269 76 0 0
268 76 0 0
267 76 0 0
266 76 0 0
265 76 0 0
264 76 0 0
263 76 0 0
262 76 0 0
261 76 0 0
260 76 0 0
259 76 0 0
258 76 0 0
257 76 0 0
256 76 0 0
255 76 0 0
254 76 0 0
253 76 0 0
252 76 0 0
251 76 0 0
250 76 0 0
249 76 0 0
248 76 0 0
247 76 0 0
246 76 0 0
245 76 0 0
244 76 0 0
243 76 0 0
242 76 0 0
241 76 0 0
240 76 0 0
239 76 0 0
238 76 0 0
237 76 0 0
236 76 0 0
235 76 0 0
234 76 0 0
233 76 0 0
***********************232 76 0 1
231 76 0 0
230 76 0 0
229 76 0 0
228 76 0 0
227 76 0 0
226 76 0 0
225 76 0 0
224 76 0 0
223 76 0 0
222 76 0 0
221 76 0 0
220 76 0 0
219 76 0 0
218 76 0 0
217 76 0 0
216 76 0 0
215 76 0 0
214 76 0 0
213 76 0 0
212 76 0 0
211 76 0 0
*********************210 76 0 1
209 76 0 0
208 76 0 0
207 76 0 0
206 76 0 0
205 76 0 0
204 76 0 0
203 76 0 0
202 76 0 0
201 76 0 0
200 76 0 0
199 76 0 0
198 76 0 0
197 76 0 0
196 76 0 0
195 76 0 0
194 76 0 0
193 76 0 0
192 76 0 0
********************193 76 0 0
194 76 0 0
195 76 0 0
196 76 0 0
197 76 0 0
198 76 0 0
199 76 0 0
200 76 0 0
201 76 0 0
202 76 0 0
203 76 0 0
204 76 0 0
205 76 0 0
206 76 0 0
207 76 0 0
208 76 0 0
209 76 0 0
210 76 0 0
211 76 0 0
212 76 0 0
213 76 0 0
214 76 0 0
215 76 0 0
216 76 0 0
217 76 0 0
218 76 0 0
219 76 0 0
220 76 0 0
221 76 0 0
222 76 0 0
223 76 0 0
224 76 0 0
225 76 0 0
226 76 0 0
227 76 0 0
228 76 0 0
229 76 0 0
230 76 0 0
231 76 0 0
232 76 0 0
233 76 0 0
234 76 0 0
235 76 0 0
236 76 0 0
237 76 0 0
238 76 0 0
239 76 0 0
240 76 0 0
241 76 0 0
242 76 0 0
243 76 0 0
244 76 0 0
245 76 0 0
246 76 0 0
247 76 0 0
248 76 0 0
249 76 0 0
250 76 0 0
251 76 0 0
252 76 0 0
253 76 0 0
254 76 0 0
255 76 0 0
256 76 0 0
257 76 0 0
258 76 0 0
259 76 0 0
260 76 0 0
261 76 0 0
262 76 0 0
263 76 0 0
264 76 0 0
265 76 0 0
266 76 0 0
267 76 0 0
268 76 0 0
269 76 0 0
270 76 0 0
271 76 0 0
272 76 0 0
273 76 0 0
274 76 0 0
275 76 0 0
276 76 0 0
277 76 0 0
278 76 0 0
279 76 0 0
280 76 0 0
281 76 0 0
282 76 0 0
283 76 0 0
284 76 0 0
284 76 0 1
284 76 0 0
**************284 76 1 0
284 76 0 0
************************284 77 0 0
284 78 0 0
284 79 0 0
284 80 0 0
284 81 0 0
284 82 0 0
284 83 0 0
284 84 0 0
284 85 0 0
284 86 0 0
284 87 0 0
284 88 0 0
284 89 0 0
284 90 0 0
284 91 0 0
284 92 0 0
284 93 0 0
284 94 0 0
284 95 0 0
284 96 0 0
284 97 0 0
284 98 0 0
284 99 0 0
284 100 0 0
284 101 0 0
284 102 0 0
284 103 0 0
284 104 0 0
284 105 0 0
284 106 0 0
284 107 0 0
284 108 0 0
284 109 0 0
284 110 0 0
284 111 0 0
284 112 0 0
284 113 0 0
284 114 0 0
284 115 0 0
284 116 0 0
284 117 0 0
284 118 0 0
284 119 0 0
284 120 0 0
284 121 0 0
284 122 0 0
284 123 0 0
284 124 0 0
284 125 0 0
284 126 0 0
284 127 0 0
284 128 0 0
284 129 0 0
284 130 0 0
284 131 0 0
284 132 0 0
284 133 0 0
284 134 0 0
284 135 0 0
284 136 0 0
284 137 0 0
284 138 0 0
284 139 0 0
284 140 0 0
284 141 0 0
284 142 0 0
284 143 0 0
284 144 0 0
284 145 0 0
284 146 0 0
284 147 0 0
284 148 0 0
284 149 0 0
284 150 0 0
284 151 0 0
284 152 0 0
284 153 0 0
284 154 0 0
284 155 0 0
284 156 0 0
284 157 0 0
284 158 0 0
284 159 0 0
284 160 0 0
284 161 0 0
284 162 0 0
284 163 0 0
284 164 0 0
284 165 0 0
284 166 0 0
284 167 0 0
284 168 0 0
284 169 0 0
284 170 0 0
*********************************************284 170 1 0
284 170 0 0
*************************************************************************************************************************284 169 0 0
284 168 0 0
284 167 0 0
284 166 0 0
284 165 0 0
284 164 0 0
284 163 0 0
284 162 0 0
284 161 1 0
284 160 0 0
284 159 0 0
284 158 0 0
284 157 0 0
284 156 0 0
284 155 0 0
284 154 0 0
284 153 0 0
284 152 0 0
284 151 0 0
284 150 0 0
284 149 0 0
284 148 0 0
284 147 0 0
284 146 0 0
284 145 0 0
284 144 0 0
284 143 0 0
284 142 0 0
284 141 0 0
284 140 0 0
284 139 0 0
284 138 0 0
284 137 0 0
284 136 0 0
284 135 0 0
284 134 0 0
284 133 0 0
284 132 0 0
284 131 0 0
284 130 0 0
284 129 0 0
284 128 0 0
284 127 0 0
284 126 0 0
284 125 0 0
284 124 0 0
284 123 0 0
284 122 0 0
***********************************************************285 122 0 0
286 122 0 0
287 122 0 0
288 122 0 0
289 122 0 0
290 122 0 0
291 122 0 0
292 122 0 0
293 122 0 0
294 122 0 0
295 121 0 0
296 120 0 0
297 119 0 0
298 118 0 0
299 117 0 0
300 116 0 0
301 115 0 0
302 114 0 0
303 113 0 0
304 112 0 0
305 111 0 0
306 110 0 0
307 109 0 0
308 108 0 0
309 107 0 0
310 106 0 0
311 105 0 0
312 104 0 0
313 103 0 0
314 102 0 0
315 101 0 0
316 100 0 0
317 99 0 0
318 98 0 0
319 97 0 0
320 96 0 0
321 95 0 0
322 94 0 0
323 93 0 0
324 92 0 0
325 91 0 0
326 90 0 0
327 89 0 0
328 88 0 0
329 87 0 0
330 86 0 0
331 85 0 0
332 84 0 0
333 83 0 0
334 82 0 0
335 81 0 0
336 80 0 0
337 79 0 0
338 78 0 0
339 77 0 0
340 77 0 0
341 77 0 0
342 77 0 0
343 77 0 0
344 77 0 0
345 77 0 0
346 77 0 0
347 77 0 0
348 77 0 0
348 77 0 1
348 77 0 0
**********************************************************************************348 77 1 0
348 77 0 0
**************************************************************************************************************************************************************************************348 77 1 0
348 77 0 0
****************************************************************************348 78 0 0
348 79 0 0
348 80 0 0
348 81 0 0
348 82 0 0
348 83 0 0
348 84 0 0
348 85 0 0
348 86 0 0
348 87 0 0
348 88 0 0
348 89 0 0
348 90 0 0
348 91 0 0
348 92 0 0
348 93 0 0
348 94 0 0
348 95 0 0
348 96 0 0
348 97 0 0
348 98 0 0
348 99 0 0
348 100 0 0
348 101 0 0
348 102 0 0
348 103 0 0
348 104 0 0
348 105 0 0
348 106 0 0
348 107 0 0
348 108 0 0
348 109 0 0
348 110 0 0
348 111 0 0
348 112 0 0
348 113 0 0
348 114 0 0
348 115 0 0
348 116 0 0
348 117 0 0
************************************************************************************************************************************348 118 0 0
348 119 0 0
348 120 0 0
348 121 0 0
348 122 0 0
348 123 0 0
348 124 0 0
348 125 0 0
348 126 0 0
348 127 0 0
348 128 0 0
348 129 0 0
348 130 0 0
348 131 0 0
348 132 0 0
348 133 0 0
348 134 0 0
348 135 0 0
348 136 0 0
348 137 0 0
348 138 0 0
348 139 0 0
348 140 0 0
348 141 0 0
348 142 0 0
348 143 0 0
348 144 0 0
348 145 0 0
348 146 0 0
348 147 0 0
348 148 0 0
348 149 0 0
348 150 0 0
348 151 0 0
348 152 0 0
348 153 0 0
348 154 0 0
************************************************************************348 154 1 0
348 154 0 0
****************348 153 0 0
348 152 0 0
348 151 0 0
348 150 0 0
348 149 0 0
348 148 0 0
348 147 0 0
348 146 0 0
348 145 0 0
348 144 0 0
348 143 0 0
348 142 0 0
348 141 0 0
348 140 0 0
348 139 0 0
348 138 0 0
348 137 0 0
348 136 0 0
348 135 0 0
348 134 0 0
348 133 0 0
348 132 0 0
348 131 0 0
348 130 0 0
348 129 0 0
348 128 0 0
348 127 0 0
348 126 0 0
348 125 0 0
348 124 0 0
348 123 0 0
348 122 0 0
348 121 0 0
348 120 0 0
348 119 0 0
348 118 0 0
348 117 0 0
348 116 0 0
348 115 0 0
348 114 0 0
348 113 0 0
348 112 0 0
348 111 0 0
348 110 0 0
348 109 0 0
348 108 0 0
348 107 0 0
348 106 0 0
348 105 0 0
348 104 0 0
348 103 0 0
348 102 0 0
348 101 0 0
348 100 0 0
348 99 0 0
348 98 0 0
348 97 0 0
348 96 0 0
348 95 0 0
348 94 0 0
348 93 0 0
348 92 0 0
348 91 0 0
348 90 0 0
348 89 0 0
348 88 0 0
348 87 0 0
348 86 0 0
348 85 0 0
348 84 0 0
348 83 0 0
348 82 0 0
348 81 0 0
348 80 0 0
348 79 0 0
348 78 0 0
348 77 0 0
348 76 0 0
348 75 0 0
348 74 0 0
348 73 0 0
348 72 0 0
348 71 0 0
348 70 0 0
348 69 0 0
348 68 0 0
348 67 0 0
348 66 0 0
348 65 0 0
348 64 0 0
348 63 1 0
348 62 0 0
348 61 0 0
348 60 0 0
348 59 0 0
348 58 0 0
348 57 0 0
348 56 0 0
*********************************************************************************************348 57 0 0
348 58 0 0
348 59 0 0
348 60 0 0
348 61 0 0
348 62 0 0
348 63 0 0
348 64 0 0
348 65 0 0
348 66 0 0
348 67 0 0
348 68 0 0
348 69 0 0
348 70 0 0
348 71 0 0
348 72 0 0
348 73 0 0
348 74 0 0
348 75 0 0
348 76 0 0
348 77 0 0
348 78 0 0
348 79 0 0
348 80 0 0
348 81 0 0
348 82 0 0
348 83 0 0
348 84 0 0
348 85 0 0
348 86 0 0
348 87 0 0
348 88 0 0
349 89 0 0
350 90 0 0
351 91 0 0
352 92 0 0
353 93 0 0
354 94 0 0
355 95 0 0
356 96 0 0
357 97 0 0
358 98 0 0
359 99 0 0
360 100 0 0
361 101 0 0
362 102 0 0
363 103 0 0
364 104 0 0
365 105 0 0
366 106 0 0
367 107 0 0
367 108 0 1
367 109 0 0
367 110 0 0
367 111 0 0
367 112 0 0
367 113 0 0
367 114 0 0
367 115 0 0
367 116 0 0
367 117 0 0
367 118 0 0
367 119 0 0
367 120 0 0
367 121 0 0
**************************************************************367 121 1 0
367 121 0 0
********367 120 0 0
367 119 0 0
367 118 0 0
367 117 0 0
367 116 0 0
367 115 0 0
367 114 0 0
367 113 0 0
367 112 0 0
367 111 0 0
367 110 0 0
367 109 0 0
367 108 0 0
367 107 0 0
367 106 0 0
367 105 0 0
**********************************************************************************************367 106 0 0
367 107 0 0
367 108 0 0
367 109 0 0
367 110 0 0
367 111 0 0
367 112 0 0
367 113 0 0
367 114 0 0
367 115 0 0
368 116 0 0
369 117 0 0
370 118 0 0
371 119 0 0
372 120 0 0
373 121 0 0
374 122 0 0
375 123 0 0
376 124 0 0
377 125 0 0
378 126 0 0
379 127 0 0
380 128 0 0
381 129 0 0
382 130 0 0
383 131 0 0
384 132 0 0
385 133 0 0
386 134 0 0
387 135 0 0
388 136 0 0
389 137 0 0
390 138 0 0
391 139 0 0
392 140 0 0
393 141 0 0
394 142 0 0
395 143 0 0
396 144 0 0
397 145 0 0
397 146 0 1
397 147 0 0
397 148 0 0
397 149 0 0
397 150 0 0
397 151 0 0
397 152 0 0
397 153 0 0
397 154 0 0
397 155 0 0
397 156 0 0
397 157 0 0
397 158 0 0
398 159 0 0
399 160 0 0
400 161 0 0
400 162 0 0
400 163 0 0
400 164 0 0
400 165 0 0
400 166 0 0
400 167 0 0
400 168 0 0
400 169 0 0
400 170 0 0
400 171 0 0
400 172 0 0
400 173 0 0
400 174 0 0
400 175 0 0
400 176 0 1
400 177 0 0
400 178 0 0
400 179 0 0
400 180 0 0
400 181 0 0
400 182 0 0
400 183 0 0
400 184 0 0
****************400 183 0 0
400 182 0 0
400 181 0 0
400 180 0 0
400 179 0 0
400 178 0 0
400 177 0 0
400 176 0 0
400 175 0 1
400 174 0 0
400 173 0 0
400 172 0 0
400 171 0 0
400 170 0 0
400 169 0 0
400 168 0 0
400 167 0 0
400 166 0 0
400 165 0 0
400 164 0 0
400 163 0 0
400 162 0 0
400 161 0 0
400 160 0 0
400 159 0 0
400 158 0 0
400 157 0 0
400 156 0 0
400 155 0 0
400 154 0 0
400 153 0 0
400 152 0 0
400 151 0 0
400 150 0 0
400 149 0 0
400 148 0 0
400 147 0 0
400 146 0 0
400 145 0 0
400 144 0 0
400 143 0 0
400 142 0 0
400 141 0 0
400 140 0 0
400 139 0 0
400 138 0 0
400 137 0 0
400 136 0 0
400 135 0 0
400 134 0 0
400 133 0 0
400 132 0 0
400 131 0 0
400 130 0 0
400 129 0 0
400 128 0 0
400 127 0 0
400 126 0 0
400 125 0 0
400 124 0 0
400 123 0 0
400 122 0 0
400 121 0 0
400 120 0 0
400 119 0 0
400 118 0 0
400 117 0 0
400 116 0 0
400 115 0 0
400 114 0 0
400 113 0 0
400 112 0 0
400 111 0 0
400 110 0 0
400 109 0 1
400 108 0 0
400 107 0 0
400 106 0 0
400 105 0 0
400 104 0 0
400 103 0 0
400 102 0 0
400 101 0 0
*********************400 101 0 1
400 101 0 0
********************************400 101 0 1
400 101 0 0
*********************************400 101 0 1
400 101 0 0
**************************************************************************************************************************************************************400 100 0 0
400 99 0 0
400 98 0 0
400 97 0 0
400 96 0 0
400 95 0 0
400 94 0 0
400 93 0 0
400 92 0 0
400 91 0 0
400 90 0 0
400 89 0 0
400 88 0 0
400 87 0 0
***********************************************************399 87 0 0
398 87 0 0
397 87 0 0
396 87 0 0
395 87 0 0
394 87 0 0
393 87 0 0
392 87 0 0
391 87 0 0
390 87 0 0
389 87 0 0
388 87 0 0
387 87 0 0
386 87 0 0
385 87 0 0
384 87 0 0
383 87 0 0
382 87 0 0
381 87 0 0
380 87 0 0
379 87 0 0
378 87 0 0
377 87 0 0
376 87 0 0
375 87 0 0
374 87 0 0
373 87 0 0
372 87 0 0
371 87 0 0
370 87 0 0
369 87 0 0
368 87 0 0
367 87 0 0
366 87 0 0
365 87 0 0
364 87 0 0
363 87 0 0
362 87 0 0
361 87 0 0
360 87 0 0
359 87 0 0
358 87 0 0
357 87 0 0
356 87 0 0
355 87 0 0
354 87 0 0
353 87 0 0
352 87 0 0
351 87 0 0
350 87 0 0
349 87 0 0
348 87 0 0
347 87 0 0
346 87 0 0
345 87 0 0
344 87 0 0
343 87 0 0
342 87 0 0
341 87 0 0
340 87 0 0
339 87 0 0
338 87 0 0
337 87 0 0
336 87 0 0
335 87 0 0
334 87 0 0
333 87 0 0
332 87 0 0
331 87 0 0
330 87 0 0
329 87 0 0
328 87 0 0
327 87 0 0
326 87 0 0
325 87 0 0
324 87 0 0
323 87 0 0
322 87 0 0
321 87 0 0
320 87 0 0
319 87 0 0
318 87 0 0
317 87 0 0
316 87 0 0
315 87 0 0
314 87 0 0
313 87 0 0
312 87 0 0
311 87 0 0
310 87 0 0
309 87 0 0
308 87 0 0
307 87 0 0
306 87 0 0
305 87 0 0
304 87 0 0
303 87 0 0
302 87 0 0
301 87 0 0
300 87 0 0
299 87 0 0
298 87 0 0
297 87 0 0
296 87 0 0
295 87 0 0
294 87 0 0
293 87 0 0
292 87 0 0
291 87 0 0
290 87 0 0
289 87 0 0
288 87 0 0
287 87 0 0
286 87 0 0
285 87 0 0
284 87 0 0
283 87 0 0
282 87 0 0
281 87 0 0
280 87 0 0
279 87 0 0
278 87 0 0
277 87 0 0
276 87 0 0
275 87 0 0
274 87 0 0
273 87 0 0
272 87 0 0
271 87 0 0
270 87 0 0
269 87 0 0
268 87 0 0
267 87 0 0
266 87 0 0
265 87 0 0
264 87 0 0
263 87 0 0
262 87 0 0
261 87 0 0
260 87 0 0
259 87 0 0
258 87 0 0
257 87 0 0
256 87 0 0
255 87 0 0
254 87 0 0
253 87 0 0
252 87 0 0
251 87 0 0
250 87 0 0
249 87 0 0
*************************************************************************************************************************249 87 1 0
249 87 0 0
*****************************************************************************************************************249 87 1 0
249 87 0 0
********************************************************************************************************************************249 87 1 0
249 87 0 0
*************************************************************************************248 87 0 0
247 87 0 0
246 87 0 0
245 87 0 0
244 87 0 0
243 87 0 0
242 87 0 0
241 87 0 0
240 87 0 0
239 87 0 0
238 87 0 0
237 87 0 0
236 87 0 0
235 87 0 0
234 87 0 0
233 87 0 0
232 87 0 0
231 87 0 0
230 87 0 0
229 87 0 0
228 87 0 0
227 87 0 0
226 87 0 0
225 87 0 0
224 87 0 0
223 87 0 0
222 87 0 0
221 87 0 0
220 87 0 0
219 87 0 0
218 87 0 0
217 87 0 0
216 87 0 0
215 87 0 0
214 87 0 0
213 87 0 0
212 87 0 0
211 87 0 0
210 87 0 0
209 87 0 0
208 87 0 0
207 87 0 0
206 87 0 0
205 87 0 0
204 87 0 0
203 87 0 0
202 87 0 0
201 87 0 0
200 88 0 0
199 89 0 0
198 90 0 0
197 91 0 0
196 92 0 0
195 93 0 0
194 94 0 0
193 95 0 0
192 96 0 0
191 97 0 0
190 98 0 0
189 99 0 0
188 100 0 0
187 101 0 0
186 102 0 0
185 103 0 0
184 104 0 0
183 105 0 0
182 106 0 0
181 107 0 0
180 108 0 0
179 109 0 0
178 110 0 0
177 111 0 0
176 112 0 0
175 113 0 0
174 114 0 0
173 115 0 0
172 116 0 0
171 117 0 0
170 118 0 0
169 119 0 0
168 120 0 0
167 121 0 0
166 122 0 0
165 123 0 0
164 124 0 0
163 125 0 0
162 126 0 0
161 127 0 0
160 128 0 0
159 129 0 0
158 130 0 0
157 131 0 0
156 132 0 0
155 133 0 0
154 134 0 0
153 135 0 0
152 136 0 0
151 137 0 0
150 138 0 0
149 139 0 0
148 140 0 0
147 141 0 0
146 142 0 0
145 143 0 0
144 144 0 0
143 145 0 0
142 146 0 0
141 147 0 0
140 148 0 0
139 149 0 0
139 150 0 0
139 151 0 0
139 152 0 0
139 153 0 0
139 154 0 0
139 155 0 0
139 156 0 0
139 157 0 0
139 158 0 0
139 159 0 0
*********140 159 0 0
141 159 0 0
142 159 0 0
143 159 0 0
144 159 0 0
145 159 0 0
146 159 0 0
147 159 0 0
148 159 0 0
149 159 0 0
150 159 0 0
151 159 0 0
152 159 0 0
153 159 0 0
154 159 0 0
155 159 0 0
156 159 0 0
157 159 0 0
158 159 0 0
159 159 0 0
160 159 0 0
161 159 0 0
162 159 0 0
163 159 0 0
164 159 0 0
165 159 0 0
166 159 0 0
167 159 0 0
168 159 0 0
169 159 0 0
170 159 0 0
171 159 0 0
171 159 0 1
171 159 0 0
**********************************************171 159 1 0
171 159 0 0
*********************171 158 0 0
171 157 0 0
171 156 0 0
171 155 0 0
171 154 0 0
171 153 0 0
171 152 0 0
171 151 0 0
171 150 0 0
171 149 0 0
171 148 0 0
171 147 0 0
171 146 0 0
171 145 0 0
171 144 0 0
171 143 0 0
171 142 0 0
171 141 0 0
171 140 0 0
171 139 0 0
171 138 0 0
171 137 0 0
171 136 0 0
171 135 0 0
171 134 0 0
171 133 0 0
171 132 0 0
171 131 0 0
171 130 0 0
171 129 0 0
171 128 0 0
171 127 0 0
171 126 0 0
171 125 0 0
171 124 0 0
171 123 0 0
171 122 0 0
171 121 0 0
171 120 0 0
171 119 0 0
171 118 0 0
171 117 0 0
171 116 0 0
171 115 0 0
171 114 0 0
171 113 0 0
171 112 0 0
171 111 0 0
171 110 0 0
171 109 0 0
171 108 0 0
171 107 0 0
171 106 0 0
171 105 0 0
171 104 0 0
171 103 0 0
171 102 0 0
171 101 0 0
171 100 0 0
171 99 0 0
171 98 0 0
171 97 0 0
171 96 0 0
171 95 0 0
171 94 0 0
******************************************************171 95 0 0
171 96 0 0
171 97 0 0
171 98 0 0
171 99 0 0
171 100 0 0
171 101 0 0
171 102 0 0
171 103 0 0
171 104 0 0
171 105 0 0
171 106 0 0
171 107 0 0
171 108 0 0
171 109 0 0
171 110 0 0
171 111 0 0
171 112 0 0
171 113 0 0
171 114 0 0
171 115 0 0
171 116 0 0
171 117 0 0
171 118 0 0
171 119 0 0
171 120 0 0
171 121 0 0
**********171 121 1 0
171 121 0 0
********************************************************************************************170 121 0 0
169 121 0 0
168 121 0 0
167 121 0 0
166 121 0 0
165 121 0 0
164 121 0 0
163 121 0 0
162 121 0 0
161 121 0 0
160 121 0 0
159 121 0 0
158 121 0 0
157 121 0 0
156 121 0 0
155 121 0 0
154 121 0 0
153 121 0 0
152 121 0 0
151 121 0 0
150 121 0 0
149 121 0 0
148 121 0 0
147 121 0 0
146 121 0 0
145 121 0 0
144 121 0 0
143 121 0 0
142 121 0 0
141 121 0 0
140 121 0 0
139 121 0 0
138 121 0 0
137 121 0 0
136 121 0 0
135 121 0 0
134 121 0 0
133 121 0 0
132 121 0 0
131 121 0 0
130 122 0 0
129 123 0 0
128 124 0 0
127 125 0 0
126 126 0 0
125 127 0 0
124 128 0 0
123 129 0 0
122 130 0 0
121 131 0 0
120 132 0 0
119 133 0 0
118 134 0 0
117 135 0 0
116 136 0 0
115 137 0 0
114 138 0 0
113 139 0 0
112 140 0 0
111 141 0 0
110 142 0 0
109 143 0 0
108 144 0 0
107 145 0 0
106 146 0 0
105 147 0 0
104 148 0 0
103 149 0 0
102 150 0 0
101 151 0 0
100 152 0 0
99 153 0 0
98 154 0 0
97 155 0 0
96 156 0 0
95 157 0 0
94 158 0 0
93 159 0 0
92 160 0 0
91 161 0 0
90 162 0 0
89 163 0 0
88 164 0 0
87 165 0 0
86 166 0 0
85 167 0 0
84 168 0 0
83 169 0 0
82 170 0 0
81 171 0 0
80 172 0 0
79 173 0 0
78 174 0 0
77 175 0 0
76 176 0 0
75 177 0 0
74 178 0 0
73 179 0 0
72 180 0 0
71 181 0 0
70 182 0 0
69 183 0 0
68 184 0 0
67 185 0 0
66 186 0 0
65 187 0 0
64 188 0 0
63 189 0 0
62 190 0 0
61 191 0 0
60 192 0 0
59 193 0 0
58 194 0 0
57 195 0 0
56 196 0 0
55 197 0 0
54 198 0 0
53 199 0 0
52 200 0 0
51 201 0 0
50 202 0 0
49 203 0 0
48 204 0 0
47 205 0 0
46 206 0 0
45 207 0 0
44 208 0 0
43 209 0 0
42 210 0 0
42 211 0 0
42 212 0 0
42 213 0 0
42 214 0 0
42 215 0 0
42 216 0 0
42 217 0 0
42 218 0 0
42 219 0 0
42 220 0 0
42 221 0 0
42 222 0 0
42 223 0 0
42 224 0 0
42 225 0 0
42 226 0 0
42 227 0 0
42 228 0 0
42 229 0 0
42 230 0 0
42 231 0 0
42 232 0 0
42 233 0 0
43 234 0 0
44 235 0 0
45 236 0 0
46 237 0 0
47 238 0 0
48 239 0 0
49 240 0 0
50 241 0 0
51 242 0 0
52 243 0 0
53 244 0 0
54 245 0 0
55 246 0 0
56 247 0 0
57 248 0 0
58 249 0 0
59 250 0 0
60 251 0 0
61 252 0 0
61 253 0 1
61 254 0 0
61 255 0 0
61 256 0 0
61 257 0 0
61 258 0 0
61 259 0 0
61 260 0 0
**********62 260 0 0
63 260 0 0
64 260 0 0
65 260 0 0
66 260 0 0
67 260 0 0
68 260 0 0
69 260 0 0
70 260 0 0
71 260 0 0
72 260 0 0
73 260 0 0
74 260 0 0
75 260 0 0
75 260 0 1
75 260 0 0
***********76 260 0 0
77 260 0 0
78 260 0 0
79 260 0 0
80 260 0 0
81 260 0 0
82 260 0 0
83 260 0 0
84 260 0 0
85 260 0 0
86 260 0 0
87 260 0 0
88 260 0 0
89 260 0 0
90 260 0 0
91 260 0 0
92 260 0 0
93 260 0 0
94 260 0 0
94 260 0 1
94 260 0 0
**************95 260 0 0
96 260 0 0
97 260 0 0
98 260 0 0
99 260 0 0
100 260 0 0
101 260 0 0
102 260 0 0
103 260 0 0
104 260 0 0
105 260 0 0
106 260 0 0
106 260 0 1
106 260 0 0
******************107 260 0 0
108 260 0 0
109 260 0 0
110 260 0 0
111 260 0 0
112 260 0 0
113 260 0 0
114 260 0 0
115 260 0 0
116 260 0 0
117 260 0 0
118 260 0 0
119 259 0 0
120 258 0 0
121 257 0 0
122 256 0 0
123 255 0 0
124 254 0 0
125 253 0 0
126 252 0 0
127 251 0 0
128 250 0 0
128 249 0 1
128 248 0 0
128 247 0 0
128 246 0 0
128 245 0 0
128 244 0 0
128 243 0 0
128 242 0 0
128 241 0 0
128 240 0 0
128 239 0 0
128 238 0 0
128 237 0 0
128 236 0 0
128 235 0 0
128 234 0 0
129 233 0 0
130 232 0 0
131 231 0 0
132 230 0 0
133 229 0 0
134 228 0 0
135 227 0 0
136 226 0 0
137 225 0 0
138 224 0 0
139 223 0 0
140 222 0 0
141 221 0 0
142 220 0 0
143 219 0 0
144 218 0 0
145 217 0 0
146 216 0 0
147 215 0 0
147 214 0 1
147 213 0 0
147 212 0 0
147 211 0 0
147 210 0 0
147 209 0 0
147 208 0 0
147 207 0 0
147 206 0 0
147 205 0 0
147 204 0 0
147 203 0 0
147 202 0 0
147 201 0 0
147 200 0 0
147 199 0 0
147 198 0 0
147 197 0 0
147 196 0 0
147 195 0 0
147 194 0 0
147 193 0 0
147 192 0 0
147 191 0 0
147 190 0 0
147 189 0 0
147 188 0 0
147 187 0 0
147 186 0 0
147 185 0 0
147 184 0 0
147 183 0 0
147 182 0 0
147 181 0 0
147 180 0 0
147 179 0 0
147 178 0 0
147 177 0 0
147 176 0 0
147 175 0 0
147 174 0 0
147 173 0 0
147 172 0 0
147 171 0 0
147 170 0 0
147 169 0 0
147 168 1 0
147 167 0 0
147 166 0 0
147 165 0 0
147 164 0 0
147 163 0 0
147 162 0 0
147 161 0 0
147 160 0 0
147 159 0 0
147 158 0 0
147 157 0 0
147 156 0 0
147 155 0 0
147 154 0 0
147 153 0 0
147 152 0 0
147 151 0 0
147 150 0 0
147 149 0 0
147 148 0 0
147 147 0 0
147 146 0 0
147 145 0 0
147 144 0 0
147 143 0 0
147 142 0 0
147 141 0 0
147 140 0 0
147 139 0 0
147 138 0 0
147 137 0 0
147 136 0 0
147 135 0 0
147 134 0 0
147 133 0 0
147 132 0 0
147 131 0 0
147 130 0 0
147 129 0 0
147 128 0 0
147 127 0 0
147 126 0 0
147 125 0 0
147 124 0 0
147 123 0 0
147 122 0 0
147 121 0 0
147 120 0 0
147 119 0 0
147 118 0 0
147 117 0 0
*****************148 117 0 0
149 117 0 0
150 117 0 0
151 117 0 0
152 117 0 0
153 117 0 0
154 117 0 0
155 117 0 0
156 117 0 0
157 116 0 0
158 115 0 0
159 114 0 0
160 113 0 0
161 112 0 0
162 111 0 0
163 110 0 0
164 109 0 0
165 108 0 0
166 107 0 0
166 106 0 1
166 105 0 0
166 104 0 0
166 103 0 0
166 102 0 0
166 101 0 0
166 100 0 0
166 99 0 0
166 98 0 0
166 97 0 0
166 96 0 0
166 95 0 0
166 94 0 0
166 93 0 0
166 92 0 0
166 91 0 0
166 90 0 0
166 89 0 0
167 88 0 0
168 87 0 0
169 86 0 0
170 85 0 0
171 84 0 0
172 83 0 0
173 82 0 0
174 81 0 0
175 80 0 0
176 80 0 0
177 80 0 0
178 80 0 0
179 80 0 0
180 80 0 0
181 80 0 0
182 80 0 0
183 80 0 0
183 80 0 1
183 80 0 0
*************184 80 0 0
185 80 0 0
186 80 0 0
187 80 0 0
188 80 0 0
189 80 0 0
190 80 0 0
191 80 0 0
192 80 0 0
193 80 0 0
194 80 0 0
195 80 0 0
196 80 0 0
197 80 0 0
197 80 0 1
197 80 0 0
********197 79 0 0
197 78 0 0
197 77 0 0
197 76 0 0
197 75 0 0
197 74 0 0
197 73 0 0
197 72 0 0
197 71 0 0
198 70 0 0
199 69 0 0
200 68 0 0
201 67 0 0
202 66 0 0
203 65 0 0
204 64 0 0
205 63 0 0
206 62 0 0
207 61 0 0
208 61 0 0
209 61 0 0
210 61 0 0
211 61 0 0
212 61 0 0
213 61 0 0
214 61 0 0
215 61 0 0
215 61 0 1
215 61 0 0
*******216 61 0 0
217 61 0 0
218 61 0 0
219 61 0 0
220 61 0 0
221 61 0 0
222 61 0 0
223 61 0 0
224 61 0 0
225 61 0 0
226 61 0 0
227 61 0 0
228 61 0 0
229 61 0 0
230 61 0 0
231 61 0 0
231 61 0 1
231 61 0 0
**************232 61 0 0
233 61 0 0
234 61 0 0
235 61 0 0
236 61 0 0
237 61 0 0
238 61 0 0
239 61 0 0
240 61 0 0
241 61 0 0
242 61 0 0
243 61 0 0
244 61 0 0
245 61 0 0
246 61 0 0
247 61 0 0
247 61 0 1
247 61 0 0
****************248 61 0 0
249 61 0 0
250 61 0 0
251 61 0 0
252 61 0 0
253 61 0 0
254 61 0 0
255 61 0 0
256 61 0 0
257 61 0 0
258 61 0 0
259 61 0 0
259 61 0 1
259 61 0 0
****************260 61 0 0
261 61 0 0
262 61 0 0
263 61 0 0
264 61 0 0
265 61 0 0
266 61 0 0
267 61 0 0
268 61 0 0
269 61 0 0
270 61 0 0
271 61 0 0
271 61 0 1
271 61 0 0
****************272 61 0 0
273 61 0 0
274 61 0 0
275 61 0 0
276 61 0 0
277 61 0 0
278 61 0 0
279 61 0 0
280 61 0 0
281 61 0 0
282 61 0 0
283 61 0 0
284 61 0 0
284 61 0 1
284 61 0 0
******************285 61 0 0
286 61 0 0
287 61 0 0
288 61 0 0
289 61 0 0
290 61 0 0
291 61 0 0
292 61 0 0
293 61 0 0
294 61 0 0
295 61 0 0
296 61 0 0
297 61 0 0
298 61 0 0
298 61 0 1
298 61 0 0
******************299 61 0 0
300 61 0 0
301 61 0 0
302 61 0 0
303 61 0 0
304 61 0 0
305 61 0 0
306 61 0 0
307 61 0 0
308 61 0 0
309 61 0 0
310 61 0 0
311 61 0 0
312 61 0 0
312 61 0 1
312 61 0 0
*****************313 61 0 0
314 61 0 0
315 61 0 0
316 61 0 0
317 61 0 0
318 61 0 0
319 61 0 0
320 61 0 0
321 61 0 0
322 61 0 0
323 61 0 0
324 61 0 0
325 61 0 0
326 61 0 0
************************327 61 0 0
328 61 0 0
329 61 0 0
330 61 0 0
331 61 0 0
332 61 0 0
333 61 0 0
334 61 0 0
335 61 0 0
336 61 0 0
337 61 0 0
338 61 0 0
339 61 0 0
340 61 0 0
341 61 0 0
************************************************************************************************************************************************************************************************************************************************************************************************************************