1448989676
0
2
0
132 268 0 0
0 0 0 0
132 268 0 0
0 0 0 0
132 268 0 0
0 0 0 0
132 268 0 0
0 0 0 0
132 268 0 0
0 0 0 0
132 268 0 0
0 0 0 0
132 268 0 0
0 0 0 0
132 268 0 0
0 0 0 0
132 268 0 0
0 0 0 0
132 268 0 0
0 0 0 0
132 268 0 0
0 0 0 0
132 268 0 0
0 0 0 0
132 268 0 0
0 0 0 0
132 268 0 0
0 0 0 0
132 268 0 0
0 0 0 0
132 268 0 0
0 0 0 0
132 268 0 0
0 0 0 0
132 268 0 0
0 0 0 0
132 268 0 0
0 0 0 0
132 268 0 0
0 0 0 0
132 268 0 0
0 0 0 0
132 268 0 0
0 0 0 0
132 268 0 0
0 0 0 0
132 268 0 0
0 0 0 0
132 268 0 0
0 0 0 0
132 268 0 0
0 0 0 0
132 268 0 0
0 0 0 0
132 268 0 0
0 0 0 0
132 268 0 0
0 0 0 0
132 268 0 0
0 0 0 0
132 268 0 0
0 0 0 0
132 268 0 0
0 0 0 0
132 268 0 0
0 0 0 0
132 268 0 0
0 0 0 0
132 268 0 0
0 0 0 0
132 268 0 0
0 0 0 0
132 268 0 0
0 0 0 0
132 268 0 0
0 0 0 0
132 268 0 0
0 0 0 0
132 268 0 0
0 0 0 0
132 268 0 0
0 0 0 0
132 268 0 0
0 0 0 0
132 268 0 0
0 0 0 0
132 268 0 0
0 0 0 0
132 268 0 0
0 0 0 0
132 268 0 0
0 0 0 0
132 268 0 0
0 0 0 0
132 268 0 0
0 0 0 0
132 268 0 0
0 0 0 0
132 268 0 0
0 0 0 0
132 268 0 0
0 0 0 0
132 268 0 0
0 0 0 0
132 268 0 0
0 0 0 0
132 268 0 0
0 0 0 0
132 268 0 0
0 0 0 0
132 268 0 0
0 0 0 0
132 268 0 0
0 0 0 0
132 268 0 0
0 0 0 0
132 268 0 0
0 0 0 0
132 268 0 0
0 0 0 0
132 268 0 0
0 0 0 0
132 268 0 0
0 0 0 0
132 268 0 0
0 0 0 0
132 268 0 0
0 0 0 0
132 268 0 0
0 0 0 0
132 268 0 0
0 0 0 0
132 268 0 0
0 0 0 0
132 270 0 0
0 0 0 0
132 272 0 0
0 0 0 0
132 274 0 0
0 0 0 0
132 276 0 0
0 0 0 0
132 278 0 0
0 0 0 0
132 280 0 0
0 0 0 0
132 282 0 0
0 0 0 0
132 284 0 0
0 0 0 0
132 286 0 0
0 0 0 0
132 288 0 0
0 0 0 0
132 290 0 0
0 0 0 0
132 292 0 0
0 0 0 0
132 294 0 0
0 0 0 0
132 296 0 0
0 0 0 0
132 298 0 0
0 0 0 0
132 300 0 0
0 0 0 0
132 302 0 0
0 0 0 0
132 304 0 0
0 0 0 0
132 306 0 0
0 0 0 0
132 308 0 0
0 0 0 0
132 310 0 0
0 0 0 0
132 312 0 0
0 0 0 0
132 314 0 0
0 0 0 0
132 316 0 0
0 0 0 0
132 318 0 0
0 0 0 0
132 320 0 0
0 0 0 0
132 322 0 0
0 0 0 0
132 324 0 0
0 0 0 0
132 326 0 0
0 0 0 0
132 328 0 0
0 0 0 0
132 330 0 0
0 0 0 0
132 332 0 0
0 0 0 0
132 334 0 0
0 0 0 0
132 336 0 0
0 0 0 0
134 338 0 0
0 0 0 0
136 340 0 0
0 0 0 0
138 342 0 0
0 0 0 0
140 344 0 0
0 0 0 0
142 346 0 0
0 0 0 0
144 348 0 0
0 0 0 0
146 350 0 0
0 0 0 0
148 352 0 0
0 0 0 0
150 354 0 0
0 0 0 0
150 356 0 1
0 0 0 0
150 358 0 0
0 0 0 0
150 360 0 0
0 0 0 0
150 362 0 0
0 0 0 0
150 364 0 0
0 0 0 0
150 366 0 0
0 0 0 0
150 368 0 0
0 0 0 0
150 370 0 0
0 0 0 0
152 372 0 0
0 0 0 0
154 374 0 0
0 0 0 0
156 376 0 0
0 0 0 0
158 378 0 0
0 0 0 0
160 380 0 0
0 0 0 0
162 382 0 0
0 0 0 0
164 384 0 0
0 0 0 0
166 386 0 0
0 0 0 0
166 388 0 1
0 0 0 0
166 390 0 0
0 0 0 0
166 392 0 0
0 0 0 0
166 394 0 0
0 0 0 0
166 396 0 0
0 0 0 0
166 398 0 0
0 0 0 0
166 400 0 0
0 0 0 0
168 402 0 0
0 0 0 0
170 404 0 0
0 0 0 0
172 406 0 0
0 0 0 0
174 408 0 0
0 0 0 0
176 410 0 0
0 0 0 0
178 412 0 0
0 0 0 0
180 414 0 0
0 0 0 0
182 416 0 0
0 0 0 0
184 418 0 0
0 0 0 0
184 420 0 1
0 0 0 0
184 422 0 0
0 0 0 0
184 424 0 0
0 0 0 0
184 426 0 0
0 0 0 0
184 428 0 0
0 0 0 0
184 430 0 0
0 0 0 0
184 432 0 0
0 0 0 0
186 434 0 0
0 0 0 0
188 436 0 0
0 0 0 0
190 438 0 0
0 0 0 0
192 440 0 0
0 0 0 0
194 442 0 0
0 0 0 0
196 442 0 0
0 0 0 0
198 442 0 0
0 0 0 0
200 442 0 0
0 0 0 0
202 442 0 0
0 0 0 0
204 440 0 0
0 0 0 0
206 438 0 0
0 0 0 0
208 436 0 0
0 0 0 0
210 434 0 0
0 0 0 0
210 432 0 1
0 0 0 0
210 430 0 0
0 0 0 0
210 428 0 0
0 0 0 0
210 426 0 0
0 0 0 0
212 424 0 0
0 0 0 0
214 422 0 0
0 0 0 0
216 420 0 0
0 0 0 0
218 418 0 0
0 0 0 0
220 416 0 0
0 0 0 0
222 414 0 0
0 0 0 0
224 412 0 0
0 0 0 0
226 410 0 0
0 0 0 0
226 408 0 1
0 0 0 0
226 406 0 0
0 0 0 0
226 404 0 0
0 0 0 0
226 402 0 0
0 0 0 0
226 400 0 0
0 0 0 0
228 398 0 0
0 0 0 0
230 396 0 0
0 0 0 0
232 394 0 0
0 0 0 0
234 392 0 0
0 0 0 0
236 390 0 0
0 0 0 0
238 388 0 0
0 0 0 0
240 386 0 0
0 0 0 0
242 384 0 0
0 0 0 0
244 382 0 0
0 0 0 0
246 380 0 0
0 0 0 0
248 378 0 0
0 0 0 0
248 376 0 0
0 0 0 0
248 374 0 0
0 0 0 0
248 372 0 0
0 0 0 0
248 370 0 0
0 0 0 0
248 368 0 0
0 0 0 0
248 366 0 0
0 0 0 0
248 364 0 0
0 0 0 0
248 362 0 0
0 0 0 0
246 360 0 0
0 0 0 0
244 358 0 0
0 0 0 0
242 356 0 0
0 0 0 0
240 354 0 0
0 0 0 0
238 352 0 0
0 0 0 0
236 350 0 0
0 0 0 0
234 348 0 0
0 0 0 0
232 346 0 0
0 0 0 0
230 344 0 0
0 0 0 0
228 342 0 0
0 0 0 0
226 340 0 0
0 0 0 0
224 338 0 0
0 0 0 0
222 336 0 0
0 0 0 0
220 334 0 0
0 0 0 0
218 332 0 0
0 0 0 0
216 330 0 0
0 0 0 0
216 328 0 0
0 0 0 0
216 326 0 0
0 0 0 0
216 324 0 0
0 0 0 0
216 322 0 0
0 0 0 0
216 320 0 0
0 0 0 0
216 318 0 0
0 0 0 0
216 316 0 0
0 0 0 0
216 314 0 0
0 0 0 0
214 312 0 0
0 0 0 0
212 310 0 0
0 0 0 0
210 308 0 0
0 0 0 0
208 306 0 0
0 0 0 0
206 304 0 0
0 0 0 0
204 302 0 0
0 0 0 0
202 300 0 0
0 0 0 0
200 298 0 0
0 0 0 0
198 296 0 0
0 0 0 0
196 294 0 0
0 0 0 0
194 292 0 0
0 0 0 0
192 290 0 0
0 0 0 0
190 288 0 0
0 0 0 0
190 286 0 0
0 0 0 0
190 284 0 0
0 0 0 0
190 282 0 0
0 0 0 0
190 280 0 0
0 0 0 0
190 278 0 0
0 0 0 0
190 276 0 0
0 0 0 0
190 274 0 0
0 0 0 0
190 272 0 0
0 0 0 0
190 270 0 0
0 0 0 0
190 268 0 0
0 0 0 0
190 266 0 0
0 0 0 0
192 264 0 0
0 0 0 0
194 262 0 0
0 0 0 0
196 260 0 0
0 0 0 0
198 258 0 0
0 0 0 0
200 256 0 0
0 0 0 0
202 254 0 0
0 0 0 0
204 252 0 0
0 0 0 0
206 250 0 0
0 0 0 0
208 248 0 0
0 0 0 0
208 246 0 1
0 0 0 0
208 244 0 0
0 0 0 0
208 242 0 0
0 0 0 0
208 240 0 0
0 0 0 0
208 238 0 0
0 0 0 0
208 236 0 0
0 0 0 0
208 234 0 0
0 0 0 0
208 232 0 0
0 0 0 0
210 230 0 0
0 0 0 0
212 228 0 0
0 0 0 0
214 226 0 0
0 0 0 0
216 224 0 0
0 0 0 0
218 222 0 0
0 0 0 0
220 220 0 0
0 0 0 0
222 218 0 0
0 0 0 0
224 216 0 0
0 0 0 0
226 214 0 0
0 0 0 0
226 212 0 1
0 0 0 0
226 210 0 0
0 0 0 0
226 208 0 0
0 0 0 0
226 206 0 0
0 0 0 0
226 204 0 0
0 0 0 0
226 202 0 0
0 0 0 0
226 200 0 0
0 0 0 0
228 198 0 0
0 0 0 0
230 196 0 0
0 0 0 0
232 194 0 0
0 0 0 0
234 192 0 0
0 0 0 0
236 190 0 0
0 0 0 0
238 188 0 0
0 0 0 0
240 186 0 0
0 0 0 0
242 184 0 0
0 0 0 0
244 182 0 0
0 0 0 0
246 180 0 0
0 0 0 0
248 178 0 0
0 0 0 0
248 176 0 1
0 0 0 0
248 174 0 0
0 0 0 0
248 172 0 0
0 0 0 0
248 170 0 0
0 0 0 0
248 168 0 0
0 0 0 0
248 166 0 0
0 0 0 0
250 164 0 0
0 0 0 0
252 162 0 0
0 0 0 0
254 160 0 0
0 0 0 0
256 158 0 0
0 0 0 0
258 158 0 0
0 0 0 0
260 158 0 0
0 0 0 0
262 158 0 0
0 0 0 0
264 158 0 0
0 0 0 0
266 158 0 0
0 0 0 0
266 158 0 1
0 0 0 0
266 158 0 0
0 0 0 0
266 158 0 0
0 0 0 0
266 158 0 0
0 0 0 0
266 158 0 0
0 0 0 0
266 158 0 0
0 0 0 0
268 158 0 0
0 0 0 0
270 158 0 0
0 0 0 0
272 158 0 0
0 0 0 0
274 158 0 0
0 0 0 0
276 158 0 0
0 0 0 0
278 156 0 0
0 0 0 0
280 154 0 0
0 0 0 0
282 152 0 0
0 0 0 0
284 150 0 0
0 0 0 0
284 148 0 1
0 0 0 0
284 146 0 0
0 0 0 0
284 144 0 0
0 0 0 0
284 142 0 0
0 0 0 0
284 140 0 0
0 0 0 0
284 138 0 0
0 0 0 0
284 136 0 0
0 0 0 0
286 134 0 0
0 0 0 0
288 132 0 0
0 0 0 0
290 130 0 0
0 0 0 0
292 128 0 0
0 0 0 0
294 126 0 0
0 0 0 0
296 124 0 0
0 0 0 0
298 124 0 0
0 0 0 0
300 124 0 0
0 0 0 0
302 124 0 0
0 0 0 0
304 124 0 0
0 0 0 0
306 124 0 0
0 0 0 0
308 124 0 0
0 0 0 0
310 124 0 0
0 0 0 0
310 124 0 1
0 0 0 0
310 124 0 0
0 0 0 0
310 124 0 0
0 0 0 0
310 124 0 0
0 0 0 0
310 124 0 0
0 0 0 0
310 124 0 0
0 0 0 0
310 124 0 0
0 0 0 0
310 124 0 0
0 0 0 0
310 124 0 0
0 0 0 0
310 124 0 0
0 0 0 0
310 124 0 0
0 0 0 0
310 124 0 0
0 0 0 0
312 124 0 0
0 0 0 0
314 124 0 0
0 0 0 0
316 124 0 0
0 0 0 0
318 124 0 0
0 0 0 0
320 124 0 0
0 0 0 0
322 124 0 0
0 0 0 0
324 124 0 0
0 0 0 0
326 124 0 0
0 0 0 0
328 124 0 0
0 0 0 0
330 124 0 0
0 0 0 0
332 124 0 0
0 0 0 0
334 124 0 0
0 0 0 0
336 124 0 0
0 0 0 0
338 124 0 0
0 0 0 0
340 124 0 0
0 0 0 0
342 124 0 0
0 0 0 0
344 124 0 0
0 0 0 0
346 124 0 0
0 0 0 0
348 124 0 0
0 0 0 0
348 124 0 1
0 0 0 0
348 124 0 0
0 0 0 0
348 124 0 0
0 0 0 0
348 124 0 0
0 0 0 0
348 124 0 0
0 0 0 0
348 124 0 0
0 0 0 0
348 124 0 0
0 0 0 0
348 124 0 0
0 0 0 0
348 124 0 0
0 0 0 0
348 124 0 0
0 0 0 0
348 124 0 0
0 0 0 0
348 124 0 0
0 0 0 0
348 124 0 0
0 0 0 0
348 124 0 0
0 0 0 0
348 124 0 0
0 0 0 0
348 124 0 0
0 0 0 0
348 124 0 0
0 0 0 0
348 124 0 0
0 0 0 0
348 126 0 0
0 0 0 0
348 128 0 0
0 0 0 0
348 130 0 0
0 0 0 0
348 132 0 0
0 0 0 0
348 134 0 0
0 0 0 0
348 136 0 0
0 0 0 0
348 138 0 0
0 0 0 0
348 140 0 0
0 0 0 0
348 142 0 0
0 0 0 0
348 144 0 0
0 0 0 0
348 146 0 0
0 0 0 0
348 148 0 0
0 0 0 0
348 150 0 0
0 0 0 0
348 152 0 0
0 0 0 0
348 154 0 0
0 0 0 0
348 156 0 0
0 0 0 0
348 158 0 0
0 0 0 0
348 160 0 0
0 0 0 0
348 162 0 0
0 0 0 0
348 164 0 0
0 0 0 0
348 166 0 0
0 0 0 0
348 168 0 0
0 0 0 0
348 170 0 0
0 0 0 0
348 172 0 0
0 0 0 0
348 174 0 0
0 0 0 0
348 176 0 0
0 0 0 0
348 178 0 0
0 0 0 0
348 180 0 0
0 0 0 0
348 182 0 0
0 0 0 0
348 184 0 0
0 0 0 0
348 186 0 0
0 0 0 0
348 188 0 0
0 0 0 0
348 190 0 0
0 0 0 0
348 192 0 0
0 0 0 0
348 194 0 0
0 0 0 0
348 196 0 0
0 0 0 0
348 198 0 0
0 0 0 0
348 200 0 0
0 0 0 0
348 202 0 0
0 0 0 0
348 204 0 0
0 0 0 0
348 206 1 0
0 0 0 0
348 208 0 0
0 0 0 0
348 210 0 0
0 0 0 0
348 212 0 0
0 0 0 0
348 214 0 0
0 0 0 0
348 216 0 0
0 0 0 0
348 218 0 0
0 0 0 0
348 218 0 0
0 0 0 0
348 218 0 0
0 0 0 0
348 218 0 0
0 0 0 0
348 218 0 0
0 0 0 0
348 218 0 0
0 0 0 0
348 218 0 0
0 0 0 0
348 218 0 0
0 0 0 0
348 218 0 0
0 0 0 0
348 218 0 0
0 0 0 0
348 218 0 0
0 0 0 0
348 218 0 0
0 0 0 0
348 218 0 0
0 0 0 0
348 218 0 0
0 0 0 0
348 218 0 0
0 0 0 0
348 218 0 0
0 0 0 0
348 218 0 0
0 0 0 0
348 218 0 0
0 0 0 0
348 218 0 0
0 0 0 0
348 218 0 0
0 0 0 0
348 218 0 0
0 0 0 0
348 218 0 0
0 0 0 0
348 218 0 0
0 0 0 0
348 218 0 0
0 0 0 0
348 218 0 0
0 0 0 0
348 218 0 0
0 0 0 0
348 218 0 0
0 0 0 0
348 218 0 0
0 0 0 0
348 218 0 0
0 0 0 0
348 218 0 0
0 0 0 0
348 218 0 0
0 0 0 0
348 218 0 0
0 0 0 0
348 218 0 0
0 0 0 0
348 218 0 0
0 0 0 0
348 218 0 0
0 0 0 0
348 218 0 0
0 0 0 0
348 218 0 0
0 0 0 0
348 218 0 0
0 0 0 0
348 218 0 0
0 0 0 0
348 218 0 0
0 0 0 0
348 218 0 0
0 0 0 0
348 218 0 0
0 0 0 0
348 218 0 0
0 0 0 0
348 218 0 0
0 0 0 0
348 218 0 0
0 0 0 0
348 218 0 0
0 0 0 0
348 218 0 0
0 0 0 0
348 218 0 0
0 0 0 0
348 218 0 0
0 0 0 0
348 218 0 0
0 0 0 0
348 218 0 0
0 0 0 0
348 218 0 0
0 0 0 0
348 218 0 0
0 0 0 0
348 218 0 0
0 0 0 0
348 218 0 0
0 0 0 0
348 218 0 0
0 0 0 0
348 218 0 0
0 0 0 0
348 218 0 0
0 0 0 0
348 218 0 0
0 0 0 0
348 218 0 0
0 0 0 0
348 218 0 0
0 0 0 0
348 218 0 0
0 0 0 0
348 218 0 0
0 0 0 0
348 218 0 0
0 0 0 0
348 218 1 0
0 0 0 0
348 218 0 0
0 0 0 0
348 218 0 0
0 0 0 0
348 218 0 0
0 0 0 0
348 218 0 0
0 0 0 0
348 218 0 0
0 0 0 0
348 218 0 0
0 0 0 0
348 218 0 0
0 0 0 0
348 218 0 0
0 0 0 0
348 218 0 0
0 0 0 0
348 218 0 0
0 0 0 0
348 218 0 0
0 0 0 0
348 218 0 0
0 0 0 0
348 218 0 0
0 0 0 0
348 218 0 0
0 0 0 0
348 218 0 0
0 0 0 0
348 218 0 0
0 0 0 0
348 218 0 0
0 0 0 0
348 218 0 0
0 0 0 0
348 218 0 0
0 0 0 0
348 218 0 0
0 0 0 0
348 218 0 0
0 0 0 0
348 218 0 0
0 0 0 0
348 218 0 0
0 0 0 0
348 218 0 0
0 0 0 0
348 218 0 0
0 0 0 0
348 218 0 0
0 0 0 0
348 218 0 0
0 0 0 0
348 218 0 0
0 0 0 0
348 218 0 0
0 0 0 0
348 218 0 0
0 0 0 0
348 218 0 0
0 0 0 0
348 218 0 0
0 0 0 0
348 218 0 0
0 0 0 0
348 218 0 0
0 0 0 0
348 218 0 0
0 0 0 0
348 218 0 0
0 0 0 0
348 218 0 0
0 0 0 0
348 218 0 0
0 0 0 0
348 218 0 0
0 0 0 0
348 218 0 0
0 0 0 0
348 218 0 0
0 0 0 0
348 218 0 0
0 0 0 0
348 218 0 0
0 0 0 0
348 218 0 0
0 0 0 0
348 218 0 0
0 0 0 0
348 218 0 0
0 0 0 0
348 218 0 0
0 0 0 0
348 218 0 0
0 0 0 0
348 218 0 0
0 0 0 0
348 218 0 0
0 0 0 0
348 218 0 0
0 0 0 0
348 218 0 0
0 0 0 0
348 218 0 0
0 0 0 0
348 218 0 0
0 0 0 0
348 218 0 0
0 0 0 0
348 218 0 0
0 0 0 0
348 218 0 0
0 0 0 0
348 218 0 0
0 0 0 0
348 218 0 0
0 0 0 0
348 218 0 0
0 0 0 0
348 218 0 0
0 0 0 0
348 218 0 0
0 0 0 0
348 218 0 0
0 0 0 0
348 218 0 0
0 0 0 0
348 218 0 0
0 0 0 0
348 218 0 0
0 0 0 0
348 218 0 0
0 0 0 0
348 218 0 0
0 0 0 0
348 218 0 0
0 0 0 0
348 218 0 0
0 0 0 0
348 218 0 0
0 0 0 0
348 218 0 0
0 0 0 0
348 218 0 0
0 0 0 0
348 218 0 0
0 0 0 0
348 218 1 0
0 0 0 0
348 218 0 0
0 0 0 0
348 218 0 0
0 0 0 0
348 218 0 0
0 0 0 0
348 218 0 0
0 0 0 0
348 218 0 0
0 0 0 0
348 218 0 0
0 0 0 0
348 218 0 0
0 0 0 0
348 218 0 0
0 0 0 0
348 218 0 0
0 0 0 0
348 218 0 0
0 0 0 0
348 218 0 0
0 0 0 0
348 218 0 0
0 0 0 0
348 218 0 0
0 0 0 0
348 218 0 0
0 0 0 0
348 218 0 0
0 0 0 0
348 218 0 0
0 0 0 0
348 218 0 0
0 0 0 0
348 218 0 0
0 0 0 0
348 218 0 0
0 0 0 0
348 218 0 0
0 0 0 0
348 218 0 0
0 0 0 0
348 218 0 0
0 0 0 0
348 218 0 0
0 0 0 0
348 218 0 0
0 0 0 0
348 218 0 0
0 0 0 0
348 218 0 0
0 0 0 0
348 218 0 0
0 0 0 0
348 218 0 0
0 0 0 0
348 218 0 0
0 0 0 0
348 218 0 0
0 0 0 0
348 218 0 0
0 0 0 0
348 218 0 0
0 0 0 0
348 218 0 0
0 0 0 0
348 218 0 0
0 0 0 0
348 218 0 0
0 0 0 0
348 218 0 0
0 0 0 0
348 218 0 0
0 0 0 0
348 218 0 0
0 0 0 0
348 218 0 0
0 0 0 0
348 218 0 0
0 0 0 0
348 218 0 0
0 0 0 0
348 218 0 0
0 0 0 0
348 218 0 0
0 0 0 0
348 218 0 0
0 0 0 0
348 218 0 0
0 0 0 0
348 218 0 0
0 0 0 0
348 218 0 0
0 0 0 0
348 218 0 0
0 0 0 0
348 218 0 0
0 0 0 0
348 218 0 0
0 0 0 0
348 218 0 0
0 0 0 0
348 218 0 0
0 0 0 0
348 218 0 0
0 0 0 0
348 218 0 0
0 0 0 0
348 218 0 0
0 0 0 0
348 218 0 0
0 0 0 0
348 218 0 0
0 0 0 0
348 218 0 0
0 0 0 0
348 218 0 0
0 0 0 0
348 218 0 0
0 0 0 0
348 218 0 0
0 0 0 0
348 218 0 0
0 0 0 0
348 218 0 0
0 0 0 0
348 218 0 0
0 0 0 0
348 218 0 0
0 0 0 0
348 218 0 0
0 0 0 0
348 218 0 0
0 0 0 0
348 218 0 0
0 0 0 0
348 218 0 0
0 0 0 0
348 218 0 0
0 0 0 0
348 218 0 0
0 0 0 0
348 218 0 0
0 0 0 0
348 218 0 0
0 0 0 0
348 218 0 0
0 0 0 0
348 218 0 0
0 0 0 0
348 218 0 0
0 0 0 0
348 218 0 0
0 0 0 0
348 218 0 0
0 0 0 0
348 218 0 0
0 0 0 0
348 218 0 0
0 0 0 0
348 218 0 0
0 0 0 0
348 218 0 0
0 0 0 0
348 218 0 0
0 0 0 0
348 218 0 0
0 0 0 0
348 218 0 0
0 0 0 0
348 218 0 0
0 0 0 0
348 218 0 0
0 0 0 0
348 218 0 0
0 0 0 0
348 218 0 0
0 0 0 0
348 218 0 0
0 0 0 0
348 218 0 0
0 0 0 0
348 218 0 0
0 0 0 0
348 218 1 0
0 0 0 0
348 218 0 0
0 0 0 0
348 218 0 0
0 0 0 0
348 218 0 0
0 0 0 0
348 218 0 0
0 0 0 0
348 218 0 0
0 0 0 0
348 218 0 0
0 0 0 0
348 218 0 0
0 0 0 0
348 218 0 0
0 0 0 0
348 218 0 0
0 0 0 0
348 218 0 0
0 0 0 0
348 218 0 0
0 0 0 0
348 218 0 0
0 0 0 0
348 218 0 0
0 0 0 0
348 218 0 0
0 0 0 0
348 218 0 0
0 0 0 0
348 218 0 0
0 0 0 0
348 218 0 0
0 0 0 0
348 218 0 0
0 0 0 0
348 218 0 0
0 0 0 0
348 218 0 0
0 0 0 0
348 218 0 0
0 0 0 0
348 218 0 0
0 0 0 0
348 218 0 0
0 0 0 0
348 218 0 0
0 0 0 0
348 218 0 0
0 0 0 0
348 218 0 0
0 0 0 0
348 218 0 0
0 0 0 0
348 218 0 0
0 0 0 0
348 218 0 0
0 0 0 0
348 218 0 0
0 0 0 0
348 218 0 0
0 0 0 0
348 218 0 0
0 0 0 0
348 218 0 0
0 0 0 0
348 218 0 0
0 0 0 0
348 218 0 0
0 0 0 0
348 218 0 0
0 0 0 0
348 218 0 0
0 0 0 0
348 218 0 0
0 0 0 0
348 218 0 0
0 0 0 0
348 218 0 0
0 0 0 0
348 218 0 0
0 0 0 0
348 218 0 0
0 0 0 0
348 218 0 0
0 0 0 0
348 218 0 0
0 0 0 0
348 218 0 0
0 0 0 0
348 218 0 0
0 0 0 0
348 218 0 0
0 0 0 0
348 218 0 0
0 0 0 0
348 218 0 0
0 0 0 0
348 218 0 0
0 0 0 0
348 218 0 0
0 0 0 0
348 218 0 0
0 0 0 0
348 218 0 0
0 0 0 0
348 218 0 0
0 0 0 0
348 218 0 0
0 0 0 0
348 218 0 0
0 0 0 0
348 218 0 0
0 0 0 0
348 218 0 0
0 0 0 0
348 218 0 0
0 0 0 0
348 218 0 0
0 0 0 0
348 218 0 0
0 0 0 0
348 218 0 0
0 0 0 0
348 218 0 0
0 0 0 0
348 218 0 0
0 0 0 0
348 218 0 0
0 0 0 0
348 218 0 0
0 0 0 0
348 218 0 0
0 0 0 0
348 218 0 0
0 0 0 0
348 218 0 0
0 0 0 0
348 218 0 0
0 0 0 0
348 218 0 0
0 0 0 0
348 218 0 0
0 0 0 0
348 218 0 0
0 0 0 0
348 218 0 0
0 0 0 0
348 218 0 0
0 0 0 0
348 218 0 0
0 0 0 0
348 218 0 0
0 0 0 0
348 218 0 0
0 0 0 0
348 218 0 0
0 0 0 0
348 218 0 0
0 0 0 0
348 218 0 0
0 0 0 0
348 218 0 0
0 0 0 0
348 218 0 0
0 0 0 0
348 218 0 0
0 0 0 0
348 218 0 0
0 0 0 0
348 218 0 0
0 0 0 0
348 218 0 0
0 0 0 0
348 216 0 0
0 0 0 0
348 214 0 0
0 0 0 0
348 212 0 0
0 0 0 0
348 210 0 0
0 0 0 0
348 208 0 0
0 0 0 0
348 206 0 0
0 0 0 0
348 204 1 0
0 0 0 0
348 202 0 0
0 0 0 0
348 200 0 0
0 0 0 0
348 198 0 0
0 0 0 0
348 196 0 0
0 0 0 0
348 194 0 0
0 0 0 0
348 192 0 0
0 0 0 0
348 190 0 0
0 0 0 0
348 188 0 0
0 0 0 0
348 188 0 0
0 0 0 0
348 188 0 0
0 0 0 0
348 188 0 0
0 0 0 0
348 188 0 0
0 0 0 0
348 188 0 0
0 0 0 0
348 188 0 0
0 0 0 0
348 188 0 0
0 0 0 0
348 188 0 0
0 0 0 0
348 188 0 0
0 0 0 0
348 188 0 0
0 0 0 0
348 188 0 0
0 0 0 0
348 188 0 0
0 0 0 0
348 188 0 0
0 0 0 0
348 188 0 0
0 0 0 0
348 188 0 0
0 0 0 0
348 188 0 0
0 0 0 0
348 188 0 0
0 0 0 0
348 188 0 0
0 0 0 0
348 188 0 0
0 0 0 0
348 188 0 0
0 0 0 0
348 188 0 0
0 0 0 0
348 188 0 0
0 0 0 0
348 188 0 0
0 0 0 0
348 188 0 0
0 0 0 0
348 188 0 0
0 0 0 0
348 188 0 0
0 0 0 0
348 188 0 0
0 0 0 0
348 188 0 0
0 0 0 0
348 188 0 0
0 0 0 0
348 188 0 0
0 0 0 0
346 188 0 0
0 0 0 0
344 188 0 0
0 0 0 0
342 188 0 0
0 0 0 0
340 188 0 0
0 0 0 0
338 186 0 0
0 0 0 0
336 184 0 0
0 0 0 0
334 182 0 0
0 0 0 0
332 180 0 0
0 0 0 0
330 178 0 0
0 0 0 0
328 176 0 0
0 0 0 0
326 174 0 0
0 0 0 0
324 172 0 0
0 0 0 0
322 170 0 0
0 0 0 0
320 168 0 0
0 0 0 0
318 166 0 0
0 0 0 0
316 164 0 0
0 0 0 0
314 162 0 0
0 0 0 0
312 160 0 0
0 0 0 0
310 158 0 0
0 0 0 0
308 156 0 0
0 0 0 0
306 154 0 0
0 0 0 0
304 152 0 0
0 0 0 0
302 150 0 0
0 0 0 0
300 148 0 0
0 0 0 0
298 146 0 0
0 0 0 0
296 144 0 0
0 0 0 0
294 142 0 0
0 0 0 0
292 140 0 0
0 0 0 0
290 138 0 0
0 0 0 0
288 136 0 0
0 0 0 0
286 134 0 0
0 0 0 0
284 132 0 0
0 0 0 0
282 130 0 0
0 0 0 0
280 128 0 0
0 0 0 0
278 126 0 0
0 0 0 0
276 124 0 0
0 0 0 0
274 122 0 0
0 0 0 0
272 120 0 0
0 0 0 0
270 118 0 0
0 0 0 0
268 116 0 0
0 0 0 0
266 114 0 0
0 0 0 0
264 112 0 0
0 0 0 0
262 110 0 0
0 0 0 0
260 108 0 0
0 0 0 0
258 106 0 0
0 0 0 0
258 104 0 0
0 0 0 0
258 102 0 0
0 0 0 0
258 100 0 0
0 0 0 0
258 98 0 0
0 0 0 0
258 96 0 0
0 0 0 0
258 94 0 0
0 0 0 0
258 92 0 0
0 0 0 0
258 90 0 0
0 0 0 0
258 88 0 0
0 0 0 0
260 86 0 0
0 0 0 0
262 84 0 0
0 0 0 0
264 82 0 0
0 0 0 0
266 80 0 0
0 0 0 0
268 78 0 0
0 0 0 0
270 76 0 0
0 0 0 0
272 74 0 0
0 0 0 0
274 72 0 0
0 0 0 0
276 70 0 0
0 0 0 0
278 68 0 0
0 0 0 0
280 66 0 0
0 0 0 0
280 64 0 1
0 0 0 0
280 62 0 0
0 0 0 0
280 60 0 0
0 0 0 0
280 58 0 0
0 0 0 0
280 56 0 0
0 0 0 0
280 56 0 0
0 0 0 0
280 56 0 0
0 0 0 0
280 56 0 0
0 0 0 0
280 56 0 0
0 0 0 0
280 56 0 0
0 0 0 0
282 56 0 0
0 0 0 0
284 56 0 0
0 0 0 0
286 56 0 0
0 0 0 0
288 56 0 0
0 0 0 0
288 56 0 1
0 0 0 0
288 56 0 0
0 0 0 0
288 56 0 0
0 0 0 0
288 56 0 0
0 0 0 0
288 56 0 0
0 0 0 0
288 56 0 0
0 0 0 0
288 56 0 0
0 0 0 0
288 56 0 0
0 0 0 0
290 56 0 0
0 0 0 0
292 56 0 0
0 0 0 0
294 56 0 0
0 0 0 0
296 56 0 0
0 0 0 0
298 56 0 0
0 0 0 0
300 56 0 0
0 0 0 0
302 56 0 0
0 0 0 0
304 56 0 0
0 0 0 0
304 56 0 1
0 0 0 0
304 56 0 0
0 0 0 0
304 56 0 0
0 0 0 0
304 56 0 0
0 0 0 0
304 56 0 0
0 0 0 0
304 56 0 0
0 0 0 0
306 56 0 0
0 0 0 0
308 56 0 0
0 0 0 0
310 56 0 0
0 0 0 0
312 56 0 0
0 0 0 0
314 56 0 0
0 0 0 0
316 56 0 0
0 0 0 0
318 56 0 0
0 0 0 0
320 56 0 0
0 0 0 0
322 56 0 0
0 0 0 0
324 56 0 0
0 0 0 0
326 56 0 0
0 0 0 0
328 56 0 0
0 0 0 0
330 56 0 0
0 0 0 0
332 56 0 0
0 0 0 0
334 56 0 0
0 0 0 0
336 56 0 0
0 0 0 0
338 56 0 0
0 0 0 0
340 56 0 0
0 0 0 0
342 56 0 0
0 0 0 0
344 56 0 0
0 0 0 0
346 56 0 0
0 0 0 0
348 56 0 0
0 0 0 0
348 56 0 1
0 0 0 0
348 56 0 0
0 0 0 0
348 56 0 0
0 0 0 0
348 56 0 0
0 0 0 0
348 56 0 0
0 0 0 0
348 56 0 0
0 0 0 0
348 56 0 0
0 0 0 0
348 56 0 0
0 0 0 0
348 56 0 0
0 0 0 0
348 56 0 0
0 0 0 0
348 56 0 0
0 0 0 0
348 56 0 0
0 0 0 0
348 56 0 0
0 0 0 0
348 56 0 0
0 0 0 0
348 56 0 0
0 0 0 0
348 56 0 0
0 0 0 0
348 56 0 0
0 0 0 0
348 56 0 0
0 0 0 0
348 56 0 0
0 0 0 0
348 56 0 0
0 0 0 0
348 56 0 0
0 0 0 0
348 56 0 0
0 0 0 0
348 56 0 0
0 0 0 0
348 56 1 0
0 0 0 0
348 56 0 0
0 0 0 0
348 56 0 0
0 0 0 0
348 56 0 0
0 0 0 0
348 56 0 0
0 0 0 0
348 56 0 0
0 0 0 0
348 56 0 0
0 0 0 0
348 56 0 0
0 0 0 0
348 56 0 0
0 0 0 0
348 56 0 0
0 0 0 0
348 56 0 0
0 0 0 0
348 56 0 0
0 0 0 0
348 56 0 0
0 0 0 0
348 56 0 0
0 0 0 0
348 56 0 0
0 0 0 0
348 56 0 0
0 0 0 0
348 56 0 0
0 0 0 0
348 56 0 0
0 0 0 0
348 56 0 0
0 0 0 0
348 56 0 0
0 0 0 0
348 56 0 0
0 0 0 0
348 56 0 0
0 0 0 0
348 56 0 0
0 0 0 0
348 56 0 0
0 0 0 0
348 56 0 0
0 0 0 0
348 56 0 0
0 0 0 0
348 56 0 0
0 0 0 0
348 56 0 0
0 0 0 0
348 56 0 0
0 0 0 0
348 56 0 0
0 0 0 0
348 56 0 0
0 0 0 0
348 56 0 0
0 0 0 0
348 56 0 0
0 0 0 0
348 56 0 0
0 0 0 0
348 56 0 0
0 0 0 0
348 56 0 0
0 0 0 0
348 56 0 0
0 0 0 0
348 56 0 0
0 0 0 0
348 56 0 0
0 0 0 0
348 56 0 0
0 0 0 0
348 56 0 0
0 0 0 0
348 56 0 0
0 0 0 0
348 56 0 0
0 0 0 0
348 56 0 0
0 0 0 0
348 56 0 0
0 0 0 0
348 56 0 0
0 0 0 0
348 56 0 0
0 0 0 0
348 56 0 0
0 0 0 0
348 56 0 0
0 0 0 0
348 56 0 0
0 0 0 0
348 56 0 0
0 0 0 0
348 56 0 0
0 0 0 0
348 56 0 0
0 0 0 0
348 56 0 0
0 0 0 0
348 56 0 0
0 0 0 0
348 56 0 0
0 0 0 0
348 56 0 0
0 0 0 0
348 56 0 0
0 0 0 0
348 56 0 0
0 0 0 0
348 56 0 0
0 0 0 0
348 56 0 0
0 0 0 0
348 56 1 0
0 0 0 0
348 56 0 0
0 0 0 0
348 56 0 0
0 0 0 0
348 56 0 0
0 0 0 0
348 56 0 0
0 0 0 0
348 56 0 0
0 0 0 0
348 56 0 0
0 0 0 0
348 56 0 0
0 0 0 0
348 56 0 0
0 0 0 0
348 56 0 0
0 0 0 0
348 56 0 0
0 0 0 0
348 56 0 0
0 0 0 0
348 56 0 0
0 0 0 0
348 56 0 0
0 0 0 0
348 56 0 0
0 0 0 0
348 56 0 0
0 0 0 0
348 56 0 0
0 0 0 0
348 56 0 0
0 0 0 0
348 56 0 0
0 0 0 0
348 56 0 0
0 0 0 0
348 56 0 0
0 0 0 0
348 56 0 0
0 0 0 0
348 56 0 0
0 0 0 0
348 56 0 0
0 0 0 0
348 56 0 0
0 0 0 0
348 56 0 0
0 0 0 0
348 56 0 0
0 0 0 0
348 56 0 0
0 0 0 0
348 56 0 0
0 0 0 0
348 56 0 0
0 0 0 0
348 56 0 0
0 0 0 0
348 56 0 0
0 0 0 0
348 56 0 0
0 0 0 0
348 58 0 0
0 0 0 0
348 60 0 0
0 0 0 0
348 62 0 0
0 0 0 0
348 64 0 0
0 0 0 0
348 66 0 0
0 0 0 0
348 68 0 0
0 0 0 0
348 70 0 0
0 0 0 0
348 72 0 0
0 0 0 0
348 74 0 0
0 0 0 0
348 76 0 0
0 0 0 0
348 78 0 0
0 0 0 0
348 80 0 0
0 0 0 0
348 82 0 0
0 0 0 0
348 84 0 0
0 0 0 0
348 86 0 0
0 0 0 0
348 88 0 0
0 0 0 0
348 90 0 0
0 0 0 0
348 92 0 0
0 0 0 0
348 94 0 0
0 0 0 0
348 96 0 0
0 0 0 0
348 98 0 0
0 0 0 0
348 100 0 0
0 0 0 0
348 102 0 0
0 0 0 0
348 104 0 0
0 0 0 0
348 106 0 0
0 0 0 0
348 108 0 0
0 0 0 0
348 110 0 0
0 0 0 0
348 112 0 0
0 0 0 0
348 114 0 0
0 0 0 0
348 116 0 0
0 0 0 0
348 118 0 0
0 0 0 0
348 120 0 0
0 0 0 0
348 122 0 0
0 0 0 0
348 124 0 0
0 0 0 0
348 126 0 0
0 0 0 0
348 128 0 0
0 0 0 0
348 130 0 0
0 0 0 0
348 132 0 0
0 0 0 0
348 134 0 0
0 0 0 0
348 136 0 0
0 0 0 0
348 138 0 0
0 0 0 0
348 140 0 0
0 0 0 0
348 142 0 0
0 0 0 0
348 144 0 0
0 0 0 0
348 146 0 0
0 0 0 0
348 148 0 0
0 0 0 0
348 148 0 0
0 0 0 0
348 148 0 0
0 0 0 0
348 148 0 0
0 0 0 0
348 148 0 0
0 0 0 0
348 148 1 0
0 0 0 0
348 148 0 0
0 0 0 0
348 148 0 0
0 0 0 0
348 148 0 0
0 0 0 0
348 148 0 0
0 0 0 0
348 148 0 0
0 0 0 0
348 148 0 0
0 0 0 0
348 148 0 0
0 0 0 0
348 148 0 0
0 0 0 0
348 148 0 0
0 0 0 0
348 148 0 0
0 0 0 0
348 148 0 0
0 0 0 0
348 148 0 0
0 0 0 0
348 148 0 0
0 0 0 0
348 148 0 0
0 0 0 0
348 148 0 0
0 0 0 0
348 148 0 0
0 0 0 0
348 148 0 0
0 0 0 0
348 148 0 0
0 0 0 0
348 148 0 0
0 0 0 0
348 148 0 0
0 0 0 0
348 148 0 0
0 0 0 0
348 148 0 0
0 0 0 0
348 148 0 0
0 0 0 0
348 148 0 0
0 0 0 0
348 148 0 0
0 0 0 0
348 148 0 0
0 0 0 0
348 148 0 0
0 0 0 0
348 148 0 0
0 0 0 0
348 148 0 0
0 0 0 0
348 148 0 0
0 0 0 0
348 148 0 0
0 0 0 0
348 148 0 0
0 0 0 0
348 148 0 0
0 0 0 0
348 148 0 0
0 0 0 0
348 148 0 0
0 0 0 0
348 148 0 0
0 0 0 0
348 148 0 0
0 0 0 0
348 148 0 0
0 0 0 0
348 148 0 0
0 0 0 0
348 148 0 0
0 0 0 0
348 148 0 0
0 0 0 0
348 148 0 0
0 0 0 0
348 148 0 0
0 0 0 0
348 148 0 0
0 0 0 0
348 148 0 0
0 0 0 0
348 148 0 0
0 0 0 0
348 148 0 0
0 0 0 0
348 148 0 0
0 0 0 0
348 148 0 0
0 0 0 0
348 148 0 0
0 0 0 0
348 148 0 0
0 0 0 0
348 148 0 0
0 0 0 0
348 148 0 0
0 0 0 0
348 148 0 0
0 0 0 0
348 148 0 0
0 0 0 0
348 148 0 0
0 0 0 0
348 148 0 0
0 0 0 0
348 148 0 0
0 0 0 0
348 148 0 0
0 0 0 0
348 148 0 0
0 0 0 0
348 148 0 0
0 0 0 0
348 148 0 0
0 0 0 0
348 148 0 0
0 0 0 0
348 148 0 0
0 0 0 0
348 148 0 0
0 0 0 0
348 148 0 0
0 0 0 0
348 148 0 0
0 0 0 0
348 148 0 0
0 0 0 0
348 148 0 0
0 0 0 0
348 148 0 0
0 0 0 0
348 148 0 0
0 0 0 0
348 148 0 0
0 0 0 0
348 148 0 0
0 0 0 0
348 148 1 0
0 0 0 0
348 148 0 0
0 0 0 0
348 148 0 0
0 0 0 0
348 148 0 0
0 0 0 0
348 148 0 0
0 0 0 0
348 148 0 0
0 0 0 0
348 148 0 0
0 0 0 0
348 148 0 0
0 0 0 0
348 148 0 0
0 0 0 0
348 148 0 0
0 0 0 0
348 148 0 0
0 0 0 0
348 148 0 0
0 0 0 0
348 148 0 0
0 0 0 0
348 148 0 0
0 0 0 0
348 148 0 0
0 0 0 0
348 148 0 0
0 0 0 0
348 148 0 0
0 0 0 0
348 148 0 0
0 0 0 0
348 148 0 0
0 0 0 0
348 148 0 0
0 0 0 0
348 148 0 0
0 0 0 0
348 148 0 0
0 0 0 0
348 150 0 0
0 0 0 0
348 152 0 0
0 0 0 0
348 154 0 0
0 0 0 0
348 156 0 0
0 0 0 0
348 158 0 0
0 0 0 0
348 160 0 0
0 0 0 0
348 162 0 0
0 0 0 0
348 164 0 0
0 0 0 0
348 166 0 0
0 0 0 0
348 168 0 0
0 0 0 0
348 170 0 0
0 0 0 0
348 172 0 0
0 0 0 0
348 174 0 0
0 0 0 0
348 176 0 0
0 0 0 0
348 178 0 0
0 0 0 0
348 180 0 0
0 0 0 0
348 182 0 0
0 0 0 0
348 184 0 0
0 0 0 0
348 186 0 0
0 0 0 0
348 188 0 0
0 0 0 0
348 188 0 0
0 0 0 0
348 188 0 0
0 0 0 0
348 188 0 0
0 0 0 0
348 188 0 0
0 0 0 0
348 188 0 0
0 0 0 0
348 188 0 0
0 0 0 0
348 188 0 0
0 0 0 0
348 188 0 0
0 0 0 0
348 188 0 0
0 0 0 0
348 188 0 0
0 0 0 0
348 188 0 0
0 0 0 0
348 188 0 0
0 0 0 0
348 188 0 0
0 0 0 0
348 188 0 0
0 0 0 0
348 188 0 0
0 0 0 0
348 188 1 0
0 0 0 0
348 188 0 0
0 0 0 0
348 188 0 0
0 0 0 0
348 188 0 0
0 0 0 0
348 188 0 0
0 0 0 0
348 188 0 0
0 0 0 0
348 188 0 0
0 0 0 0
348 188 0 0
0 0 0 0
348 188 0 0
0 0 0 0
348 188 0 0
0 0 0 0
348 188 0 0
0 0 0 0
348 188 0 0
0 0 0 0
348 188 0 0
0 0 0 0
348 188 0 0
0 0 0 0
348 188 0 0
0 0 0 0
348 188 0 0
0 0 0 0
348 188 0 0
0 0 0 0
348 188 0 0
0 0 0 0
348 188 0 0
0 0 0 0
348 186 0 0
0 0 0 0
348 184 0 0
0 0 0 0
348 182 0 0
0 0 0 0
348 180 0 0
0 0 0 0
348 178 0 0
0 0 0 0
348 176 0 0
0 0 0 0
348 174 0 0
0 0 0 0
348 172 0 0
0 0 0 0
348 170 0 0
0 0 0 0
348 168 0 0
0 0 0 0
348 166 0 0
0 0 0 0
348 164 0 0
0 0 0 0
348 162 0 0
0 0 0 0
348 160 0 0
0 0 0 0
348 158 0 0
0 0 0 0
348 156 0 0
0 0 0 0
348 154 0 0
0 0 0 0
348 152 0 0
0 0 0 0
348 150 0 0
0 0 0 0
350 148 0 0
0 0 0 0
352 146 0 0
0 0 0 0
354 144 0 0
0 0 0 0
356 142 0 0
0 0 0 0
358 140 0 0
0 0 0 0
360 138 0 0
0 0 0 0
362 136 0 0
0 0 0 0
364 134 0 0
0 0 0 0
366 132 0 0
0 0 0 0
368 130 0 0
0 0 0 0
370 130 0 0
0 0 0 0
372 130 0 0
0 0 0 0
374 130 0 0
0 0 0 0
376 130 0 0
0 0 0 0
378 130 0 0
0 0 0 0
378 130 0 1
0 0 0 0
378 130 0 0
0 0 0 0
378 130 0 0
0 0 0 0
378 130 0 0
0 0 0 0
378 130 0 0
0 0 0 0
378 130 0 0
0 0 0 0
378 130 0 0
0 0 0 0
378 130 0 0
0 0 0 0
378 130 0 0
0 0 0 0
378 130 0 0
0 0 0 0
378 130 0 0
0 0 0 0
378 130 0 0
0 0 0 0
380 130 0 0
0 0 0 0
382 130 0 0
0 0 0 0
384 130 0 0
0 0 0 0
386 130 0 0
0 0 0 0
388 130 0 0
0 0 0 0
390 130 0 0
0 0 0 0
392 128 0 0
0 0 0 0
394 126 0 0
0 0 0 0
396 124 0 0
0 0 0 0
398 122 0 0
0 0 0 0
400 120 0 0
0 0 0 0
400 118 0 0
0 0 0 0
400 116 0 0
0 0 0 0
400 114 0 1
0 0 0 0
400 112 0 0
0 0 0 0
400 110 0 0
0 0 0 0
400 108 0 0
0 0 0 0
400 106 0 0
0 0 0 0
400 104 0 0
0 0 0 0
400 102 0 0
0 0 0 0
400 100 0 0
0 0 0 0
400 98 0 0
0 0 0 0
400 96 0 0
0 0 0 0
400 94 0 0
0 0 0 0
400 92 0 0
0 0 0 0
400 90 0 0
0 0 0 0
400 88 0 0
0 0 0 0
400 86 0 0
0 0 0 0
400 84 0 0
0 0 0 0
400 82 0 0
0 0 0 0
400 80 0 0
0 0 0 0
400 80 0 0
0 0 0 0
400 80 0 0
0 0 0 0
400 80 0 0
0 0 0 0
400 80 0 0
0 0 0 0
400 80 1 0
0 0 0 0
400 80 0 0
0 0 0 0
400 80 0 0
0 0 0 0
400 80 0 0
0 0 0 0
400 80 0 0
0 0 0 0
400 80 0 0
0 0 0 0
400 80 0 0
0 0 0 0
400 80 0 0
0 0 0 0
400 80 0 0
0 0 0 0
400 80 0 0
0 0 0 0
400 80 0 0
0 0 0 0
400 80 0 0
0 0 0 0
400 80 0 0
0 0 0 0
400 80 0 0
0 0 0 0
400 80 0 0
0 0 0 0
400 80 0 0
0 0 0 0
400 80 0 0
0 0 0 0
400 80 0 0
0 0 0 0
400 80 0 0
0 0 0 0
400 80 0 0
0 0 0 0
400 80 0 0
0 0 0 0
400 80 0 0
0 0 0 0
400 80 0 0
0 0 0 0
400 80 0 0
0 0 0 0
400 80 0 0
0 0 0 0
400 80 0 0
0 0 0 0
400 80 0 0
0 0 0 0
400 80 0 0
0 0 0 0
400 80 0 0
0 0 0 0
400 80 0 0
0 0 0 0
400 80 0 0
0 0 0 0
400 80 0 0
0 0 0 0
400 80 0 0
0 0 0 0
400 80 0 0
0 0 0 0
400 80 0 0
0 0 0 0
400 80 0 0
0 0 0 0
400 80 0 0
0 0 0 0
400 80 0 0
0 0 0 0
400 80 0 0
0 0 0 0
400 80 0 0
0 0 0 0
400 80 0 0
0 0 0 0
400 80 0 0
0 0 0 0
400 80 0 0
0 0 0 0
400 80 0 0
0 0 0 0
400 80 0 0
0 0 0 0
400 80 0 0
0 0 0 0
400 80 0 0
0 0 0 0
400 80 0 0
0 0 0 0
400 80 0 0
0 0 0 0
400 80 0 0
0 0 0 0
400 80 0 0
0 0 0 0
400 80 0 0
0 0 0 0
400 80 0 0
0 0 0 0
400 80 0 0
0 0 0 0
400 80 0 0
0 0 0 0
400 80 0 0
0 0 0 0
400 80 0 0
0 0 0 0
400 80 0 0
0 0 0 0
400 80 0 0
0 0 0 0
400 80 0 0
0 0 0 0
400 80 0 0
0 0 0 0
400 80 0 0
0 0 0 0
400 80 0 0
0 0 0 0
400 80 0 0
0 0 0 0
400 80 0 0
0 0 0 0
400 80 0 0
0 0 0 0
400 80 0 0
0 0 0 0
400 80 0 0
0 0 0 0
400 80 0 0
0 0 0 0
400 80 0 0
0 0 0 0
400 80 0 0
0 0 0 0
400 80 0 0
0 0 0 0
400 80 0 0
0 0 0 0
400 80 0 0
0 0 0 0
400 82 0 0
0 0 0 0
400 84 0 0
0 0 0 0
400 86 0 0
0 0 0 0
400 88 0 0
0 0 0 0
400 90 0 0
0 0 0 0
400 92 0 0
0 0 0 0
400 94 0 0
0 0 0 0
400 96 0 0
0 0 0 0
400 98 0 0
0 0 0 0
400 100 0 0
0 0 0 0
400 102 0 0
0 0 0 0
400 104 0 0
0 0 0 0
400 106 0 0
0 0 0 0
400 108 0 0
0 0 0 0
400 110 0 0
0 0 0 0
400 112 0 0
0 0 0 0
400 114 0 0
0 0 0 0
400 116 0 0
0 0 0 0
400 118 0 0
0 0 0 0
400 120 0 0
0 0 0 0
400 122 0 0
0 0 0 0
400 122 0 0
0 0 0 0
400 122 0 0
0 0 0 0
400 122 0 0
0 0 0 0
400 122 0 0
0 0 0 0
400 122 0 0
0 0 0 0
400 122 0 0
0 0 0 0
400 122 0 0
0 0 0 0
400 122 0 0
0 0 0 0
400 122 1 0
0 0 0 0
400 122 0 0
0 0 0 0
400 122 0 0
0 0 0 0
400 122 0 0
0 0 0 0
400 122 0 0
0 0 0 0
400 122 0 0
0 0 0 0
400 122 0 0
0 0 0 0
400 122 0 0
0 0 0 0
400 122 0 0
0 0 0 0
400 122 0 0
0 0 0 0
400 122 0 0
0 0 0 0
400 122 0 0
0 0 0 0
400 122 0 0
0 0 0 0
400 122 0 0
0 0 0 0
400 122 0 0
0 0 0 0
400 122 0 0
0 0 0 0
400 122 0 0
0 0 0 0
400 122 0 0
0 0 0 0
400 122 0 0
0 0 0 0
400 122 0 0
0 0 0 0
400 122 0 0
0 0 0 0
400 122 0 0
0 0 0 0
400 122 0 0
0 0 0 0
400 122 0 0
0 0 0 0
400 122 0 0
0 0 0 0
400 122 0 0
0 0 0 0
400 122 0 0
0 0 0 0
400 122 0 0
0 0 0 0
400 122 0 0
0 0 0 0
400 122 0 0
0 0 0 0
400 122 0 0
0 0 0 0
400 122 0 0
0 0 0 0
400 122 0 0
0 0 0 0
400 122 0 0
0 0 0 0
400 122 0 0
0 0 0 0
400 122 0 0
0 0 0 0
400 122 0 0
0 0 0 0
400 122 0 0
0 0 0 0
400 122 0 0
0 0 0 0
400 122 0 0
0 0 0 0
400 122 0 0
0 0 0 0
400 122 0 0
0 0 0 0
400 122 0 0
0 0 0 0
400 122 0 0
0 0 0 0
400 122 0 0
0 0 0 0
400 122 0 0
0 0 0 0
400 122 0 0
0 0 0 0
400 122 0 0
0 0 0 0
400 122 0 0
0 0 0 0
400 122 0 0
0 0 0 0
400 122 0 0
0 0 0 0
400 122 0 0
0 0 0 0
400 122 0 0
0 0 0 0
400 122 0 0
0 0 0 0
400 122 0 0
0 0 0 0
400 122 0 0
0 0 0 0
400 122 0 0
0 0 0 0
400 122 0 0
0 0 0 0
400 122 0 0
0 0 0 0
400 122 0 0
0 0 0 0
400 122 0 0
0 0 0 0
400 122 0 0
0 0 0 0
400 122 0 0
0 0 0 0
400 122 0 0
0 0 0 0
400 122 0 0
0 0 0 0
400 122 0 0
0 0 0 0
400 122 0 0
0 0 0 0
400 122 0 0
0 0 0 0
400 122 0 0
0 0 0 0
400 122 0 0
0 0 0 0
400 122 0 0
0 0 0 0
400 124 0 0
0 0 0 0
400 126 0 0
0 0 0 0
400 128 0 0
0 0 0 0
400 130 0 0
0 0 0 0
400 132 0 0
0 0 0 0
398 134 0 0
0 0 0 0
396 136 0 0
0 0 0 0
394 138 0 0
0 0 0 0
392 140 0 0
0 0 0 0
390 142 0 0
0 0 0 0
388 144 0 0
0 0 0 0
386 146 0 0
0 0 0 0
384 148 0 0
0 0 0 0
382 150 0 0
0 0 0 0
380 152 0 0
0 0 0 0
378 154 0 0
0 0 0 0
376 156 0 0
0 0 0 0
374 158 0 0
0 0 0 0
372 160 0 0
0 0 0 0
370 162 0 0
0 0 0 0
368 164 0 0
0 0 0 0
366 166 0 0
0 0 0 0
364 168 0 0
0 0 0 0
362 170 0 0
0 0 0 0
360 172 0 0
0 0 0 0
358 174 0 0
0 0 0 0
356 176 0 0
0 0 0 0
354 178 0 0
0 0 0 0
352 180 0 0
0 0 0 0
350 182 0 0
0 0 0 0
348 184 0 0
0 0 0 0
346 186 0 0
0 0 0 0
344 188 0 0
0 0 0 0
342 190 0 0
0 0 0 0
340 192 0 0
0 0 0 0
338 194 0 0
0 0 0 0
336 196 0 0
0 0 0 0
334 198 0 0
0 0 0 0
332 200 0 0
0 0 0 0
330 202 0 0
0 0 0 0
328 202 0 0
0 0 0 0
326 202 0 0
0 0 0 0
324 202 0 0
0 0 0 0
322 202 0 0
0 0 0 0
320 202 0 0
0 0 0 0
318 202 0 0
0 0 0 0
316 202 0 0
0 0 0 0
316 202 0 0
0 0 0 0
316 202 0 0
0 0 0 0
316 202 0 0
0 0 0 0
316 202 0 0
0 0 0 0
316 202 0 0
0 0 0 0
316 202 0 0
0 0 0 0
316 202 0 0
0 0 0 0
316 202 0 0
0 0 0 0
316 202 0 0
0 0 0 0
316 202 0 0
0 0 0 0
318 202 0 0
0 0 0 0
320 202 0 0
0 0 0 0
322 202 0 0
0 0 0 0
324 202 0 0
0 0 0 0
326 202 0 0
0 0 0 0
328 202 0 0
0 0 0 0
330 202 0 0
0 0 0 0
332 202 0 0
0 0 0 0
334 202 0 0
0 0 0 0
334 202 0 1
0 0 0 0
334 202 0 0
0 0 0 0
334 202 0 0
0 0 0 0
334 202 0 0
0 0 0 0
334 202 0 0
0 0 0 0
334 202 0 0
0 0 0 0
334 202 0 0
0 0 0 0
334 202 0 0
0 0 0 0
334 202 0 0
0 0 0 0
336 202 0 0
0 0 0 0
338 202 0 0
0 0 0 0
340 202 0 0
0 0 0 0
342 202 0 0
0 0 0 0
344 202 0 0
0 0 0 0
346 202 0 0
0 0 0 0
346 202 0 1
0 0 0 0
346 202 0 0
0 0 0 0
346 202 0 0
0 0 0 0
346 202 0 0
0 0 0 0
346 202 0 0
0 0 0 0
346 202 0 0
0 0 0 0
346 202 0 0
0 0 0 0
346 202 0 0
0 0 0 0
348 202 0 0
0 0 0 0
350 202 0 0
0 0 0 0
352 202 0 0
0 0 0 0
354 202 0 0
0 0 0 0
356 202 0 0
0 0 0 0
358 202 0 0
0 0 0 0
360 202 0 0
0 0 0 0
362 202 0 0
0 0 0 0
362 202 0 1
0 0 0 0
362 202 0 0
0 0 0 0
362 202 0 0
0 0 0 0
362 202 0 0
0 0 0 0
362 202 0 0
0 0 0 0
362 204 0 0
0 0 0 0
362 206 0 0
0 0 0 0
362 208 0 0
0 0 0 0
362 210 0 0
0 0 0 0
362 212 0 0
0 0 0 0
364 214 0 0
0 0 0 0
366 216 0 0
0 0 0 0
368 218 0 0
0 0 0 0
370 220 0 0
0 0 0 0
372 222 0 0
0 0 0 0
374 224 0 0
0 0 0 0
376 226 0 0
0 0 0 0
376 228 0 1
0 0 0 0
376 230 0 0
0 0 0 0
376 232 0 0
0 0 0 0
376 234 0 0
0 0 0 0
376 234 0 0
0 0 0 0
376 234 0 0
0 0 0 0
376 234 0 0
0 0 0 0
376 234 0 0
0 0 0 0
376 234 0 0
0 0 0 0
378 234 0 0
0 0 0 0
380 234 0 0
0 0 0 0
382 234 0 0
0 0 0 0
384 234 0 0
0 0 0 0
386 234 0 0
0 0 0 0
388 234 0 0
0 0 0 0
390 234 0 0
0 0 0 0
390 234 0 1
0 0 0 0
390 234 0 0
0 0 0 0
390 234 0 0
0 0 0 0
390 234 0 0
0 0 0 0
390 234 0 0
0 0 0 0
390 234 0 0
0 0 0 0
390 234 0 0
0 0 0 0
390 234 0 0
0 0 0 0
390 232 0 0
0 0 0 0
390 230 0 0
0 0 0 0
390 228 0 0
0 0 0 0
390 226 0 0
0 0 0 0
390 224 0 0
0 0 0 0
390 222 0 0
0 0 0 0
390 220 0 0
0 0 0 0
390 218 0 0
0 0 0 0
390 216 0 0
0 0 0 0
390 214 0 0
0 0 0 0
390 212 0 0
0 0 0 0
390 210 0 0
0 0 0 0
390 208 0 0
0 0 0 0
390 206 0 0
0 0 0 0
390 204 0 0
0 0 0 0
390 202 0 0
0 0 0 0
390 200 0 0
0 0 0 0
390 198 0 0
0 0 0 0
390 196 0 0
0 0 0 0
390 194 0 0
0 0 0 0
390 192 0 0
0 0 0 0
390 190 0 0
0 0 0 0
390 188 0 0
0 0 0 0
390 186 0 0
0 0 0 0
390 184 1 0
0 0 0 0
390 182 0 0
0 0 0 0
390 180 0 0
0 0 0 0
390 178 0 0
0 0 0 0
390 178 0 0
0 0 0 0
390 178 0 0
0 0 0 0
390 178 0 0
0 0 0 0
390 178 0 0
0 0 0 0
390 178 0 0
0 0 0 0
392 178 0 0
0 0 0 0
394 178 0 0
0 0 0 0
396 178 0 0
0 0 0 0
398 178 0 0
0 0 0 0
400 178 0 0
0 0 0 0
400 178 0 0
0 0 0 0
400 178 0 0
0 0 0 0
400 178 0 0
0 0 0 0
400 180 0 0
0 0 0 0
400 182 0 0
0 0 0 0
400 184 0 0
0 0 0 0
400 186 0 0
0 0 0 0
400 188 0 1
0 0 0 0
400 190 0 0
0 0 0 0
400 192 0 0
0 0 0 0
400 194 0 0
0 0 0 0
400 196 0 0
0 0 0 0
400 198 0 0
0 0 0 0
400 200 0 0
0 0 0 0
400 202 0 0
0 0 0 0
400 204 0 0
0 0 0 0
400 206 0 0
0 0 0 0
400 208 0 0
0 0 0 0
400 210 0 0
0 0 0 0
400 212 0 0
0 0 0 0
400 214 0 0
0 0 0 0
400 216 0 0
0 0 0 0
400 218 0 0
0 0 0 0
400 220 0 0
0 0 0 0
400 222 0 0
0 0 0 0
400 224 0 0
0 0 0 0
400 226 0 0
0 0 0 0
400 228 0 0
0 0 0 0
400 230 0 0
0 0 0 0
400 232 0 0
0 0 0 0
400 234 0 0
0 0 0 0
400 236 0 0
0 0 0 0
400 238 0 0
0 0 0 0
400 240 0 0
0 0 0 0
400 242 0 0
0 0 0 0
400 244 0 0
0 0 0 0
400 246 0 0
0 0 0 0
400 248 0 0
0 0 0 0
400 250 0 0
0 0 0 0
400 252 0 0
0 0 0 0
400 254 0 1
0 0 0 0
400 256 0 0
0 0 0 0
400 258 0 0
0 0 0 0
400 260 0 0
0 0 0 0
400 262 0 0
0 0 0 0
400 264 0 0
0 0 0 0
400 266 0 0
0 0 0 0
400 268 0 0
0 0 0 0
400 270 0 0
0 0 0 0
400 272 0 0
0 0 0 0
400 274 0 0
0 0 0 0
400 276 0 0
0 0 0 0
400 278 0 1
0 0 0 0
400 280 0 0
0 0 0 0
400 282 0 0
0 0 0 0
400 284 0 0
0 0 0 0
400 284 0 0
0 0 0 0
400 284 0 0
0 0 0 0
400 284 0 0
0 0 0 0
400 284 0 0
0 0 0 0
400 282 0 0
0 0 0 0
400 280 0 0
0 0 0 0
400 278 0 0
0 0 0 0
400 276 0 0
0 0 0 0
400 274 0 0
0 0 0 0
400 272 0 0
0 0 0 0
400 270 0 0
0 0 0 0
400 268 0 0
0 0 0 0
400 266 0 0
0 0 0 0
400 264 0 0
0 0 0 0
400 262 0 1
0 0 0 0
400 260 0 0
0 0 0 0
400 258 0 0
0 0 0 0
400 256 0 0
0 0 0 0
400 254 0 0
0 0 0 0
400 252 0 0
0 0 0 0
400 250 0 0
0 0 0 0
400 248 0 0
0 0 0 0
400 246 0 0
0 0 0 0
400 244 0 0
0 0 0 0
400 242 0 0
0 0 0 0
400 240 0 0
0 0 0 0
400 238 0 0
0 0 0 0
400 236 0 0
0 0 0 0
400 234 0 0
0 0 0 0
400 232 0 1
0 0 0 0
400 230 0 0
0 0 0 0
400 228 0 0
0 0 0 0
400 226 0 0
0 0 0 0
400 224 0 0
0 0 0 0
400 222 0 0
0 0 0 0
400 220 0 0
0 0 0 0
400 218 0 0
0 0 0 0
400 216 0 0
0 0 0 0
400 214 0 0
0 0 0 0
400 212 0 0
0 0 0 0
400 210 0 0
0 0 0 0
400 208 0 0
0 0 0 0
400 206 0 0
0 0 0 0
400 204 0 0
0 0 0 0
400 202 0 0
0 0 0 0
400 200 0 1
0 0 0 0
400 198 0 0
0 0 0 0
400 196 0 0
0 0 0 0
400 194 0 0
0 0 0 0
400 192 0 0
0 0 0 0
400 190 0 0
0 0 0 0
400 188 0 0
0 0 0 0
400 186 0 0
0 0 0 0
400 184 0 0
0 0 0 0
400 182 0 0
0 0 0 0
400 180 0 0
0 0 0 0
400 178 0 0
0 0 0 0
400 176 0 0
0 0 0 0
400 174 0 0
0 0 0 0
400 172 0 0
0 0 0 0
400 170 0 0
0 0 0 0
400 168 0 1
0 0 0 0
400 166 0 0
0 0 0 0
400 164 0 0
0 0 0 0
400 162 0 0
0 0 0 0
400 160 0 0
0 0 0 0
400 158 0 0
0 0 0 0
400 156 0 0
0 0 0 0
400 154 0 0
0 0 0 0
400 152 0 0
0 0 0 0
400 150 0 0
0 0 0 0
400 148 0 0
0 0 0 0
400 146 0 0
0 0 0 0
400 144 0 0
0 0 0 0
400 144 0 0
0 0 0 0
400 144 0 0
0 0 0 0
400 144 0 0
0 0 0 0
400 144 0 0
0 0 0 0
400 144 0 0
0 0 0 0
400 144 0 1
0 0 0 0
400 144 0 0
0 0 0 0
400 144 0 0
0 0 0 0
400 144 0 0
0 0 0 0
400 144 0 0
0 0 0 0
400 144 0 0
0 0 0 0
400 144 0 0
0 0 0 0
400 144 0 0
0 0 0 0
400 144 0 0
0 0 0 0
400 144 0 0
0 0 0 0
400 144 0 0
0 0 0 0
400 144 0 0
0 0 0 0
400 144 0 0
0 0 0 0
400 144 0 1
0 0 0 0
400 144 0 0
0 0 0 0
400 144 0 0
0 0 0 0
400 144 0 0
0 0 0 0
400 144 0 0
0 0 0 0
400 144 0 0
0 0 0 0
400 144 0 0
0 0 0 0
400 144 0 0
0 0 0 0
400 144 0 0
0 0 0 0
400 144 0 0
0 0 0 0
400 144 0 0
0 0 0 0
400 144 0 0
0 0 0 0
400 144 0 0
0 0 0 0
400 144 0 0
0 0 0 0
400 144 0 0
0 0 0 0
400 144 0 0
0 0 0 0
400 144 0 1
0 0 0 0
400 144 0 0
0 0 0 0
400 144 0 0
0 0 0 0
400 144 0 0
0 0 0 0
400 144 0 0
0 0 0 0
400 144 0 0
0 0 0 0
400 144 0 0
0 0 0 0
400 144 0 0
0 0 0 0
400 144 0 0
0 0 0 0
400 144 0 0
0 0 0 0
400 144 0 0
0 0 0 0
400 144 0 0
0 0 0 0
400 144 0 0
0 0 0 0
400 144 0 0
0 0 0 0
400 144 0 0
0 0 0 0
400 144 0 0
0 0 0 0
400 144 0 0
0 0 0 0
400 144 0 0
0 0 0 0
400 144 0 0
0 0 0 0
400 144 0 0
0 0 0 0
400 142 0 0
0 0 0 0
400 140 0 0
0 0 0 0
400 138 0 0
0 0 0 0
400 136 0 0
0 0 0 0
400 134 0 1
0 0 0 0
400 132 0 0
0 0 0 0
400 130 0 0
0 0 0 0
400 128 0 0
0 0 0 0
400 126 0 0
0 0 0 0
400 124 0 0
0 0 0 0
400 122 0 0
0 0 0 0
400 120 0 0
0 0 0 0
400 118 0 0
0 0 0 0
400 116 0 0
0 0 0 0
400 114 0 0
0 0 0 0
400 114 0 0
0 0 0 0
400 114 0 0
0 0 0 0
400 114 0 0
0 0 0 0
400 114 0 0
0 0 0 0
400 114 0 0
0 0 0 0
400 114 0 0
0 0 0 0
400 114 0 0
0 0 0 0
400 114 0 0
0 0 0 0
400 114 0 0
0 0 0 0
400 114 0 0
0 0 0 0
400 114 0 0
0 0 0 0
400 114 0 0
0 0 0 0
400 114 0 0
0 0 0 0
400 114 0 0
0 0 0 0
400 114 0 0
0 0 0 0
400 114 0 1
0 0 0 0
400 114 0 0
0 0 0 0
400 114 0 0
0 0 0 0
400 114 0 0
0 0 0 0
400 114 0 0
0 0 0 0
400 114 0 0
0 0 0 0
400 114 0 0
0 0 0 0
400 114 0 0
0 0 0 0
400 114 0 0
0 0 0 0
400 114 0 0
0 0 0 0
400 114 0 0
0 0 0 0
400 114 0 0
0 0 0 0
400 114 0 0
0 0 0 0
400 114 0 0
0 0 0 0
400 114 0 0
0 0 0 0
400 114 0 0
0 0 0 0
400 114 0 0
0 0 0 0
400 114 0 0
0 0 0 0
400 114 0 0
0 0 0 0
400 114 0 1
0 0 0 0
400 114 0 0
0 0 0 0
400 114 0 0
0 0 0 0
400 114 0 0
0 0 0 0
400 114 0 0
0 0 0 0
400 114 0 0
0 0 0 0
400 114 0 0
0 0 0 0
400 114 0 0
0 0 0 0
400 114 0 0
0 0 0 0
400 114 0 0
0 0 0 0
400 114 0 0
0 0 0 0
400 114 0 0
0 0 0 0
400 114 0 0
0 0 0 0
400 114 0 0
0 0 0 0
400 114 0 0
0 0 0 0
400 114 0 0
0 0 0 0
400 114 0 0
0 0 0 0
400 114 0 0
0 0 0 0
400 114 0 0
0 0 0 0
400 114 0 0
0 0 0 0
400 114 0 0
0 0 0 0
400 114 0 0
0 0 0 0
400 114 0 0
0 0 0 0
400 114 0 0
0 0 0 0
400 114 0 0
0 0 0 0
400 114 0 0
0 0 0 0
400 114 0 0
0 0 0 0
400 114 0 0
0 0 0 0
400 114 0 0
0 0 0 0
400 114 0 0
0 0 0 0
400 114 0 0
0 0 0 0
400 112 0 0
0 0 0 0
400 110 0 0
0 0 0 0
400 108 0 0
0 0 0 0
400 106 0 0
0 0 0 0
400 104 0 0
0 0 0 0
400 102 0 0
0 0 0 0
400 100 0 0
0 0 0 0
400 98 0 0
0 0 0 0
400 96 0 0
0 0 0 0
400 94 0 0
0 0 0 0
400 92 0 0
0 0 0 0
400 90 0 0
0 0 0 0
400 88 0 0
0 0 0 0
400 88 0 0
0 0 0 0
400 88 0 0
0 0 0 0
400 88 0 0
0 0 0 0
400 88 0 0
0 0 0 0
400 88 0 0
0 0 0 0
400 88 0 0
0 0 0 0
400 88 0 0
0 0 0 0
400 88 0 0
0 0 0 0
400 88 0 0
0 0 0 0
400 88 0 0
0 0 0 0
400 88 0 0
0 0 0 0
400 88 0 0
0 0 0 0
400 88 0 0
0 0 0 0
400 88 0 0
0 0 0 0
398 88 0 0
0 0 0 0
396 88 0 0
0 0 0 0
394 88 0 0
0 0 0 0
392 88 0 0
0 0 0 0
390 88 0 0
0 0 0 0
388 88 0 0
0 0 0 0
386 88 0 0
0 0 0 0
384 88 0 0
0 0 0 0
382 88 0 0
0 0 0 0
380 88 0 0
0 0 0 0
378 88 0 0
0 0 0 0
376 88 0 0
0 0 0 0
374 88 0 0
0 0 0 0
372 88 0 0
0 0 0 0
370 88 0 0
0 0 0 0
368 88 0 0
0 0 0 0
366 88 0 0
0 0 0 0
364 88 0 0
0 0 0 0
362 88 0 0
0 0 0 0
360 88 0 0
0 0 0 0
358 88 0 0
0 0 0 0
356 88 0 0
0 0 0 0
354 88 0 0
0 0 0 0
352 88 0 0
0 0 0 0
350 88 0 0
0 0 0 0
348 88 0 0
0 0 0 0
346 88 0 0
0 0 0 0
344 88 0 0
0 0 0 0
342 88 0 0
0 0 0 0
340 88 0 0
0 0 0 0
338 88 0 0
0 0 0 0
336 88 0 0
0 0 0 0
334 88 0 0
0 0 0 0
332 88 0 0
0 0 0 0
330 88 0 0
0 0 0 0
328 88 0 0
0 0 0 0
326 88 0 0
0 0 0 0
324 88 0 0
0 0 0 0
322 88 0 0
0 0 0 0
320 88 0 0
0 0 0 0
318 88 0 0
0 0 0 0
316 88 0 0
0 0 0 0
314 88 0 0
0 0 0 0
312 88 0 0
0 0 0 0
310 88 0 0
0 0 0 0
308 88 0 0
0 0 0 0
306 88 0 0
0 0 0 0
304 88 0 0
0 0 0 0
302 88 0 0
0 0 0 0
300 88 0 0
0 0 0 0
298 88 0 0
0 0 0 0
296 88 0 0
0 0 0 0
294 88 0 0
0 0 0 0
292 88 0 0
0 0 0 0
290 88 0 0
0 0 0 0
288 88 0 0
0 0 0 0
286 88 0 0
0 0 0 0
284 88 0 0
0 0 0 0
282 88 0 0
0 0 0 0
280 88 0 0
0 0 0 0
278 88 0 0
0 0 0 0
276 88 0 0
0 0 0 0
274 88 0 0
0 0 0 0
272 88 0 0
0 0 0 0
270 88 0 0
0 0 0 0
268 88 0 0
0 0 0 0
266 88 0 0
0 0 0 0
264 88 0 0
0 0 0 0
262 88 0 0
0 0 0 0
260 88 0 0
0 0 0 0
258 88 0 0
0 0 0 0
256 88 0 0
0 0 0 0
254 88 0 0
0 0 0 0
252 88 0 0
0 0 0 0
250 88 0 0
0 0 0 0
248 88 0 0
0 0 0 0
246 88 0 0
0 0 0 0
244 88 0 0
0 0 0 0
242 88 0 0
0 0 0 0
242 88 0 0
0 0 0 0
242 88 0 0
0 0 0 0
242 88 0 0
0 0 0 0
242 88 0 0
0 0 0 0
242 88 0 0
0 0 0 0
242 88 0 0
0 0 0 0
242 88 0 0
0 0 0 0
242 88 0 0
0 0 0 0
242 88 0 0
0 0 0 0
242 88 0 0
0 0 0 0
242 88 0 0
0 0 0 0
242 88 0 0
0 0 0 0
242 88 0 0
0 0 0 0
242 88 0 0
0 0 0 0
242 88 0 0
0 0 0 0
242 88 0 0
0 0 0 0
242 88 0 0
0 0 0 0
242 88 0 0
0 0 0 0
242 88 0 0
0 0 0 0
242 88 0 0
0 0 0 0
242 88 0 0
0 0 0 0
242 88 0 0
0 0 0 0
242 88 0 0
0 0 0 0
242 88 0 0
0 0 0 0
242 88 0 0
0 0 0 0
242 88 0 0
0 0 0 0
242 88 0 0
0 0 0 0
242 88 0 0
0 0 0 0
242 88 0 0
0 0 0 0
242 88 0 0
0 0 0 0
242 88 0 0
0 0 0 0
242 88 0 0
0 0 0 0
242 88 0 0
0 0 0 0
242 88 0 0
0 0 0 0
242 88 0 0
0 0 0 0
242 88 0 0
0 0 0 0
242 88 0 0
0 0 0 0
242 88 0 0
0 0 0 0
242 88 0 0
0 0 0 0
242 88 0 0
0 0 0 0
242 88 0 0
0 0 0 0
242 88 0 0
0 0 0 0
242 88 0 0
0 0 0 0
242 88 0 0
0 0 0 0
242 88 0 0
0 0 0 0
242 88 0 0
0 0 0 0
242 88 0 0
0 0 0 0
242 88 0 0
0 0 0 0
242 88 0 0
0 0 0 0
242 88 0 0
0 0 0 0
242 88 0 0
0 0 0 0
242 88 0 0
0 0 0 0
242 88 0 0
0 0 0 0
242 88 0 0
0 0 0 0
242 88 0 0
0 0 0 0
242 88 0 0
0 0 0 0
242 88 0 0
0 0 0 0
242 88 0 0
0 0 0 0
242 88 0 0
0 0 0 0
242 88 0 0
0 0 0 0
242 88 0 0
0 0 0 0
242 88 0 0
0 0 0 0
242 88 0 0
0 0 0 0
242 88 0 0
0 0 0 0
242 88 0 0
0 0 0 0
242 88 0 0
0 0 0 0
242 88 0 0
0 0 0 0
242 88 0 0
0 0 0 0
242 88 0 0
0 0 0 0
242 88 0 0
0 0 0 0
242 88 0 0
0 0 0 0
242 88 0 0
0 0 0 0
242 88 0 0
0 0 0 0
242 88 0 0
0 0 0 0
242 88 0 0
0 0 0 0
242 88 0 0
0 0 0 0
242 88 0 0
0 0 0 0
242 88 0 0
0 0 0 0
242 88 0 0
0 0 0 0
242 88 0 0
0 0 0 0
242 88 0 0
0 0 0 0
242 88 0 0
0 0 0 0
242 88 0 0
0 0 0 0
242 88 0 0
0 0 0 0
242 88 0 0
0 0 0 0
242 88 0 0
0 0 0 0
242 88 0 0
0 0 0 0
242 88 0 0
0 0 0 0
242 88 0 0
0 0 0 0
242 88 0 0
0 0 0 0
242 88 0 0
0 0 0 0
242 88 0 0
0 0 0 0
242 88 0 0
0 0 0 0
242 88 0 0
0 0 0 0
242 88 0 0
0 0 0 0
242 88 0 0
0 0 0 0
242 88 0 0
0 0 0 0
242 88 0 0
0 0 0 0
242 88 0 0
0 0 0 0
242 88 0 0
0 0 0 0
242 88 0 0
0 0 0 0
242 88 0 0
0 0 0 0
242 88 0 0
0 0 0 0
242 88 0 0
0 0 0 0
242 88 0 0
0 0 0 0
242 88 0 0
0 0 0 0
242 88 0 0
0 0 0 0
242 88 0 0
0 0 0 0
242 88 0 0
0 0 0 0
242 88 0 0
0 0 0 0
242 88 0 0
0 0 0 0
242 88 0 0
0 0 0 0
242 88 0 0
0 0 0 0
242 88 0 0
0 0 0 0
242 88 0 0
0 0 0 0
242 88 0 0
0 0 0 0
242 88 0 0
0 0 0 0
242 88 0 0
0 0 0 0
242 88 0 0
0 0 0 0
242 88 0 0
0 0 0 0
242 88 0 0
0 0 0 0
242 88 0 0
0 0 0 0
242 88 0 0
0 0 0 0
242 88 0 0
0 0 0 0
242 88 0 0
0 0 0 0
242 88 0 0
0 0 0 0
242 88 0 0
0 0 0 0
242 88 0 0
0 0 0 0
242 88 0 0
0 0 0 0
242 88 0 0
0 0 0 0
242 88 0 0
0 0 0 0
242 88 0 0
0 0 0 0
242 88 0 0
0 0 0 0
242 88 0 0
0 0 0 0
242 88 0 0
0 0 0 0
242 88 0 0
0 0 0 0
242 88 0 0
0 0 0 0
242 88 0 0
0 0 0 0
242 88 0 0
0 0 0 0
242 88 0 0
0 0 0 0
242 88 0 0
0 0 0 0
242 88 0 0
0 0 0 0
242 88 0 0
0 0 0 0
242 88 0 0
0 0 0 0
242 88 0 0
0 0 0 0
242 88 0 0
0 0 0 0
240 88 0 0
0 0 0 0
238 88 0 0
0 0 0 0
236 88 0 0
0 0 0 0
234 88 0 0
0 0 0 0
232 88 0 0
0 0 0 0
230 88 0 0
0 0 0 0
228 88 0 0
0 0 0 0
226 88 0 0
0 0 0 0
224 88 0 0
0 0 0 0
222 88 0 0
0 0 0 0
220 88 0 0
0 0 0 0
218 88 0 0
0 0 0 0
216 88 0 0
0 0 0 0
214 88 0 0
0 0 0 0
212 88 0 0
0 0 0 0
210 88 0 0
0 0 0 0
208 88 0 0
0 0 0 0
206 88 0 0
0 0 0 0
204 88 0 0
0 0 0 0
202 88 0 0
0 0 0 0
200 88 0 0
0 0 0 0
198 88 0 0
0 0 0 0
196 88 0 0
0 0 0 0
194 88 0 0
0 0 0 0
192 88 0 0
0 0 0 0
190 88 0 0
0 0 0 0
188 88 0 0
0 0 0 0
186 88 0 0
0 0 0 0
184 88 0 0
0 0 0 0
182 88 0 0
0 0 0 0
180 88 0 0
0 0 0 0
178 88 0 0
0 0 0 0
176 88 0 0
0 0 0 0
174 88 0 0
0 0 0 0
172 88 0 0
0 0 0 0
170 88 0 0
0 0 0 0
168 88 0 0
0 0 0 0
166 88 0 0
0 0 0 0
164 88 0 0
0 0 0 0
162 88 0 0
0 0 0 0
160 88 0 0
0 0 0 0
158 88 0 0
0 0 0 0
156 88 0 0
0 0 0 0
154 88 0 0
0 0 0 0
152 88 0 0
0 0 0 0
150 88 0 0
0 0 0 0
148 88 0 0
0 0 0 0
146 88 0 0
0 0 0 0
144 88 0 0
0 0 0 0
142 88 0 0
0 0 0 0
140 88 0 0
0 0 0 0
140 88 0 0
0 0 0 0
140 88 0 0
0 0 0 0
140 88 0 0
0 0 0 0
140 88 0 0
0 0 0 0
140 88 0 0
0 0 0 0
140 88 0 0
0 0 0 0
140 88 0 0
0 0 0 0
140 88 0 0
0 0 0 0
140 88 0 0
0 0 0 0
140 88 0 0
0 0 0 0
140 88 0 0
0 0 0 0
140 88 0 0
0 0 0 0
140 88 0 0
0 0 0 0
140 88 0 0
0 0 0 0
140 88 0 0
0 0 0 0
138 88 0 1
0 0 0 0
136 88 0 0
0 0 0 0
134 88 0 0
0 0 0 0
132 88 0 0
0 0 0 0
130 88 0 0
0 0 0 0
128 88 0 0
0 0 0 0
126 88 0 0
0 0 0 0
124 88 0 0
0 0 0 0
122 88 0 0
0 0 0 0
120 88 0 0
0 0 0 0
118 88 0 0
0 0 0 0
118 88 0 0
0 0 0 0
118 88 0 0
0 0 0 0
118 88 0 0
0 0 0 0
118 88 0 0
0 0 0 0
118 88 0 0
0 0 0 0
118 88 0 0
0 0 0 0
118 88 0 0
0 0 0 0
118 88 0 0
0 0 0 0
118 88 0 0
0 0 0 0
116 88 0 1
0 0 0 0
114 88 0 0
0 0 0 0
112 88 0 0
0 0 0 0
110 88 0 0
0 0 0 0
108 88 0 0
0 0 0 0
106 88 0 0
0 0 0 0
104 88 0 0
0 0 0 0
102 88 0 0
0 0 0 0
100 88 0 0
0 0 0 0
98 88 0 0
0 0 0 0
96 88 0 0
0 0 0 0
94 88 0 0
0 0 0 0
92 88 0 0
0 0 0 0
90 88 0 0
0 0 0 0
88 88 0 0
0 0 0 0
86 88 0 0
0 0 0 0
86 88 0 0
0 0 0 0
86 88 0 0
0 0 0 0
86 88 0 0
0 0 0 0
86 88 0 0
0 0 0 0
86 88 0 0
0 0 0 0
86 88 0 0
0 0 0 0
86 88 0 0
0 0 0 0
86 88 0 0
0 0 0 0
86 88 0 0
0 0 0 0
86 88 0 0
0 0 0 0
86 88 0 0
0 0 0 0
86 88 0 0
0 0 0 0
86 88 0 0
0 0 0 0
86 88 0 0
0 0 0 0
86 88 0 0
0 0 0 0
86 88 0 0
0 0 0 0
88 88 0 0
0 0 0 0
90 88 0 0
0 0 0 0
92 88 0 0
0 0 0 0
94 88 0 0
0 0 0 0
96 88 0 0
0 0 0 0
98 88 0 0
0 0 0 0
100 86 0 0
0 0 0 0
102 84 0 0
0 0 0 0
104 82 0 0
0 0 0 0
106 80 0 0
0 0 0 0
108 78 0 0
0 0 0 0
110 76 0 0
0 0 0 0
112 74 0 0
0 0 0 0
114 72 0 0
0 0 0 0
116 70 0 0
0 0 0 0
118 68 0 0
0 0 0 0
120 66 0 0
0 0 0 0
122 64 0 0
0 0 0 0
124 62 0 0
0 0 0 0
126 60 0 0
0 0 0 0
128 58 0 0
0 0 0 0
130 56 0 0
0 0 0 0
132 54 0 0
0 0 0 0
134 52 0 0
0 0 0 0
136 50 0 0
0 0 0 0
138 48 0 0
0 0 0 0
140 46 0 0
0 0 0 0
142 44 0 0
0 0 0 0
144 42 0 0
0 0 0 0
146 40 0 0
0 0 0 0
148 38 0 0
0 0 0 0
150 36 0 0
0 0 0 0
152 34 0 0
0 0 0 0
154 34 0 0
0 0 0 0
156 34 0 0
0 0 0 0
158 34 0 0
0 0 0 0
160 34 0 0
0 0 0 0
162 34 0 0
0 0 0 0
164 34 0 0
0 0 0 0
166 34 0 0
0 0 0 0
168 34 0 0
0 0 0 0
170 34 0 0
0 0 0 0
172 34 0 0
0 0 0 0
174 34 0 0
0 0 0 0
176 34 0 0
0 0 0 0
178 34 0 0
0 0 0 0
180 34 0 0
0 0 0 0
182 34 0 0
0 0 0 0
184 34 0 0
0 0 0 0
186 34 0 0
0 0 0 0
188 34 0 0
0 0 0 0
188 34 0 1
0 0 0 0
188 34 0 0
0 0 0 0
188 34 0 0
0 0 0 0
188 34 0 0
0 0 0 0
188 34 0 0
0 0 0 0
188 34 0 0
0 0 0 0
188 34 0 0
0 0 0 0
188 34 0 0
0 0 0 0
188 34 0 0
0 0 0 0
188 34 0 0
0 0 0 0
188 34 0 0
0 0 0 0
188 34 0 0
0 0 0 0
188 34 0 0
0 0 0 0
188 34 0 0
0 0 0 0
188 36 0 0
0 0 0 0
188 38 0 0
0 0 0 0
188 40 0 0
0 0 0 0
188 42 0 0
0 0 0 0
188 44 0 0
0 0 0 0
188 46 0 0
0 0 0 0
188 48 0 0
0 0 0 0
188 50 0 0
0 0 0 0
188 52 0 0
0 0 0 0
188 54 0 0
0 0 0 0
188 56 0 0
0 0 0 0
188 58 0 0
0 0 0 0
188 60 0 0
0 0 0 0
188 62 0 0
0 0 0 0
188 64 0 0
0 0 0 0
188 66 0 0
0 0 0 0
188 68 1 0
0 0 0 0
188 70 0 0
0 0 0 0
188 72 0 0
0 0 0 0
188 74 0 0
0 0 0 0
188 76 0 0
0 0 0 0
188 76 0 0
0 0 0 0
188 76 0 0
0 0 0 0
188 76 0 0
0 0 0 0
188 76 0 0
0 0 0 0
188 76 0 0
0 0 0 0
188 76 0 0
0 0 0 0
188 76 0 0
0 0 0 0
188 76 0 0
0 0 0 0
188 76 0 0
0 0 0 0
188 76 0 0
0 0 0 0
188 76 0 0
0 0 0 0
188 76 0 0
0 0 0 0
188 76 0 0
0 0 0 0
188 76 0 0
0 0 0 0
188 76 0 0
0 0 0 0
188 76 0 0
0 0 0 0
188 76 0 0
0 0 0 0
188 76 0 0
0 0 0 0
188 76 0 0
0 0 0 0
188 76 0 0
0 0 0 0
188 76 0 0
0 0 0 0
188 76 0 0
0 0 0 0
188 76 0 0
0 0 0 0
188 76 0 0
0 0 0 0
188 76 0 0
0 0 0 0
188 76 0 0
0 0 0 0
188 76 0 0
0 0 0 0
188 76 0 0
0 0 0 0
188 76 0 0
0 0 0 0
188 76 0 0
0 0 0 0
188 76 0 0
0 0 0 0
188 76 0 0
0 0 0 0
188 76 0 0
0 0 0 0
188 76 0 0
0 0 0 0
188 76 0 0
0 0 0 0
188 76 0 0
0 0 0 0
188 76 0 0
0 0 0 0
188 76 0 0
0 0 0 0
188 76 0 0
0 0 0 0
188 76 0 0
0 0 0 0
188 76 0 0
0 0 0 0
188 76 0 0
0 0 0 0
188 76 0 0
0 0 0 0
188 76 0 0
0 0 0 0
188 76 0 0
0 0 0 0
188 76 0 0
0 0 0 0
188 76 0 0
0 0 0 0
188 76 0 0
0 0 0 0
188 76 0 0
0 0 0 0
188 76 0 0
0 0 0 0
188 76 0 0
0 0 0 0
188 76 0 0
0 0 0 0
188 76 0 0
0 0 0 0
188 76 0 0
0 0 0 0
188 76 0 0
0 0 0 0
188 76 0 0
0 0 0 0
188 76 0 0
0 0 0 0
188 76 0 0
0 0 0 0
188 76 0 0
0 0 0 0
188 76 0 0
0 0 0 0
188 76 0 0
0 0 0 0
188 76 0 0
0 0 0 0
188 76 0 0
0 0 0 0
188 76 0 0
0 0 0 0
188 76 0 0
0 0 0 0
188 76 0 0
0 0 0 0
188 76 0 0
0 0 0 0
188 76 0 0
0 0 0 0
188 76 0 0
0 0 0 0
188 76 0 0
0 0 0 0
188 76 0 0
0 0 0 0
188 76 0 0
0 0 0 0
188 76 1 0
0 0 0 0
188 76 0 0
0 0 0 0
188 76 0 0
0 0 0 0
188 76 0 0
0 0 0 0
188 76 0 0
0 0 0 0
188 76 0 0
0 0 0 0
188 76 0 0
0 0 0 0
188 76 0 0
0 0 0 0
188 76 0 0
0 0 0 0
188 76 0 0
0 0 0 0
188 76 0 0
0 0 0 0
188 76 0 0
0 0 0 0
188 76 0 0
0 0 0 0
188 76 0 0
0 0 0 0
188 76 0 0
0 0 0 0
188 76 0 0
0 0 0 0
188 76 0 0
0 0 0 0
188 76 0 0
0 0 0 0
188 76 0 0
0 0 0 0
188 76 0 0
0 0 0 0
188 76 0 0
0 0 0 0
188 76 0 0
0 0 0 0
188 76 0 0
0 0 0 0
188 76 0 0
0 0 0 0
188 76 0 0
0 0 0 0
188 76 0 0
0 0 0 0
188 76 0 0
0 0 0 0
188 76 0 0
0 0 0 0
188 76 0 0
0 0 0 0
188 76 0 0
0 0 0 0
188 76 0 0
0 0 0 0
188 76 0 0
0 0 0 0
188 76 0 0
0 0 0 0
188 76 0 0
0 0 0 0
188 76 0 0
0 0 0 0
188 76 0 0
0 0 0 0
188 76 0 0
0 0 0 0
188 76 0 0
0 0 0 0
188 76 0 0
0 0 0 0
188 76 0 0
0 0 0 0
188 76 0 0
0 0 0 0
188 76 0 0
0 0 0 0
188 76 0 0
0 0 0 0
188 76 0 0
0 0 0 0
188 76 0 0
0 0 0 0
188 76 0 0
0 0 0 0
188 76 0 0
0 0 0 0
188 76 0 0
0 0 0 0
188 76 0 0
0 0 0 0
188 76 0 0
0 0 0 0
188 76 0 0
0 0 0 0
188 76 0 0
0 0 0 0
188 76 0 0
0 0 0 0
188 76 0 0
0 0 0 0
188 76 0 0
0 0 0 0
188 76 0 0
0 0 0 0
188 76 0 0
0 0 0 0
188 76 0 0
0 0 0 0
188 76 0 0
0 0 0 0
188 76 0 0
0 0 0 0
188 76 0 0
0 0 0 0
188 76 0 0
0 0 0 0
188 76 0 0
0 0 0 0
188 76 0 0
0 0 0 0
188 76 0 0
0 0 0 0
188 76 0 0
0 0 0 0
188 76 0 0
0 0 0 0
188 76 0 0
0 0 0 0
188 76 0 0
0 0 0 0
188 76 0 0
0 0 0 0
188 76 0 0
0 0 0 0
188 76 0 0
0 0 0 0
188 76 0 0
0 0 0 0
188 76 0 0
0 0 0 0
188 76 0 0
0 0 0 0
188 76 0 0
0 0 0 0
188 76 0 0
0 0 0 0
188 76 0 0
0 0 0 0
188 76 0 0
0 0 0 0
188 76 0 0
0 0 0 0
188 76 0 0
0 0 0 0
188 76 0 0
0 0 0 0
188 76 0 0
0 0 0 0
188 76 0 0
0 0 0 0
188 76 0 0
0 0 0 0
188 76 0 0
0 0 0 0
188 76 0 0
0 0 0 0
188 76 1 0
0 0 0 0
188 76 0 0
0 0 0 0
188 76 0 0
0 0 0 0
188 76 0 0
0 0 0 0
188 76 0 0
0 0 0 0
188 76 0 0
0 0 0 0
188 76 0 0
0 0 0 0
188 76 0 0
0 0 0 0
188 76 0 0
0 0 0 0
188 76 0 0
0 0 0 0
188 76 0 0
0 0 0 0
188 76 0 0
0 0 0 0
188 76 0 0
0 0 0 0
188 76 0 0
0 0 0 0
188 76 0 0
0 0 0 0
188 76 0 0
0 0 0 0
188 76 0 0
0 0 0 0
188 76 0 0
0 0 0 0
188 76 0 0
0 0 0 0
188 76 0 0
0 0 0 0
188 76 0 0
0 0 0 0
188 76 0 0
0 0 0 0
188 76 0 0
0 0 0 0
188 76 0 0
0 0 0 0
188 76 0 0
0 0 0 0
188 76 0 0
0 0 0 0
188 76 0 0
0 0 0 0
188 76 0 0
0 0 0 0
188 76 0 0
0 0 0 0
188 76 0 0
0 0 0 0
188 76 0 0
0 0 0 0
188 76 0 0
0 0 0 0
188 76 0 0
0 0 0 0
188 76 0 0
0 0 0 0
188 76 0 0
0 0 0 0
188 76 0 0
0 0 0 0
188 76 0 0
0 0 0 0
188 76 0 0
0 0 0 0
188 76 0 0
0 0 0 0
188 76 0 0
0 0 0 0
188 76 0 0
0 0 0 0
188 76 0 0
0 0 0 0
188 76 0 0
0 0 0 0
188 76 0 0
0 0 0 0
188 76 0 0
0 0 0 0
188 76 0 0
0 0 0 0
188 76 0 0
0 0 0 0
188 76 0 0
0 0 0 0
188 76 0 0
0 0 0 0
188 76 0 0
0 0 0 0
188 76 0 0
0 0 0 0
188 76 0 0
0 0 0 0
188 76 0 0
0 0 0 0
188 76 0 0
0 0 0 0
188 76 0 0
0 0 0 0
188 76 0 0
0 0 0 0
188 76 0 0
0 0 0 0
188 76 0 0
0 0 0 0
188 76 0 0
0 0 0 0
188 76 0 0
0 0 0 0
188 76 0 0
0 0 0 0
188 76 0 0
0 0 0 0
188 76 0 0
0 0 0 0
188 76 0 0
0 0 0 0
188 76 0 0
0 0 0 0
188 76 0 0
0 0 0 0
188 76 1 0
0 0 0 0
188 76 0 0
0 0 0 0
188 76 0 0
0 0 0 0
188 76 0 0
0 0 0 0
188 76 0 0
0 0 0 0
188 76 0 0
0 0 0 0
188 76 0 0
0 0 0 0
188 76 0 0
0 0 0 0
188 76 0 0
0 0 0 0
186 76 0 0
0 0 0 0
184 76 0 0
0 0 0 0
182 76 0 0
0 0 0 0
180 76 0 0
0 0 0 0
178 76 0 0
0 0 0 0
176 76 0 0
0 0 0 0
174 76 0 0
0 0 0 0
172 76 0 0
0 0 0 0
170 76 0 0
0 0 0 0
168 78 0 0
0 0 0 0
166 80 0 0
0 0 0 0
164 82 0 0
0 0 0 0
162 84 0 0
0 0 0 0
160 86 0 0
0 0 0 0
158 88 0 0
0 0 0 0
156 90 0 0
0 0 0 0
154 92 0 0
0 0 0 0
152 94 0 0
0 0 0 0
150 96 0 0
0 0 0 0
148 98 0 0
0 0 0 0
146 100 0 0
0 0 0 0
144 102 0 0
0 0 0 0
142 104 0 0
0 0 0 0
140 106 0 0
0 0 0 0
138 108 0 0
0 0 0 0
136 110 0 0
0 0 0 0
134 112 0 0
0 0 0 0
132 114 0 0
0 0 0 0
130 116 0 0
0 0 0 0
128 118 0 0
0 0 0 0
126 120 0 0
0 0 0 0
124 122 0 0
0 0 0 0
122 124 0 0
0 0 0 0
120 126 0 0
0 0 0 0
118 128 0 0
0 0 0 0
116 130 0 0
0 0 0 0
114 132 0 0
0 0 0 0
112 134 0 0
0 0 0 0
110 136 0 0
0 0 0 0
108 138 0 0
0 0 0 0
106 140 0 0
0 0 0 0
104 142 0 0
0 0 0 0
102 144 0 0
0 0 0 0
100 146 0 0
0 0 0 0
98 148 0 0
0 0 0 0
96 150 0 0
0 0 0 0
94 152 0 0
0 0 0 0
92 154 0 0
0 0 0 0
90 156 0 0
0 0 0 0
88 158 0 0
0 0 0 0
86 160 0 0
0 0 0 0
84 162 0 0
0 0 0 0
82 164 0 0
0 0 0 0
80 166 0 0
0 0 0 0
78 168 0 0
0 0 0 0
76 170 0 0
0 0 0 0
74 172 0 0
0 0 0 0
72 174 0 0
0 0 0 0
70 176 0 0
0 0 0 0
68 178 0 0
0 0 0 0
66 180 0 0
0 0 0 0
64 182 0 0
0 0 0 0
62 184 0 0
0 0 0 0
60 186 0 0
0 0 0 0
58 188 0 0
0 0 0 0
58 190 0 0
0 0 0 0
58 192 0 0
0 0 0 0
58 194 0 0
0 0 0 0
58 196 0 0
0 0 0 0
58 198 0 0
0 0 0 0
58 200 0 0
0 0 0 0
58 202 0 0
0 0 0 0
58 204 0 0
0 0 0 0
60 206 0 0
0 0 0 0
62 208 0 0
0 0 0 0
64 210 0 0
0 0 0 0
66 212 0 0
0 0 0 0
68 214 0 0
0 0 0 0
70 216 0 0
0 0 0 0
72 218 0 0
0 0 0 0
74 220 0 0
0 0 0 0
76 222 0 0
0 0 0 0
78 224 0 0
0 0 0 0
80 226 0 0
0 0 0 0
82 228 0 0
0 0 0 0
82 230 0 1
0 0 0 0
82 232 0 0
0 0 0 0
82 234 0 0
0 0 0 0
82 236 0 0
0 0 0 0
82 236 0 0
0 0 0 0
82 236 0 0
0 0 0 0
82 236 0 0
0 0 0 0
82 236 0 0
0 0 0 0
84 236 0 0
0 0 0 0
86 236 0 0
0 0 0 0
88 236 0 0
0 0 0 0
90 236 0 0
0 0 0 0
92 236 0 0
0 0 0 0
92 236 0 1
0 0 0 0
92 236 0 0
0 0 0 0
92 236 0 0
0 0 0 0
92 236 0 0
0 0 0 0
92 236 0 0
0 0 0 0
92 236 0 0
0 0 0 0
92 236 0 0
0 0 0 0
92 236 0 0
0 0 0 0
94 236 0 0
0 0 0 0
96 236 0 0
0 0 0 0
98 236 0 0
0 0 0 0
100 236 0 0
0 0 0 0
102 236 0 0
0 0 0 0
104 236 0 0
0 0 0 0
106 236 0 0
0 0 0 0
108 236 0 0
0 0 0 0
110 234 0 0
0 0 0 0
112 232 0 0
0 0 0 0
114 230 0 0
0 0 0 0
116 228 0 0
0 0 0 0
116 226 0 1
0 0 0 0
116 224 0 0
0 0 0 0
116 222 0 0
0 0 0 0
116 220 0 0
0 0 0 0
118 218 0 0
0 0 0 0
120 216 0 0
0 0 0 0
122 214 0 0
0 0 0 0
124 212 0 0
0 0 0 0
126 210 0 0
0 0 0 0
128 208 0 0
0 0 0 0
130 206 0 0
0 0 0 0
132 204 0 0
0 0 0 0
134 202 0 0
0 0 0 0
136 200 0 0
0 0 0 0
136 198 0 1
0 0 0 0
136 196 0 0
0 0 0 0
136 194 0 0
0 0 0 0
136 192 0 0
0 0 0 0
136 190 0 0
0 0 0 0
136 188 0 0
0 0 0 0
138 186 0 0
0 0 0 0
140 184 0 0
0 0 0 0
142 182 0 0
0 0 0 0
144 180 0 0
0 0 0 0
146 178 0 0
0 0 0 0
148 176 0 0
0 0 0 0
150 174 0 0
0 0 0 0
152 172 0 0
0 0 0 0
154 170 0 0
0 0 0 0
154 168 0 1
0 0 0 0
154 166 0 0
0 0 0 0
154 164 0 0
0 0 0 0
154 162 0 0
0 0 0 0
154 160 0 0
0 0 0 0
154 160 0 0
0 0 0 0
154 160 0 0
0 0 0 0
154 160 0 0
0 0 0 0
154 160 0 0
0 0 0 0
154 160 0 0
0 0 0 0
156 160 0 0
0 0 0 0
158 160 0 0
0 0 0 0
160 160 0 0
0 0 0 0
162 160 0 0
0 0 0 0
164 160 0 0
0 0 0 0
164 160 0 0
0 0 0 0
164 160 0 0
0 0 0 0
164 160 0 0
0 0 0 0
164 160 0 0
0 0 0 0
164 160 0 0
0 0 0 0
164 158 0 0
0 0 0 0
164 156 0 0
0 0 0 0
164 154 0 0
0 0 0 0
164 152 0 0
0 0 0 0
164 150 0 0
0 0 0 0
166 148 0 0
0 0 0 0
168 146 0 0
0 0 0 0
170 144 0 0
0 0 0 0
172 142 0 0
0 0 0 0
174 140 0 0
0 0 0 0
176 138 0 0
0 0 0 0
176 136 0 0
0 0 0 0
176 134 0 0
0 0 0 0
176 132 0 0
0 0 0 0
176 130 0 0
0 0 0 0
176 130 0 0
0 0 0 0
176 130 0 0
0 0 0 0
176 130 0 0
0 0 0 0
176 130 0 0
0 0 0 0
176 130 0 0
0 0 0 0
178 130 0 0
0 0 0 0
180 130 0 0
0 0 0 0
182 130 0 0
0 0 0 0
184 130 0 0
0 0 0 0
186 130 0 0
0 0 0 0
188 128 0 0
0 0 0 0
190 126 0 0
0 0 0 0
192 124 0 0
0 0 0 0
194 122 0 0
0 0 0 0
196 120 0 0
0 0 0 0
196 118 0 1
0 0 0 0
196 116 0 0
0 0 0 0
196 114 0 0
0 0 0 0
196 112 0 0
0 0 0 0
196 110 0 0
0 0 0 0
196 110 0 0
0 0 0 0
196 110 0 0
0 0 0 0
196 110 0 0
0 0 0 0
196 110 0 0
0 0 0 0
196 110 0 0
0 0 0 0
198 110 0 0
0 0 0 0
200 110 0 0
0 0 0 0
202 110 0 0
0 0 0 0
204 110 0 0
0 0 0 0
206 110 0 0
0 0 0 0
208 110 0 0
0 0 0 0
208 110 0 1
0 0 0 0
208 110 0 0
0 0 0 0
208 110 0 0
0 0 0 0
208 110 0 0
0 0 0 0
208 110 0 0
0 0 0 0
208 110 0 0
0 0 0 0
208 110 0 0
0 0 0 0
208 110 0 0
0 0 0 0
210 110 0 0
0 0 0 0
212 110 0 0
0 0 0 0
214 110 0 0
0 0 0 0
216 110 0 0
0 0 0 0
218 108 0 0
0 0 0 0
220 106 0 0
0 0 0 0
222 104 0 0
0 0 0 0
224 102 0 0
0 0 0 0
226 100 0 0
0 0 0 0
226 98 0 1
0 0 0 0
226 96 0 0
0 0 0 0
226 94 0 0
0 0 0 0
226 92 0 0
0 0 0 0
226 90 0 0
0 0 0 0
226 90 0 0
0 0 0 0
226 90 0 0
0 0 0 0
226 90 0 0
0 0 0 0
226 90 0 0
0 0 0 0
226 90 0 0
0 0 0 0
228 90 0 0
0 0 0 0
230 90 0 0
0 0 0 0
232 90 0 0
0 0 0 0
234 90 0 0
0 0 0 0
236 90 0 0
0 0 0 0
238 90 0 0
0 0 0 0
240 90 0 0
0 0 0 0
242 88 0 0
0 0 0 0
244 86 0 0
0 0 0 0
246 84 0 0
0 0 0 0
248 82 0 0
0 0 0 0
248 80 0 1
0 0 0 0
248 78 0 0
0 0 0 0
248 76 0 0
0 0 0 0
248 74 0 0
0 0 0 0
248 72 0 0
0 0 0 0
248 72 0 0
0 0 0 0
248 72 0 0
0 0 0 0
248 72 0 0
0 0 0 0
248 72 0 0
0 0 0 0
248 72 0 0
0 0 0 0
248 72 0 0
0 0 0 0
248 72 0 0
0 0 0 0
248 72 0 0
0 0 0 0
248 72 0 0
0 0 0 0
248 72 0 0
0 0 0 0
248 72 0 0
0 0 0 0
248 72 0 0
0 0 0 0
248 72 0 0
0 0 0 0
248 72 0 0
0 0 0 0
250 72 0 0
0 0 0 0
252 72 0 0
0 0 0 0
254 72 0 0
0 0 0 0
256 72 0 0
0 0 0 0
258 72 0 0
0 0 0 0
260 72 0 0
0 0 0 0
262 72 0 0
0 0 0 0
264 72 0 0
0 0 0 0
266 72 0 0
0 0 0 0
266 72 0 1
0 0 0 0
266 72 0 0
0 0 0 0
266 72 0 0
0 0 0 0
266 72 0 0
0 0 0 0
266 72 0 0
0 0 0 0
266 72 0 0
0 0 0 0
266 72 0 0
0 0 0 0
266 72 0 0
0 0 0 0
268 72 0 0
0 0 0 0
270 72 0 0
0 0 0 0
272 72 0 0
0 0 0 0
274 72 0 0
0 0 0 0
276 72 0 0
0 0 0 0
278 72 0 0
0 0 0 0
280 72 0 0
0 0 0 0
282 72 0 0
0 0 0 0
282 72 0 1
0 0 0 0
282 72 0 0
0 0 0 0
282 72 0 0
0 0 0 0
282 72 0 0
0 0 0 0
282 72 0 0
0 0 0 0
282 72 0 0
0 0 0 0
282 72 0 0
0 0 0 0
282 72 0 0
0 0 0 0
284 72 0 0
0 0 0 0
286 72 0 0
0 0 0 0
288 72 0 0
0 0 0 0
290 72 0 0
0 0 0 0
292 72 0 0
0 0 0 0
294 72 0 0
0 0 0 0
296 72 0 0
0 0 0 0
298 72 0 0
0 0 0 0
298 72 0 1
0 0 0 0
298 72 0 0
0 0 0 0
298 72 0 0
0 0 0 0
298 72 0 0
0 0 0 0
298 72 0 0
0 0 0 0
298 72 0 0
0 0 0 0
298 72 0 0
0 0 0 0
298 72 0 0
0 0 0 0
298 72 0 0
0 0 0 0
300 72 0 0
0 0 0 0
302 72 0 0
0 0 0 0
304 72 0 0
0 0 0 0
306 72 0 0
0 0 0 0
308 72 0 0
0 0 0 0
310 72 0 0
0 0 0 0
312 72 0 0
0 0 0 0
312 72 0 1
0 0 0 0
312 72 0 0
0 0 0 0
312 72 0 0
0 0 0 0
312 72 0 0
0 0 0 0
312 72 0 0
0 0 0 0
312 72 0 0
0 0 0 0
312 72 0 0
0 0 0 0
312 72 0 0
0 0 0 0
312 72 0 0
0 0 0 0
314 72 0 0
0 0 0 0
316 72 0 0
0 0 0 0
318 72 0 0
0 0 0 0
320 72 0 0
0 0 0 0
322 72 0 0
0 0 0 0
324 72 0 0
0 0 0 0
326 72 0 0
0 0 0 0
326 72 0 1
0 0 0 0
326 72 0 0
0 0 0 0
326 72 0 0
0 0 0 0
326 72 0 0
0 0 0 0
326 72 0 0
0 0 0 0
326 72 0 0
0 0 0 0
326 72 0 0
0 0 0 0
326 72 0 0
0 0 0 0
328 72 0 0
0 0 0 0
330 72 0 0
0 0 0 0
332 72 0 0
0 0 0 0
334 72 0 0
0 0 0 0
336 72 0 0
0 0 0 0
338 72 0 0
0 0 0 0
340 72 0 0
0 0 0 0
340 72 0 1
0 0 0 0
340 72 0 0
0 0 0 0
340 72 0 0
0 0 0 0
340 72 0 0
0 0 0 0
340 72 0 0
0 0 0 0
340 72 0 0
0 0 0 0
340 72 0 0
0 0 0 0
340 72 0 0
0 0 0 0
340 72 0 0
0 0 0 0
342 72 0 0
0 0 0 0
344 72 0 0
0 0 0 0
346 72 0 0
0 0 0 0
348 72 0 0
0 0 0 0
350 72 0 0
0 0 0 0
352 72 0 0
0 0 0 0
354 72 0 0
0 0 0 0
354 72 0 1
0 0 0 0
354 72 0 0
0 0 0 0
354 72 0 0
0 0 0 0
354 72 0 0
0 0 0 0
354 72 0 0
0 0 0 0
354 72 0 0
0 0 0 0
354 72 0 0
0 0 0 0
354 72 0 0
0 0 0 0
356 72 0 0
0 0 0 0
358 72 0 0
0 0 0 0
360 72 0 0
0 0 0 0
362 72 0 0
0 0 0 0
364 72 0 0
0 0 0 0
366 72 0 0
0 0 0 0
368 72 0 0
0 0 0 0
370 72 0 0
0 0 0 0
370 72 0 1
0 0 0 0
370 72 0 0
0 0 0 0
370 72 0 0
0 0 0 0
370 72 0 0
0 0 0 0
370 72 0 0
0 0 0 0
370 72 0 0
0 0 0 0
370 72 0 0
0 0 0 0
370 72 0 0
0 0 0 0
370 72 0 0
0 0 0 0
372 72 0 0
0 0 0 0
374 72 0 0
0 0 0 0
376 72 0 0
0 0 0 0
378 72 0 0
0 0 0 0
380 72 0 0
0 0 0 0
382 72 0 0
0 0 0 0
384 72 0 0
0 0 0 0
386 72 0 0
0 0 0 0
386 72 0 0
0 0 0 0
386 72 0 0
0 0 0 0
386 72 0 0
0 0 0 0
386 72 0 0
0 0 0 0
386 72 0 0
0 0 0 0
386 72 0 0
0 0 0 0
386 72 0 0
0 0 0 0
386 72 0 0
0 0 0 0
386 72 0 0
0 0 0 0
386 72 0 0
0 0 0 0
386 72 0 0
0 0 0 0
386 72 0 0
0 0 0 0
386 72 0 0
0 0 0 0
386 72 0 0
0 0 0 0
386 72 0 0
0 0 0 0
386 72 0 0
0 0 0 0
386 72 0 0
0 0 0 0
386 72 0 0
0 0 0 0
386 72 0 0
0 0 0 0
386 72 0 0
0 0 0 0
386 72 0 0
0 0 0 0
386 72 0 0
0 0 0 0
386 72 0 0
0 0 0 0
386 72 0 0
0 0 0 0
386 72 0 0
0 0 0 0
386 72 0 0
0 0 0 0
386 72 0 0
0 0 0 0
386 72 0 0
0 0 0 0
386 72 0 0
0 0 0 0
386 72 0 0
0 0 0 0
386 72 0 0
0 0 0 0
386 72 0 0
0 0 0 0
386 72 0 0
0 0 0 0
386 72 0 0
0 0 0 0
386 72 0 0
0 0 0 0
386 72 0 0
0 0 0 0
386 72 0 0
0 0 0 0
386 72 0 0
0 0 0 0
386 72 0 0
0 0 0 0
386 72 0 0
0 0 0 0
386 72 0 0
0 0 0 0
386 72 0 0
0 0 0 0
386 72 0 0
0 0 0 0
386 72 0 0
0 0 0 0
386 72 0 0
0 0 0 0
386 72 0 0
0 0 0 0
386 72 0 0
0 0 0 0
386 72 0 0
0 0 0 0
386 72 0 0
0 0 0 0
386 72 0 0
0 0 0 0
386 72 0 0
0 0 0 0
386 72 0 0
0 0 0 0
386 72 0 0
0 0 0 0
386 72 0 0
0 0 0 0
386 72 0 0
0 0 0 0
386 72 0 0
0 0 0 0
386 72 0 0
0 0 0 0
386 72 0 0
0 0 0 0
386 72 0 0
0 0 0 0
386 72 0 0
0 0 0 0
386 72 0 0
0 0 0 0
386 72 0 0
0 0 0 0
386 72 0 0
0 0 0 0
386 72 0 0
0 0 0 0
386 72 0 0
0 0 0 0
386 72 0 0
0 0 0 0
386 72 0 0
0 0 0 0
386 72 0 0
0 0 0 0
386 72 0 0
0 0 0 0
386 72 0 0
0 0 0 0
386 72 0 0
0 0 0 0
386 72 0 0
0 0 0 0
386 72 0 0
0 0 0 0
386 72 0 0
0 0 0 0
386 72 0 0
0 0 0 0
386 72 0 0
0 0 0 0
386 72 0 0
0 0 0 0
386 72 0 0
0 0 0 0
386 72 0 0
0 0 0 0
386 72 0 0
0 0 0 0
386 72 0 0
0 0 0 0
386 72 0 0
0 0 0 0
386 72 0 0
0 0 0 0
386 72 0 0
0 0 0 0
386 72 0 0
0 0 0 0
386 72 0 0
0 0 0 0
386 72 0 0
0 0 0 0
386 72 0 0
0 0 0 0
386 72 0 0
0 0 0 0
386 72 0 0
0 0 0 0
386 72 0 0
0 0 0 0
386 72 0 0
0 0 0 0
386 72 0 0
0 0 0 0
386 72 0 0
0 0 0 0
386 72 0 0
0 0 0 0
386 72 0 0
0 0 0 0
386 72 0 0
0 0 0 0
386 72 0 0
0 0 0 0
386 72 0 0
0 0 0 0
386 72 0 0
0 0 0 0
386 72 0 0
0 0 0 0
386 72 0 0
0 0 0 0
386 72 0 0
0 0 0 0
386 72 0 0
0 0 0 0
386 72 0 0
0 0 0 0
386 72 0 0
0 0 0 0
386 72 0 0
0 0 0 0
386 72 0 0
0 0 0 0
386 72 0 0
0 0 0 0
386 72 0 0
0 0 0 0
386 72 0 0
0 0 0 0
386 72 0 0
0 0 0 0
386 72 0 0
0 0 0 0
386 72 0 0
0 0 0 0
386 72 0 0
0 0 0 0
386 72 0 0
0 0 0 0
386 72 0 0
0 0 0 0
386 72 0 0
0 0 0 0
386 72 0 0
0 0 0 0
386 72 0 0
0 0 0 0
386 72 0 0
0 0 0 0
386 72 0 0
0 0 0 0
386 72 0 0
0 0 0 0
386 72 0 0
0 0 0 0
386 72 0 0
0 0 0 0
386 72 0 0
0 0 0 0
386 72 0 0
0 0 0 0
386 72 0 0
0 0 0 0
386 72 0 0
0 0 0 0
386 72 0 0
0 0 0 0
386 72 0 0
0 0 0 0
386 72 0 0
0 0 0 0
386 72 0 0
0 0 0 0
386 72 0 0
0 0 0 0
386 72 0 0
0 0 0 0
386 72 0 0
0 0 0 0
386 72 0 0
0 0 0 0
386 72 0 0
0 0 0 0
386 72 0 0
0 0 0 0
386 72 0 0
0 0 0 0
386 72 0 0
0 0 0 0
386 72 0 0
0 0 0 0
386 72 0 0
0 0 0 0
386 72 0 0
0 0 0 0
386 72 0 0
0 0 0 0
386 72 0 0
0 0 0 0
386 72 0 0
0 0 0 0
386 72 0 0
0 0 0 0
386 72 0 0
0 0 0 0
386 72 0 0
0 0 0 0
386 72 0 0
0 0 0 0
386 72 0 0
0 0 0 0
386 72 0 0
0 0 0 0
386 72 0 0
0 0 0 0
386 72 0 0
0 0 0 0
386 72 0 0
0 0 0 0
386 72 0 0
0 0 0 0
386 72 0 0
0 0 0 0
386 72 0 0
0 0 0 0
386 72 0 0
0 0 0 0
386 72 0 0
0 0 0 0
386 72 0 0
0 0 0 0
386 72 0 0
0 0 0 0
386 72 0 0
0 0 0 0
386 72 0 0
0 0 0 0
386 72 0 0
0 0 0 0
386 72 0 0
0 0 0 0
386 72 0 0
0 0 0 0
386 72 0 0
