1448989370
0
1
0
132 294 0 0
****************************************************************************************************************************132 295 0 0
132 296 0 0
132 297 0 0
132 298 0 0
132 299 0 0
132 300 0 0
132 301 0 0
132 302 0 0
132 303 0 0
132 304 0 0
132 305 0 0
132 306 0 0
132 307 0 0
132 308 0 0
132 309 0 0
132 310 0 0
132 311 0 0
132 312 0 0
132 313 0 0
132 314 0 0
132 315 0 0
132 316 0 0
132 317 0 0
132 318 0 0
132 319 0 0
132 320 0 0
132 321 0 0
132 322 0 0
132 323 0 0
132 324 0 0
132 325 0 0
132 326 0 0
132 327 0 0
133 328 0 0
134 329 0 0
135 330 0 0
136 331 0 0
137 332 0 0
138 333 0 0
139 334 0 0
140 335 0 0
141 336 0 0
142 337 0 0
143 338 0 0
144 339 0 0
145 340 0 0
146 341 0 0
147 342 0 0
148 343 0 0
149 344 0 0
150 345 0 0
151 346 0 0
152 347 0 0
152 348 0 1
152 349 0 0
152 350 0 0
152 351 0 0
152 352 0 0
152 353 0 0
152 354 0 0
152 355 0 0
152 356 0 0
********153 356 0 0
154 356 0 0
155 356 0 0
156 356 0 0
157 356 0 0
158 356 0 0
159 356 0 0
160 356 0 0
161 355 0 0
162 354 0 0
163 353 0 0
164 352 0 0
165 351 0 0
166 350 0 0
167 349 0 0
168 348 0 0
169 347 0 0
170 346 0 0
170 345 0 1
170 344 0 0
170 343 0 0
170 342 0 0
170 341 0 0
170 340 0 0
170 339 0 0
170 338 0 0
170 337 0 0
170 336 0 0
170 335 0 0
170 334 0 0
170 333 0 0
170 332 0 0
170 331 0 0
170 330 0 0
170 329 0 0
170 328 0 0
170 327 0 0
170 326 0 0
170 325 0 0
171 324 0 0
172 323 0 0
173 322 0 0
174 321 0 0
175 320 0 0
176 319 0 0
177 318 0 0
178 317 0 0
179 316 0 0
180 315 0 0
181 314 0 0
182 313 0 0
183 312 0 0
184 311 0 0
185 310 0 0
186 309 0 0
187 308 0 0
188 307 0 0
189 306 0 0
190 305 0 0
191 305 0 0
192 305 0 0
193 305 0 0
194 305 0 0
195 305 0 0
196 305 0 0
197 305 0 0
198 305 0 0
198 305 0 1
198 305 0 0
********199 305 0 0
200 305 0 0
201 305 0 0
202 305 0 0
203 305 0 0
204 305 0 0
205 305 0 0
206 305 0 0
207 305 0 0
208 305 0 0
209 305 0 0
210 305 0 0
211 305 0 0
212 305 0 0
213 305 0 0
214 305 0 0
214 305 0 1
214 305 0 0
*************215 305 0 0
216 305 0 0
217 305 0 0
218 305 0 0
219 305 0 0
220 305 0 0
221 305 0 0
222 305 0 0
223 305 0 0
224 305 0 0
225 305 0 0
226 305 0 0
227 305 0 0
228 305 0 0
229 305 0 0
230 305 0 0
231 304 0 0
232 303 0 0
233 302 0 0
234 301 0 0
235 300 0 0
236 299 0 0
237 298 0 0
238 297 0 0
238 296 0 1
238 295 0 0
238 294 0 0
238 293 0 0
238 292 0 0
238 291 0 0
238 290 0 0
238 289 0 0
238 288 0 0
238 287 0 0
239 286 0 0
240 285 0 0
241 284 0 0
242 283 0 0
243 282 0 0
244 281 0 0
245 280 0 0
246 279 0 0
247 278 0 0
248 277 0 0
249 276 0 0
250 275 0 0
251 274 0 0
252 273 0 0
253 272 0 0
254 271 0 0
255 270 0 0
256 269 0 0
257 268 0 0
257 267 0 1
257 266 0 0
257 265 0 0
257 264 0 0
257 263 0 0
257 262 0 0
257 261 0 0
257 260 0 0
257 259 0 0
258 258 0 0
259 257 0 0
260 256 0 0
261 255 0 0
262 254 0 0
263 253 0 0
264 252 0 0
265 251 0 0
266 250 0 0
267 249 0 0
268 248 0 0
269 247 0 0
270 246 0 0
271 245 0 0
272 244 0 0
273 243 0 0
274 242 0 0
275 241 0 0
276 240 0 0
277 239 0 0
278 238 0 0
279 237 0 0
280 236 0 0
281 235 0 0
282 234 0 0
283 233 0 0
284 232 0 0
284 231 0 1
284 230 0 0
284 229 0 0
284 228 0 0
284 227 0 0
284 226 0 0
284 225 0 0
284 224 0 0
**************************************************283 224 0 0
282 224 0 0
281 224 0 0
280 224 0 0
279 224 0 0
278 224 0 0
277 224 0 0
276 224 0 0
275 224 0 0
274 224 0 0
273 224 0 0
272 224 0 0
271 224 0 0
270 224 0 0
269 224 0 0
268 224 0 0
267 224 0 0
266 224 0 0
265 224 0 0
264 224 0 0
263 224 0 0
262 224 0 0
261 224 0 0
260 224 0 0
259 224 0 0
258 224 0 0
257 224 0 0
256 224 0 0
255 224 0 0
254 224 0 0
253 224 0 0
252 224 0 0
251 224 0 0
250 224 0 0
249 224 0 0
248 224 0 0
247 224 0 0
246 224 0 0
245 224 0 0
244 224 0 0
243 224 0 0
242 224 0 0
241 224 0 0
240 224 0 0
239 224 0 0
238 224 0 0
237 224 0 0
236 224 0 0
235 224 0 0
234 224 0 0
233 224 0 0
232 224 0 0
231 224 0 0
230 224 0 0
229 224 0 0
228 224 0 0
227 224 0 0
226 224 0 0
225 224 0 0
224 224 0 0
223 224 0 0
222 224 0 0
221 224 0 0
220 224 0 0
219 224 0 0
218 224 0 0
217 224 0 0
216 224 0 0
215 224 0 0
214 224 0 0
213 224 0 0
212 224 0 0
211 224 0 0
210 224 0 0
209 224 0 0
208 224 0 0
207 224 0 0
206 224 0 0
205 224 0 0
204 224 0 0
203 224 0 0
202 224 0 0
201 224 0 0
200 224 0 0
199 224 0 0
198 224 0 0
197 224 0 0
196 224 0 0
195 224 0 0
194 224 0 0
193 224 0 0
192 224 0 0
191 224 0 0
190 224 0 0
189 224 0 0
188 224 0 0
187 224 0 0
186 224 0 0
185 224 0 0
184 224 0 0
183 224 0 0
182 224 0 0
181 224 0 0
180 224 0 0
179 224 0 0
178 224 0 0
177 224 0 0
176 224 0 0
175 224 0 0
174 224 0 0
173 224 0 0
172 224 0 0
171 224 0 0
170 224 0 0
169 224 0 0
168 224 0 0
167 224 0 0
166 224 0 0
165 224 0 0
164 224 0 0
163 224 0 0
162 224 0 0
161 224 0 0
160 224 0 0
159 224 0 0
158 224 0 0
157 224 0 0
156 224 0 0
155 224 0 0
154 224 0 0
153 224 0 0
152 224 0 0
151 224 0 0
150 224 0 0
149 224 0 0
148 224 0 0
147 224 0 0
146 224 0 0
145 224 0 0
144 224 0 0
143 224 0 0
142 224 0 0
141 224 0 0
140 224 0 0
139 224 0 0
138 224 0 0
137 224 0 0
136 224 0 0
135 224 0 0
134 224 0 0
133 224 0 0
132 224 0 0
131 224 0 0
130 224 0 0
129 224 0 0
128 224 0 0
127 224 0 0
126 224 0 0
125 224 0 0
124 224 0 0
123 224 0 0
122 224 0 0
121 224 0 0
120 224 0 0
119 224 0 0
118 224 0 0
117 224 0 0
116 224 0 0
115 224 0 0
114 224 0 0
113 224 0 0
112 224 0 0
111 224 0 0
110 224 0 0
109 224 0 0
108 224 0 0
107 224 0 0
106 224 0 0
105 224 0 0
104 224 0 0
103 224 0 0
102 224 0 0
101 224 0 0
100 224 0 0
99 224 0 0
98 224 0 0
97 224 0 0
96 224 0 0
95 224 0 0
94 224 0 0
93 224 0 0
92 224 0 0
91 224 0 0
90 224 0 0
89 224 0 0
88 224 0 0
87 224 0 0
86 224 0 0
85 224 0 0
84 224 0 0
83 224 0 0
82 224 0 0
81 224 0 0
80 224 0 0
79 224 0 0
78 224 0 0
*************79 224 0 0
80 224 0 0
81 224 0 0
82 224 0 0
83 224 0 0
84 224 0 0
85 224 0 0
86 224 0 0
87 224 0 0
88 224 0 0
89 224 0 0
90 224 0 0
91 224 0 0
92 224 0 0
93 224 0 0
94 224 0 0
95 224 0 0
96 224 0 0
97 224 0 0
98 224 0 0
99 224 0 0
100 224 0 0
101 224 0 0
101 224 0 1
101 224 0 0
**********102 224 0 0
103 224 0 0
104 224 0 0
105 224 0 0
106 224 0 0
107 224 0 0
108 224 0 0
109 224 0 0
110 224 0 0
111 224 0 0
112 224 0 0
113 224 0 0
114 224 0 0
115 224 0 0
116 224 0 0
117 224 0 0
118 224 0 0
119 224 0 0
120 224 0 0
121 224 0 0
122 224 0 0
122 224 0 1
122 224 0 0
******************************************************122 225 0 0
122 226 0 0
122 227 0 0
122 228 0 0
122 229 0 0
122 230 0 0
122 231 0 0
122 232 0 0
122 233 0 0
122 234 0 0
122 235 0 0
122 236 0 0
122 237 0 0
122 238 0 0
123 239 0 0
124 240 0 0
125 241 0 0
126 242 0 0
127 243 0 0
128 244 0 0
129 245 0 0
130 246 0 0
131 247 0 0
132 248 0 0
133 249 0 0
134 250 0 0
135 251 0 0
136 252 0 0
137 253 0 0
138 254 0 0
139 255 0 0
140 256 0 0
141 257 0 0
141 258 0 1
141 259 0 0
141 260 0 0
141 261 0 0
141 262 0 0
141 263 0 0
141 264 0 0
141 265 0 0
141 266 0 0
141 267 0 0
141 268 0 0
141 269 0 0
141 270 0 0
141 271 0 0
141 272 0 0
141 273 0 0
141 274 0 0
141 275 0 0
141 276 0 0
141 277 0 0
141 278 0 0
**************************************141 278 1 0
141 278 0 0
**********************************************************************************141 279 0 0
141 280 0 0
141 281 0 0
141 282 0 0
141 283 0 0
141 284 0 0
141 285 0 0
141 286 0 0
141 287 0 0
141 288 0 0
141 289 0 0
141 290 0 0
141 291 0 0
141 292 0 0
141 293 0 0
141 294 0 0
141 295 0 0
141 296 0 0
141 297 0 0
**************141 297 1 0
141 297 0 0
******************************************************************************************************************************141 297 1 0
141 297 0 0
****************************************************************************************141 298 0 0
141 299 0 0
141 300 0 0
141 301 0 0
141 302 0 0
141 303 0 0
141 304 0 0
141 305 0 0
141 306 0 0
141 307 0 0
141 308 0 0
141 309 0 0
141 310 0 0
141 311 0 0
141 312 0 0
141 313 0 0
141 314 0 0
141 315 0 0
141 316 0 0
141 317 0 0
141 318 0 0
141 319 0 0
141 320 0 0
141 321 0 0
142 322 0 0
143 323 0 0
144 324 0 0
145 325 0 0
146 326 0 0
147 327 0 0
148 328 0 0
149 329 0 0
150 330 0 0
151 331 0 0
152 332 0 0
153 333 0 0
154 334 0 0
155 335 0 0
156 336 0 0
157 337 0 0
158 338 0 0
159 339 0 0
160 340 0 0
160 341 0 1
160 342 0 0
160 343 0 0
160 344 0 0
160 345 0 0
160 346 0 0
160 347 0 0
160 348 0 0
160 349 0 0
160 350 0 0
160 351 0 0
160 352 0 0
160 353 0 0
160 354 0 0
160 355 0 0
161 356 0 0
162 357 0 0
163 358 0 0
164 359 0 0
165 360 0 0
166 361 0 0
167 362 0 0
168 363 0 0
169 364 0 0
170 365 0 0
171 366 0 0
172 367 0 0
173 368 0 0
174 369 0 0
174 370 0 1
174 371 0 0
174 372 0 0
174 373 0 0
174 374 0 0
174 375 0 0
174 376 0 0
174 377 0 0
174 378 0 0
174 379 0 0
**********175 379 0 0
176 379 0 0
177 379 0 0
178 379 0 0
179 379 0 0
180 379 0 0
181 379 0 0
182 379 0 0
183 379 0 0
184 379 0 0
185 379 0 0
185 379 0 1
185 379 0 0
**************186 379 0 0
187 379 0 0
188 379 0 0
189 379 0 0
190 379 0 0
191 379 0 0
192 379 0 0
193 379 0 0
194 379 0 0
195 379 0 0
196 379 0 0
197 379 0 0
198 378 0 0
199 377 0 0
200 376 0 0
201 375 0 0
202 374 0 0
203 373 0 0
204 372 0 0
205 371 0 0
205 370 0 1
205 369 0 0
205 368 0 0
205 367 0 0
205 366 0 0
205 365 0 0
205 364 0 0
205 363 0 0
205 362 0 0
205 361 0 0
205 360 0 0
205 359 0 0
205 358 0 0
206 357 0 0
207 356 0 0
208 355 0 0
209 354 0 0
210 353 0 0
211 352 0 0
212 351 0 0
213 350 0 0
214 349 0 0
215 348 0 0
216 347 0 0
217 346 0 0
218 345 0 0
219 344 0 0
220 343 0 0
221 342 0 0
222 341 0 0
223 340 0 0
224 339 0 0
224 338 0 1
224 337 0 0
224 336 0 0
224 335 0 0
224 334 0 0
224 333 0 0
224 332 0 0
224 331 0 0
224 330 0 0
224 329 0 0
224 328 0 0
224 327 0 0
224 326 0 0
225 325 0 0
226 324 0 0
227 323 0 0
228 322 0 0
229 321 0 0
230 320 0 0
231 319 0 0
232 318 0 0
233 317 0 0
234 317 0 0
235 317 0 0
236 317 0 0
237 317 0 0
238 317 0 0
239 317 0 0
240 317 0 0
241 317 0 0
242 317 0 0
242 317 0 1
242 317 0 0
***********243 317 0 0
244 317 0 0
245 317 0 0
246 317 0 0
247 317 0 0
248 317 0 0
249 317 0 0
250 317 0 0
251 317 0 0
252 317 0 0
253 317 0 0
254 317 0 0
255 317 0 0
255 317 0 1
255 317 0 0
*****************256 317 0 0
257 317 0 0
258 317 0 0
259 317 0 0
260 317 0 0
261 317 0 0
262 317 0 0
263 317 0 0
264 316 0 0
265 315 0 0
266 314 0 0
267 313 0 0
268 312 0 0
269 311 0 0
270 310 0 0
271 309 0 0
272 308 0 0
273 307 0 0
273 306 0 1
273 305 0 0
273 304 0 0
273 303 0 0
273 302 0 0
273 301 0 0
273 300 0 0
273 299 0 0
273 298 0 0
273 297 0 0
273 296 0 0
273 295 0 0
273 294 0 0
273 293 0 0
273 292 0 0
273 291 0 0
274 290 0 0
275 289 0 0
276 288 0 0
277 287 0 0
278 286 0 0
279 285 0 0
280 284 0 0
281 283 0 0
282 282 0 0
283 282 0 0
284 282 0 0
285 282 0 0
286 282 0 0
287 282 0 0
288 282 0 0
289 282 0 0
290 282 0 0
290 282 0 1
290 282 0 0
*********291 282 0 0
292 282 0 0
293 282 0 0
294 282 0 0
295 282 0 0
296 282 0 0
297 282 0 0
298 282 0 0
299 282 0 0
300 282 0 0
301 282 0 0
302 282 0 0
303 282 0 0
304 282 0 0
305 282 0 0
306 282 0 0
306 282 0 1
306 282 0 0
*****************************************305 282 0 0
304 282 0 0
303 282 0 0
302 282 0 0
301 282 0 0
300 282 0 0
299 282 0 0
298 282 0 0
297 282 0 0
296 282 0 0
295 282 0 0
294 282 0 0
293 282 0 0
292 282 0 0
291 282 0 0
290 282 0 0
289 282 0 0
288 282 0 0
287 282 0 0
286 282 0 0
285 282 0 0
284 282 0 0
283 282 0 0
282 282 0 0
281 282 0 0
280 282 0 0
279 282 0 0
278 282 0 0
277 282 0 0
276 282 0 0
275 282 0 0
274 282 0 0
273 282 0 0
272 282 0 0
271 282 0 0
270 282 0 0
269 282 0 0
268 282 0 0
267 282 0 0
266 282 0 0
265 282 0 0
264 282 0 0
263 282 0 0
262 282 0 0
261 282 0 0
260 282 0 0
259 282 0 0
258 282 0 0
257 282 0 0
256 282 0 0
255 282 0 0
254 282 0 0
253 282 0 0
252 282 0 0
251 282 0 0
250 282 0 0
249 282 0 0
248 282 0 0
247 282 0 0
246 282 0 0
245 282 0 0
244 282 0 0
243 282 0 0
242 281 0 0
241 280 0 0
240 279 0 0
239 278 0 0
238 277 0 0
237 276 0 0
236 275 0 0
235 274 0 0
234 273 0 0
233 272 0 0
232 271 0 0
231 270 0 0
230 269 0 0
229 268 0 0
228 267 0 0
227 266 0 0
226 265 0 0
225 264 0 0
224 263 0 0
223 262 0 0
222 261 0 0
221 260 0 0
220 259 0 0
219 258 0 0
218 257 0 0
217 256 0 0
216 255 0 0
215 254 0 0
214 253 0 0
213 252 0 0
212 251 0 0
211 250 0 0
210 249 0 0
209 248 0 0
208 247 0 0
207 246 0 0
206 245 0 0
205 244 0 0
204 243 0 0
203 242 0 0
202 241 0 0
201 240 0 0
200 239 0 0
199 238 0 0
198 237 0 0
197 236 0 0
196 235 0 0
195 234 0 0
194 233 0 0
193 232 0 0
192 231 0 0
191 230 0 0
190 229 0 0
189 228 0 0
188 227 0 0
187 226 0 0
186 225 0 0
185 224 0 0
184 223 0 0
183 222 0 0
182 221 0 0
181 220 0 0
180 219 0 0
179 218 0 0
178 217 0 0
177 216 0 0
176 215 0 0
176 214 0 0
176 213 0 0
176 212 0 0
176 211 0 0
176 210 0 0
176 209 0 0
176 208 0 0
176 207 0 0
176 206 0 0
****************************177 206 0 0
178 206 0 0
179 206 0 0
180 206 0 0
181 206 0 0
182 206 0 0
183 206 0 0
184 206 0 0
185 206 0 0
186 206 0 0
187 206 0 0
188 206 0 0
189 206 0 0
190 206 0 0
191 206 0 0
192 206 0 0
193 206 0 0
194 206 0 0
195 206 0 0
195 206 0 1
195 206 0 0
************196 206 0 0
197 206 0 0
198 206 0 0
199 206 0 0
200 206 0 0
201 206 0 0
202 206 0 0
203 206 0 0
204 206 0 0
205 206 0 0
206 206 0 0
207 206 0 0
208 206 0 0
209 206 0 0
210 206 0 0
211 206 0 0
212 206 0 0
213 206 0 0
214 206 0 0
215 206 0 0
216 206 0 0
217 206 0 0
218 206 0 0
219 206 0 0
220 206 0 0
221 206 0 0
222 206 0 0
222 206 0 1
222 206 0 0
*******************************************************************************************************************************************222 206 1 0
222 206 0 0
***********************************************************************221 206 0 0
220 206 0 0
219 206 0 0
218 206 0 0
217 206 0 0
216 206 0 0
215 206 0 0
214 206 0 0
213 206 0 0
212 206 0 0
211 206 0 0
210 206 0 0
209 206 0 0
208 206 0 0
207 206 0 0
206 206 0 0
205 206 0 0
204 206 0 0
203 206 0 0
202 206 0 0
201 206 0 0
200 206 0 0
199 206 0 0
198 206 0 0
197 206 0 0
196 206 0 0
195 206 0 0
194 206 0 0
193 206 0 0
192 206 0 0
191 206 0 0
190 206 0 0
189 206 0 0
188 206 0 0
187 206 0 0
186 206 0 0
185 206 0 0
184 206 0 0
183 206 0 0
182 206 0 0
181 206 0 0
180 206 0 0
179 206 0 0
178 206 0 0
177 206 0 0
176 206 0 0
175 206 0 0
174 206 0 0
173 206 0 0
172 206 0 0
171 206 0 0
170 206 0 0
169 206 0 0
168 206 0 0
167 206 0 0
166 206 0 0
165 206 0 0
164 206 0 0
163 206 0 0
162 206 0 0
161 206 0 0
160 206 0 0
159 206 0 0
158 206 0 0
157 206 0 0
156 206 0 0
155 206 0 0
154 206 0 0
153 206 0 0
152 206 0 0
151 206 0 0
150 206 0 0
149 206 0 0
148 206 0 0
147 206 0 0
146 206 0 0
145 206 0 0
144 206 0 0
143 206 0 0
142 206 0 0
141 206 0 0
140 206 0 0
139 206 0 0
138 206 0 0
137 206 0 0
136 206 0 0
135 206 0 0
********135 205 0 0
135 204 0 0
135 203 0 0
135 202 0 0
135 201 0 0
135 200 0 0
135 199 0 0
135 198 0 0
135 197 0 0
135 196 0 0
135 195 0 0
135 194 0 0
135 193 0 0
135 192 0 0
135 191 0 0
135 190 0 0
135 189 0 0
135 188 0 0
135 187 0 0
135 186 0 0
135 185 0 0
135 184 0 0
135 183 0 0
135 182 0 0
135 181 0 0
135 180 0 0
135 179 0 0
135 178 0 0
135 177 0 0
135 176 0 0
135 175 0 0
135 174 0 0
136 173 0 0
137 172 0 0
138 171 0 0
139 170 0 0
140 169 0 0
141 168 0 0
142 167 0 0
143 166 0 0
144 166 0 0
145 166 0 0
146 166 0 0
147 166 0 0
148 166 0 0
149 166 0 0
150 166 0 0
151 166 0 0
151 166 0 1
151 166 0 0
*******************152 166 0 0
153 166 0 0
154 166 0 0
155 166 0 0
156 166 0 0
157 166 0 0
158 166 0 0
159 166 0 0
160 166 0 0
161 167 0 0
162 168 0 0
163 169 0 0
164 170 0 0
165 171 0 0
166 172 0 0
167 173 0 0
168 174 0 0
169 175 0 0
170 176 0 0
170 177 0 1
170 178 0 0
170 179 0 0
170 180 0 0
170 181 0 0
170 182 0 0
170 183 0 0
170 184 0 0
170 185 0 0
170 186 0 0
170 187 0 0
170 188 0 0
170 189 0 0
170 190 0 0
171 191 0 0
172 192 0 0
173 193 0 0
174 194 0 0
175 195 0 0
176 196 0 0
177 197 0 0
178 198 0 0
179 199 0 0
180 200 0 0
181 201 0 0
182 202 0 0
183 203 0 0
184 204 0 0
185 205 0 0
186 206 0 0
187 207 0 0
188 208 0 0
189 209 0 0
189 210 0 1
189 211 0 0
189 212 0 0
189 213 0 0
189 214 0 0
189 215 0 0
189 216 0 0
189 217 0 0
189 218 0 0
189 219 0 0
190 220 0 0
191 221 0 0
192 222 0 0
193 223 0 0
194 224 0 0
195 225 0 0
196 226 0 0
197 227 0 0
198 228 0 0
199 229 0 0
200 230 0 0
201 231 0 0
202 232 0 0
203 233 0 0
204 234 0 0
205 235 0 0
206 236 0 0
207 237 0 0
208 238 0 0
209 239 0 0
210 240 0 0
211 241 0 0
212 242 0 0
213 243 0 0
214 244 0 0
215 245 0 0
216 245 0 0
217 245 0 0
218 245 0 0
219 245 0 0
220 245 0 0
221 245 0 0
222 245 0 0
223 245 0 0
223 245 0 1
223 245 0 0
*******224 245 0 0
225 245 0 0
226 245 0 0
227 245 0 0
228 245 0 0
229 245 0 0
230 245 0 0
231 245 0 0
232 245 0 0
233 245 0 0
234 245 0 0
235 245 0 0
236 245 0 0
237 245 0 0
238 245 0 0
239 245 0 0
239 245 0 1
239 245 0 0
*******************************************239 245 1 0
239 245 0 0
******************************239 246 0 0
239 247 0 0
239 248 0 0
239 249 0 0
239 250 0 0
239 251 0 0
239 252 0 0
239 253 0 0
239 254 0 0
239 255 0 0
239 256 0 0
239 257 0 0
239 258 0 0
239 259 0 0
239 260 0 0
239 261 0 0
239 262 0 0
239 263 0 0
239 264 0 0
239 265 0 0
239 266 0 0
239 267 0 0
239 268 0 0
239 269 0 0
239 270 0 0
239 271 0 0
239 272 0 0
239 273 0 0
239 274 0 0
239 275 0 0
239 276 0 0
239 277 0 0
239 278 0 0
239 279 0 0
239 280 0 0
239 281 0 0
239 282 0 0
239 283 0 0
239 284 0 0
239 285 0 0
239 286 0 0
239 287 0 0
239 288 0 0
239 289 0 0
239 290 0 0
239 291 0 0
240 292 0 0
241 293 0 0
242 294 0 0
243 295 0 0
244 296 0 0
245 297 0 0
246 298 0 0
247 299 0 0
248 300 0 0
249 301 0 0
250 302 0 0
250 303 0 0
250 304 0 0
250 305 0 0
250 306 0 0
250 307 0 0
250 308 0 0
250 309 0 0
250 310 0 0
250 311 0 0
250 312 0 0
250 313 0 0
250 314 0 0
250 315 0 0
250 316 0 0
250 317 0 0
250 318 0 0
250 319 0 0
250 320 0 0
250 321 0 0
250 322 0 0
250 323 0 0
250 324 0 0
250 325 0 0
250 326 0 0
250 327 0 0
250 328 0 0
250 329 0 0
250 330 0 0
250 331 0 0
250 332 0 0
250 333 0 0
250 334 0 0
250 335 0 0
250 336 0 0
250 337 0 0
250 338 0 0
250 339 0 0
250 340 0 0
250 341 0 0
250 342 0 0
250 343 0 0
250 344 0 0
250 345 0 0
251 346 0 0
252 347 0 0
253 348 0 0
254 349 0 0
255 350 0 0
256 351 0 0
257 352 0 0
258 353 0 0
259 354 0 0
260 355 0 0
261 356 0 0
262 357 0 0
263 358 0 0
264 359 0 0
265 360 0 0
266 361 0 0
267 362 0 0
268 363 0 0
269 364 0 0
270 365 0 0
271 366 0 0
272 367 0 0
273 368 0 0
274 369 0 0
274 370 0 1
274 371 0 0
274 372 0 0
274 373 0 0
274 374 0 0
274 375 0 0
274 376 0 0
274 377 0 0
274 378 0 0
274 379 0 0
274 380 0 0
274 381 0 0
274 382 0 0
275 383 0 0
276 384 0 0
277 385 0 0
278 386 0 0
279 387 0 0
280 388 0 0
281 389 0 0
282 390 0 0
283 391 0 0
284 392 0 0
285 392 0 0
286 392 0 0
287 392 0 0
288 392 0 0
289 392 0 0
290 392 0 0
291 392 0 0
292 392 0 0
292 392 0 1
292 392 0 0
*******293 392 0 0
294 392 0 0
295 392 0 0
296 392 0 0
297 392 0 0
298 392 0 0
299 392 0 0
300 392 0 0
301 392 0 0
302 392 0 0
303 392 0 0
304 392 0 0
305 392 0 0
306 392 0 0
307 392 0 0
307 392 0 1
307 392 0 0
***************308 392 0 0
309 392 0 0
310 392 0 0
311 392 0 0
312 392 0 0
313 392 0 0
314 392 0 0
315 392 0 0
316 392 0 0
317 392 0 0
318 392 0 0
319 392 0 0
320 392 0 0
321 392 0 0
322 392 0 0
322 392 0 1
322 392 0 0
***************323 392 0 0
324 392 0 0
325 392 0 0
326 392 0 0
327 392 0 0
328 392 0 0
329 392 0 0
330 392 0 0
331 392 0 0
332 392 0 0
333 392 0 0
334 392 0 0
335 392 0 0
336 392 0 0
336 392 0 1
336 392 0 0
****************337 392 0 0
338 392 0 0
339 392 0 0
340 392 0 0
341 392 0 0
342 392 0 0
343 392 0 0
344 392 0 0
345 391 0 0
346 390 0 0
347 389 0 0
348 388 0 0
349 387 0 0
350 386 0 0
351 385 0 0
352 384 0 0
353 383 0 0
353 382 0 1
353 381 0 0
353 380 0 0
353 379 0 0
353 378 0 0
353 377 0 0
353 376 0 0
353 375 0 0
353 374 0 0
353 373 0 0
353 372 0 0
353 371 0 0
353 370 0 0
353 369 0 0
353 368 0 0
353 367 0 0
353 366 0 0
353 365 0 0
353 364 0 0
353 363 0 0
353 362 0 0
354 361 0 0
355 360 0 0
356 359 0 0
357 358 0 0
358 357 0 0
359 356 0 0
360 355 0 0
361 354 0 0
362 353 0 0
363 352 0 0
364 351 0 0
365 350 0 0
366 349 0 0
367 348 0 0
368 347 0 0
369 346 0 0
370 345 0 0
371 344 0 0
371 343 0 0
371 342 0 0
371 341 0 0
371 340 0 0
371 339 0 0
371 338 0 0
371 337 0 0
371 336 0 0
371 335 0 0
**********372 335 0 0
373 335 0 0
374 335 0 0
375 335 0 0
376 335 0 0
377 335 0 0
378 335 0 0
379 335 0 0
380 335 0 0
381 335 0 0
382 335 0 0
383 335 0 0
384 335 0 0
385 335 0 0
386 335 0 0
387 335 0 0
388 335 0 0
389 335 0 0
390 335 0 0
391 335 0 0
392 335 0 0
393 335 0 0
394 335 0 0
395 335 0 0
396 335 0 0
397 335 0 0
398 335 0 0
399 335 0 0
400 335 0 0
*********************************************400 334 0 0
400 333 0 0
400 332 0 0
400 331 0 0
400 330 0 0
400 329 0 0
400 328 0 0
400 327 0 0
400 326 0 0
400 325 0 0
400 324 0 0
400 323 0 0
400 322 0 0
400 321 0 0
400 320 0 0
400 319 0 0
400 318 0 0
400 317 0 0
400 316 0 0
400 315 0 0
400 314 0 1
400 313 0 0
400 312 0 0
400 311 0 0
400 310 0 0
400 309 0 0
400 308 0 0
400 307 0 0
400 306 0 0
400 305 0 0
*************************************400 305 1 0
400 305 0 0
*************************************************400 306 0 0
400 307 0 0
400 308 0 0
400 309 0 0
400 310 0 0
400 311 0 0
400 312 0 0
400 313 0 0
400 314 0 0
400 315 0 0
400 316 0 0
400 317 0 0
400 318 0 0
400 319 0 0
400 320 0 0
400 321 0 0
400 322 0 0
400 323 0 0
400 324 0 0
400 325 0 0
400 326 0 0
400 327 0 0
400 328 0 0
400 329 0 0
400 330 0 0
400 331 0 0
400 332 0 0
400 333 0 0
400 334 0 0
400 335 0 0
400 336 0 0
400 337 0 0
400 338 0 0
400 339 0 0
400 340 0 0
400 341 0 0
****************400 341 1 0
400 341 0 0
******************************399 341 0 0
398 341 0 0
397 341 0 0
396 341 0 0
395 341 0 0
394 341 0 0
393 341 0 0
392 341 0 0
391 341 0 0
390 341 0 0
389 342 0 0
388 343 0 0
387 344 0 0
386 345 0 0
385 346 0 0
384 347 0 0
383 348 0 0
382 349 0 0
381 350 0 0
380 351 0 0
379 352 0 0
378 353 0 0
377 354 0 0
376 355 0 0
375 356 0 0
374 357 0 0
373 358 0 0
372 359 0 0
371 360 0 0
370 361 0 0
369 362 0 0
368 363 0 0
367 364 0 0
366 365 0 0
365 366 0 0
364 367 0 0
363 368 0 0
362 369 0 0
361 370 0 0
360 371 0 0
359 372 0 0
358 373 0 0
357 374 0 0
356 375 0 0
355 376 0 0
354 377 0 0
353 378 0 0
352 379 0 0
351 380 0 0
350 381 0 0
349 382 0 0
348 383 0 0
347 384 0 0
346 384 0 0
345 384 0 0
344 384 0 0
343 384 0 0
342 384 0 0
341 384 0 0
340 384 0 0
339 384 0 0
338 384 0 0
337 384 0 0
336 384 0 0
335 384 0 0
334 384 0 0
333 384 0 0
332 384 0 0
331 384 0 0
330 384 0 0
329 384 0 0
328 384 0 0
327 384 0 0
326 384 0 0
325 384 0 0
324 384 0 0
323 384 0 0
322 384 0 0
321 384 0 0
320 384 0 0
319 384 0 0
318 384 0 0
317 384 0 0
316 384 0 0
315 384 0 0
314 384 0 0
*********314 383 0 0
314 382 0 0
314 381 0 0
314 380 0 0
314 379 0 0
314 378 0 0
314 377 0 0
314 376 0 0
314 375 0 0
315 374 0 0
316 373 0 0
317 372 0 0
318 371 0 0
319 370 0 0
320 369 0 0
321 368 0 0
322 367 0 0
323 366 0 0
324 365 0 0
325 364 0 0
326 363 0 0
327 362 0 0
328 362 0 0
329 362 0 0
330 362 0 0
331 362 0 0
332 362 0 0
333 362 0 0
334 362 0 0
335 362 0 0
336 362 0 0
336 362 0 1
336 362 0 0
***********337 362 0 0
338 362 0 0
339 362 0 0
340 362 0 0
341 362 0 0
342 362 0 0
343 362 0 0
344 362 0 0
345 362 0 0
346 362 0 0
347 362 0 0
348 362 0 0
349 362 0 0
350 362 0 0
351 362 0 0
351 362 0 1
351 362 0 0
*****************352 362 0 0
353 362 0 0
354 362 0 0
355 362 0 0
356 362 0 0
357 362 0 0
358 362 0 0
359 362 0 0
360 362 0 0
361 362 0 0
362 362 0 0
362 362 0 1
362 362 0 0
***************363 362 0 0
364 362 0 0
365 362 0 0
366 362 0 0
367 362 0 0
368 362 0 0
369 362 0 0
370 362 0 0
371 362 0 0
372 362 0 0
373 362 0 0
374 362 0 0
375 362 0 0
376 362 0 0
377 362 0 0
378 362 0 0
378 362 0 1
378 362 0 0
******378 361 0 0
378 360 0 0
378 359 0 0
378 358 0 0
378 357 0 0
378 356 0 0
378 355 0 0
378 354 0 0
378 353 0 0
378 352 0 0
379 351 0 0
380 350 0 0
381 349 0 0
382 348 0 0
383 347 0 0
384 346 0 0
385 345 0 0
386 344 0 0
387 343 0 0
388 342 0 0
389 341 0 0
390 340 0 0
391 339 0 0
392 338 0 0
393 337 0 0
394 336 0 0
395 335 0 0
396 334 0 0
397 333 0 0
397 332 0 1
397 331 0 0
397 330 0 0
397 329 0 0
397 328 0 0
397 327 0 0
397 326 0 0
397 325 0 0
397 324 0 0
397 323 0 0
397 322 0 0
398 321 0 0
399 320 0 0
400 319 0 0
400 318 0 0
400 317 0 0
400 316 0 0
400 315 0 0
400 314 0 0
400 313 0 0
400 312 0 0
400 311 0 0
400 310 0 0
400 309 0 0
400 308 0 0
400 307 0 0
400 306 0 0
400 305 0 1
400 304 0 0
400 303 0 0
400 302 0 0
400 301 0 0
400 300 0 0
400 299 0 0
400 298 0 0
400 297 0 0
400 296 0 0
400 295 0 0
400 294 0 0
400 293 0 0
400 292 0 0
400 291 0 0
400 290 0 0
400 289 0 0
400 288 0 0
400 287 0 0
400 286 0 0
400 285 0 0
400 284 0 0
400 283 0 0
400 282 0 0
400 281 0 0
400 280 0 0
*********400 280 0 1
400 280 0 0
*************************400 280 0 1
400 280 0 0
*******************************400 280 0 1
400 280 0 0
*****************************400 279 0 0
400 278 0 0
400 277 0 0
400 276 0 0
400 275 0 0
400 274 0 0
400 273 0 0
400 272 0 0
400 271 0 0
400 270 0 1
400 269 0 0
400 268 0 0
400 267 0 0
400 266 0 0
400 265 0 0
400 264 0 0
400 263 0 0
400 262 0 0
400 261 0 0
*****************400 261 0 1
400 261 0 0
*****************************400 260 0 0
400 259 0 0
400 258 0 0
400 257 0 0
400 256 0 0
400 255 0 0
400 254 0 0
400 253 0 0
400 252 0 0
400 251 0 0
400 250 0 0
400 249 0 0
400 248 0 0
400 247 0 0
400 246 0 0
400 245 0 0
400 244 0 0
400 243 0 0
400 242 0 0
400 241 0 0
400 240 0 0
400 239 0 0
400 238 0 0
400 237 0 0
400 236 0 0
400 235 0 0
400 234 0 0
400 233 0 0
400 232 0 0
400 231 0 0
400 230 0 0
400 229 0 0
********************************************************************400 229 1 0
400 229 0 0
****************400 228 0 0
400 227 0 0
400 226 0 0
400 225 0 0
400 224 0 0
400 223 0 0
400 222 0 0
400 221 0 0
400 220 0 0
400 219 0 0
400 218 0 0
400 217 0 0
400 216 0 0
400 215 0 0
400 214 0 0
400 213 0 0
400 212 0 0
400 211 0 0
400 210 0 0
*********************************400 209 0 0
400 208 0 0
400 207 0 0
400 206 0 0
400 205 0 0
400 204 0 0
400 203 0 0
400 202 0 0
400 201 0 0
400 200 0 0
400 199 0 0
400 198 0 0
400 197 0 0
400 196 0 0
400 195 0 0
400 194 0 0
400 193 0 0
400 192 0 0
400 191 0 0
400 190 0 0
400 189 0 0
400 188 0 0
400 187 0 0
400 186 0 0
400 185 0 0
400 184 0 0
**************************************************400 185 0 0
400 186 0 0
400 187 0 0
400 188 0 0
400 189 0 0
400 190 0 0
400 191 0 0
400 192 0 0
400 193 0 0
400 194 0 0
400 195 0 0
400 196 0 0
400 197 0 0
400 198 0 0
400 199 0 0
400 200 0 0
400 201 0 0
400 202 0 0
400 203 0 0
400 204 0 0
400 205 0 0
400 206 0 0
400 207 0 0
400 208 0 0
399 209 0 0
398 210 0 0
397 211 0 0
396 212 0 0
395 213 0 0
394 214 0 0
393 215 0 0
392 216 0 0
391 217 0 0
390 218 0 0
389 219 0 0
388 220 0 0
387 221 0 0
386 222 0 0
385 223 0 0
384 224 0 0
383 225 0 0
382 226 0 0
381 227 0 0
380 228 0 0
379 229 0 0
378 230 0 0
377 231 0 0
376 232 0 0
375 233 0 0
374 234 0 0
373 235 0 0
372 236 0 0
371 237 0 0
370 238 0 0
369 239 0 0
368 240 0 0
367 241 0 0
366 242 0 0
365 243 0 0
364 244 0 0
363 245 0 0
362 246 0 0
361 247 0 0
360 248 0 0
359 249 0 0
358 250 0 0
357 251 0 0
356 252 0 0
355 252 0 0
354 252 0 0
353 252 0 0
352 252 0 0
351 252 0 0
350 252 0 0
349 252 0 0
348 252 0 0
347 252 0 0
346 252 0 0
345 252 0 0
344 252 0 0
343 252 0 0
342 252 0 0
341 252 0 0
340 252 0 0
339 252 0 0
338 252 0 0
337 252 0 0
336 252 0 0
335 252 0 0
334 252 0 0
333 252 0 0
332 252 0 0
331 252 0 0
330 252 0 0
329 252 0 0
328 252 0 0
327 252 0 0
326 252 0 0
325 252 0 0
324 252 0 0
323 252 0 0
322 252 0 0
321 252 0 0
320 252 0 0
319 252 0 0
318 252 0 0
317 252 0 0
316 252 0 0
315 252 0 0
314 252 0 0
313 252 0 0
312 252 0 0
311 252 0 0
***********************************************************************************************************311 252 1 0
311 252 0 0
**************************************************************311 253 0 0
311 254 0 0
311 255 0 0
311 256 0 0
311 257 0 0
311 258 0 0
311 259 0 0
311 260 0 0
311 261 0 0
311 262 0 0
311 263 0 0
311 264 0 0
311 265 0 0
311 266 0 0
311 267 0 0
311 268 0 0
311 269 0 0
311 270 0 0
311 271 0 0
311 272 0 0
311 273 0 0
311 274 0 0
311 275 0 0
311 276 0 0
311 277 0 0
311 278 0 0
311 279 0 0
311 280 0 0
311 281 0 0
311 282 0 0
311 283 0 0
311 284 0 0
311 285 0 0
311 286 0 0
311 287 0 0
311 288 0 0
311 289 0 0
311 290 0 0
311 291 0 0
311 292 0 0
311 293 0 0
311 294 0 0
311 295 0 0
311 296 0 0
311 297 0 0
311 298 0 0
311 299 0 0
311 300 0 0
311 301 0 0
311 302 0 0
311 303 0 0
311 304 0 0
311 305 0 0
311 306 0 0
311 307 0 0
311 308 0 0
311 309 0 0
311 310 0 0
311 311 0 0
311 312 0 0
311 313 0 0
311 314 0 0
311 315 0 0
311 316 0 0
311 317 0 0
311 318 0 0
311 319 0 0
311 320 0 0
311 321 0 0
******312 321 0 0
313 321 0 0
314 321 0 0
315 321 0 0
316 321 0 0
317 321 0 0
318 321 0 0
319 321 0 0
320 321 0 0
321 321 0 0
322 321 0 0
323 321 0 0
324 321 0 0
325 321 0 0
326 321 0 0
327 321 0 0
327 321 0 1
327 321 0 0
**********************************************326 321 0 0
325 321 0 0
324 321 0 0
323 321 0 0
322 321 0 0
321 321 0 0
320 321 0 0
319 321 0 0
318 321 0 0
317 321 0 0
316 321 0 0
315 321 0 0
314 321 0 0
313 321 0 0
312 321 0 0
311 321 0 0
310 321 0 0
309 321 0 0
308 321 0 0
307 321 0 0
306 321 0 0
305 321 0 0
304 321 0 0
303 321 0 0
302 321 0 0
301 321 0 0
300 321 0 0
299 321 0 0
298 321 0 0
297 321 0 0
296 321 0 0
295 321 0 0
294 321 0 0
293 321 0 0
292 321 0 0
291 321 0 0
290 321 0 0
289 321 0 0
288 321 0 0
287 321 0 0
286 321 0 0
285 321 0 0
284 321 0 0
283 321 0 0
282 321 0 0
281 321 0 0
280 321 0 0
279 321 0 0
278 321 0 0
277 321 0 0
276 321 0 0
275 320 0 0
274 319 0 0
273 318 0 0
272 317 0 0
271 316 0 0
270 315 0 0
269 314 0 0
268 313 0 0
267 312 0 0
266 311 0 0
265 310 0 0
264 309 0 0
263 308 0 0
262 307 0 0
261 306 0 0
260 305 0 0
259 304 0 0
258 303 0 0
257 302 0 0
256 301 0 0
255 300 0 0
254 299 0 0
253 298 0 0
252 297 0 0
251 296 0 0
250 295 0 0
249 294 0 0
248 293 0 0
247 292 0 0
246 291 0 0
245 290 0 0
244 289 0 0
243 288 0 0
242 287 0 0
241 286 0 0
240 285 0 0
239 284 0 0
238 283 0 0
237 282 0 0
236 281 0 0
235 280 0 0
234 279 0 0
233 278 0 0
232 277 0 0
231 276 0 0
230 275 0 0
229 274 0 0
228 273 0 0
228 272 0 0
228 271 0 0
228 270 0 0
228 269 0 0
228 268 0 0
228 267 0 0
228 266 0 0
228 265 0 0
228 264 0 0
228 263 0 0
228 262 0 0
228 261 0 0
228 260 0 0
228 259 0 0
228 258 0 0
228 257 0 0
228 256 0 0
228 255 0 0
228 254 0 0
228 253 0 0
228 252 0 0
228 251 0 0
228 250 0 0
228 249 0 0
228 248 0 0
228 247 0 0
228 246 0 0
228 245 0 0
228 244 0 0
228 243 0 0
228 242 0 0
228 241 0 0
228 240 0 0
228 239 0 0
228 238 0 0
228 237 0 0
228 236 0 0
228 235 0 0
228 234 0 0
228 233 0 0
228 232 0 0
228 231 0 0
228 230 0 0
228 229 0 0
228 228 0 0
228 227 0 0
228 226 0 0
228 225 0 0
228 224 0 0
228 223 0 0
228 222 0 0
228 221 0 0
228 220 0 0
228 219 0 0
228 218 0 0
228 217 0 0
********************************************228 218 0 0
228 219 0 0
228 220 0 0
228 221 0 0
228 222 0 0
228 223 0 0
228 224 0 0
228 225 0 0
228 226 0 0
229 227 0 0
230 228 0 0
231 229 0 0
232 230 0 0
233 231 0 0
234 232 0 0
235 233 0 0
236 234 0 0
237 235 0 0
238 236 0 0
239 237 0 0
240 238 0 0
241 239 0 0
242 240 0 0
242 241 0 1
242 242 0 0
242 243 0 0
242 244 0 0
242 245 0 0
242 246 0 0
242 247 0 0
242 248 0 0
242 249 0 0
242 250 0 0
242 251 0 0
242 252 0 0
242 253 0 0
242 254 0 0
242 255 0 0
242 256 0 0
242 257 0 0
242 258 0 0
242 259 0 0
242 260 0 0
242 261 0 0
242 262 0 0
242 263 0 0
243 264 0 0
244 265 0 0
245 266 0 0
246 267 0 0
247 268 0 0
248 269 0 0
249 270 0 0
250 271 0 0
251 272 0 0
252 273 0 0
253 274 0 0
253 275 0 1
253 276 0 0
253 277 0 0
253 278 0 0
253 279 0 0
253 280 0 0
253 281 0 0
253 282 0 0
253 283 0 0
253 284 0 0
253 285 0 0
253 286 0 0
253 287 0 0
253 288 0 0
253 289 0 0
253 290 0 0
253 291 0 0
253 292 0 0
253 293 0 0
253 294 0 0
253 295 0 0
253 296 0 0
254 297 0 0
255 298 0 0
256 299 0 0
257 300 0 0
258 301 0 0
259 302 0 0
260 303 0 0
261 304 0 0
262 305 0 0
263 306 0 0
264 307 0 0
265 308 0 0
266 309 0 0
267 310 0 0
268 311 0 0
269 312 0 0
269 313 0 1
269 314 0 0
269 315 0 0
269 316 0 0
269 317 0 0
269 318 0 0
269 319 0 0
269 320 0 0
269 321 0 0
269 322 0 0
269 323 0 0
269 324 0 0
269 325 0 0
269 326 0 0
269 327 0 0
269 328 0 0
269 329 0 0
269 330 0 0
270 331 0 0
271 332 0 0
272 333 0 0
273 334 0 0
274 335 0 0
275 336 0 0
276 337 0 0
277 338 0 0
278 339 0 0
279 340 0 0
280 341 0 0
281 342 0 0
282 343 0 0
283 344 0 0
284 345 0 0
285 346 0 0
286 347 0 0
287 348 0 0
287 349 0 1
287 350 0 0
287 351 0 0
287 352 0 0
287 353 0 0
287 354 0 0
287 355 0 0
287 356 0 0
287 357 0 0
287 358 0 0
287 359 0 0
287 360 0 0
287 361 0 0
287 362 0 0
288 363 0 0
289 364 0 0
290 365 0 0
291 366 0 0
292 367 0 0
293 368 0 0
294 369 0 0
295 370 0 0
296 371 0 0
297 372 0 0
298 373 0 0
299 374 0 0
300 375 0 0
301 376 0 0
301 377 0 1
301 378 0 0
301 379 0 0
301 380 0 0
301 381 0 0
301 382 0 0
301 383 0 0
301 384 0 0
301 385 0 0
301 386 0 0
301 387 0 0
301 388 0 0
301 389 0 0
301 390 0 0
301 391 0 0
301 392 0 0
301 393 0 0
301 394 0 0
301 395 0 0
301 396 0 0
301 397 0 0
302 398 0 0
303 399 0 0
304 400 0 0
305 401 0 0
306 402 0 0
307 403 0 0
308 404 0 0
309 405 0 0
310 406 0 0
311 407 0 0
312 408 0 0
313 409 0 0
314 410 0 0
315 411 0 0
316 412 0 0
316 413 0 0
316 414 0 0
316 415 0 0
316 416 0 0
316 417 0 0
316 418 0 0
316 419 0 0
316 420 0 0
316 421 0 0
**********317 421 0 0
318 421 0 0
319 421 0 0
320 421 0 0
321 421 0 0
322 421 0 0
323 421 0 0
324 421 0 0
325 421 0 0
326 421 0 0
327 421 0 0
328 421 0 0
329 421 0 0
330 421 0 0
331 421 0 0
332 421 0 0
333 421 0 0
***********************************************************332 421 0 0
331 421 0 0
330 421 0 0
329 421 0 0
328 421 0 0
327 421 0 0
326 421 0 0
325 421 0 0
324 421 0 0
323 421 0 0
322 421 0 0
321 421 0 0
320 421 0 0
319 421 0 0
318 421 0 0
317 421 0 0
316 421 0 0
315 421 0 0
314 421 0 0
313 421 0 0
312 421 0 0
311 421 0 0
310 421 0 0
309 421 0 0
308 421 0 0
307 421 0 0
306 421 0 0
305 421 0 0
304 421 0 0
303 421 0 0
302 421 0 0
301 421 0 0
300 421 0 0
299 421 0 0
298 421 0 0
297 421 0 0
296 421 0 0
295 421 0 0
294 421 0 0
293 421 0 0
292 421 0 0
291 421 0 0
290 421 0 0
289 421 0 0
288 421 0 0
287 421 0 0
286 421 0 0
285 421 0 0
284 421 0 0
283 421 0 0
282 421 0 0
281 421 0 0
280 421 0 0
279 421 0 0
278 421 0 0
277 421 0 0
276 421 0 0
275 421 0 0
274 422 0 0
273 423 0 0
272 424 0 0
271 425 0 0
270 426 0 0
269 427 0 0
268 428 0 0
267 429 0 0
266 430 0 0
265 431 0 0
264 432 0 0
263 433 0 0
262 434 0 0
261 435 0 0
260 436 0 0
259 437 0 0
258 438 0 0
257 439 0 0
256 440 0 0
255 441 0 0
254 442 0 0
253 443 0 0
252 444 0 0
251 445 0 0
250 446 0 0
249 447 0 0
248 448 0 0
247 449 0 0
246 450 0 0
245 451 0 0
244 452 0 0
243 453 0 0
243 454 0 0
243 455 0 0
243 456 0 0
243 457 0 0
243 458 0 0
243 459 0 0
243 460 0 0
243 461 0 0
243 462 0 0
243 463 0 0
243 464 0 0
243 465 0 0
243 466 0 0
243 467 0 0
243 468 0 0
243 469 0 0
243 470 0 0
243 471 0 0
243 472 0 0
244 473 0 0
245 474 0 0
246 475 0 0
247 476 0 0
248 477 0 0
249 478 0 0
250 479 0 0
251 480 0 0
252 481 0 0
253 482 0 0
254 483 0 0
255 483 0 0
256 483 0 0
257 483 0 0
258 483 0 0
259 483 0 0
260 483 0 0
261 483 0 0
262 483 0 0
263 483 0 0
264 483 0 0
265 483 0 0
266 483 0 0
267 483 0 0
268 483 0 0
269 483 0 0
269 483 0 1
269 483 0 0
******270 483 0 0
271 483 0 0
272 483 0 0
273 483 0 0
274 483 0 0
275 483 0 0
276 483 0 0
277 483 0 0
278 483 0 0
279 483 0 0
280 483 0 0
281 483 0 0
282 483 0 0
283 483 0 0
284 483 0 0
285 483 0 0
285 483 0 1
285 483 0 0
*********285 482 0 0
285 481 0 0
285 480 0 0
285 479 0 0
285 478 0 0
285 477 0 0
286 476 0 0
287 475 0 0
288 474 0 0
289 473 0 0
290 472 0 0
291 471 0 0
292 470 0 0
293 469 0 0
294 468 0 0
295 467 0 0
295 466 0 1
295 465 0 0
295 464 0 0
295 463 0 0
295 462 0 0
295 461 0 0
295 460 0 0
295 459 0 0
295 458 0 0
295 457 0 0
295 456 0 0
295 455 0 0
295 454 0 0
295 453 0 0
296 452 0 0
297 451 0 0
298 450 0 0
299 449 0 0
300 448 0 0
301 447 0 0
302 446 0 0
303 445 0 0
304 444 0 0
305 443 0 0
306 442 0 0
307 441 0 0
308 440 0 0
309 439 0 0
310 438 0 0
311 437 0 0
312 436 0 0
313 435 0 0
313 434 0 1
313 433 0 0
313 432 0 0
313 431 0 0
313 430 0 0
313 429 0 0
313 428 0 0
313 427 0 0
313 426 0 0
313 425 0 0
313 424 0 0
313 423 0 0
313 422 0 0
313 421 0 0
314 420 0 0
315 419 0 0
316 418 0 0
317 417 0 0
318 416 0 0
319 415 0 0
320 414 0 0
321 413 0 0
322 412 0 0
323 411 0 0
324 410 0 0
325 409 0 0
326 408 0 0
327 407 0 0
328 406 0 0
329 405 0 0
330 404 0 0
331 403 0 0
331 402 0 1
331 401 0 0
331 400 0 0
331 399 0 0
331 398 0 0
331 397 0 0
331 396 0 0
331 395 0 0
331 394 0 0
331 393 0 0
331 392 0 0
331 391 0 0
331 390 0 0
331 389 0 0
331 388 0 0
331 387 0 0
332 386 0 0
333 385 0 0
334 384 0 0
335 383 0 0
336 382 0 0
337 381 0 0
338 380 0 0
339 379 0 0
340 378 0 0
341 377 0 0
342 376 0 0
343 375 0 0
344 374 0 0
345 373 0 0
345 372 0 1
345 371 0 0
345 370 0 0
345 369 0 0
345 368 0 0
345 367 0 0
345 366 0 0
345 365 0 0
345 364 0 0
345 363 0 0
*****************************************************345 363 1 0
345 363 0 0
******************************************************************************************************************************************345 363 1 0
345 363 0 0
**************************************************345 364 0 0
345 365 0 0
345 366 0 0
345 367 0 0
345 368 0 0
345 369 0 0
345 370 0 0
345 371 0 0
345 372 0 0
345 373 0 0
345 374 0 0
345 375 0 0
345 376 0 0
345 377 0 0
345 378 0 0
345 379 0 0
345 380 0 0
345 381 0 0
345 382 0 0
345 383 0 0
345 384 0 0
346 385 0 0
347 386 0 0
348 387 0 0
349 388 0 0
350 389 0 0
351 390 0 0
352 391 0 0
353 392 0 0
354 393 0 0
355 394 0 0
356 395 0 0
357 396 0 0
358 397 0 0
359 398 0 0
360 399 0 0
361 400 0 0
361 401 0 1
361 402 0 0
361 403 0 0
361 404 0 0
361 405 0 0
361 406 0 0
361 407 0 0
361 408 0 0
361 409 0 0
361 410 0 0
361 411 0 0
361 412 0 0
361 413 0 0
361 414 0 0
361 415 0 0
361 416 0 0
********362 416 0 0
363 416 0 0
364 416 0 0
365 416 0 0
366 416 0 0
367 416 0 0
368 416 0 0
369 416 0 0
370 416 0 0
371 416 0 0
371 416 0 1
371 416 0 0
*******************372 416 0 0
373 416 0 0
374 416 0 0
375 416 0 0
376 416 0 0
377 416 0 0
378 416 0 0
379 416 0 0
380 415 0 0
381 414 0 0
382 413 0 0
383 412 0 0
384 411 0 0
385 410 0 0
386 409 0 0
387 408 0 0
388 407 0 0
388 406 0 1
388 405 0 0
388 404 0 0
388 403 0 0
388 402 0 0
388 401 0 0
388 400 0 0
388 399 0 0
388 398 0 0
388 397 0 0
*********389 397 0 0
390 397 0 0
391 397 0 0
392 397 0 0
393 397 0 0
394 397 0 0
395 397 0 0
396 397 0 0
397 397 0 0
398 397 0 0
399 397 0 0
400 397 0 0
400 397 0 1
400 397 0 0
***********************400 396 0 0
400 395 0 0
400 394 0 0
400 393 0 0
400 392 0 0
400 391 0 0
400 390 0 0
400 389 0 0
400 388 0 0
400 387 0 0
400 386 0 1
400 385 0 0
400 384 0 0
400 383 0 0
400 382 0 0
400 381 0 0
400 380 0 0
400 379 0 0
400 378 0 0
*************************400 378 0 1
400 378 0 0
**************************************400 378 0 1
400 378 0 0
****************400 377 0 0
400 376 0 0
400 375 0 0
400 374 0 0
400 373 0 0
400 372 0 0
400 371 0 0
400 370 0 0
400 369 0 0
400 368 0 0
400 367 0 0
400 366 0 0
400 365 0 0
400 364 0 0
400 363 0 0
400 362 0 0
400 361 0 0
********400 361 0 1
400 361 0 0
**********************400 361 0 1
400 361 0 0
***************************************************400 360 0 0
400 359 0 0
400 358 0 0
400 357 0 0
400 356 0 0
400 355 0 0
400 354 0 0
400 353 0 0
400 352 0 0
400 351 0 0
400 350 0 0
400 349 0 0
400 348 0 0
400 347 0 0
400 346 0 0
400 345 0 0
400 344 0 0
400 343 0 0
400 342 0 0
400 341 0 0
400 340 0 0
400 339 0 0
400 338 0 0
400 337 0 0
400 336 0 0
400 335 0 0
400 334 0 0
400 333 0 0
400 332 0 0
400 331 0 0
399 330 0 0
398 329 0 0
397 328 0 0
396 327 0 0
395 326 0 0
394 325 0 0
393 324 0 0
392 323 0 0
391 322 0 0
390 321 0 0
389 321 0 0
388 321 0 0
387 321 0 0
386 321 0 0
385 321 0 0
384 321 0 0
383 321 0 0
382 321 0 0
381 321 0 0
380 321 0 0
379 321 0 0
378 321 0 0
377 321 0 0
376 321 0 0
375 321 0 0
374 321 0 0
373 321 0 0
372 321 0 0
371 321 0 0
370 321 0 0
369 321 0 0
368 321 0 0
367 321 0 0
366 321 0 0
365 321 0 0
364 321 0 0
363 321 0 0
362 321 0 0
361 321 0 0
360 321 0 0
359 321 0 0
358 321 0 0
357 321 0 0
356 321 0 0
355 321 0 0
354 321 0 0
353 321 0 0
352 321 0 0
351 321 0 0
350 321 0 0
349 321 0 0
348 321 0 0
347 321 0 0
346 321 0 0
345 321 0 0
344 321 0 0
343 321 0 0
342 321 0 0
341 321 0 0
340 321 0 0
339 321 0 0
338 321 0 0
337 321 0 0
336 321 0 0
335 321 0 0
334 321 0 0
333 321 0 0
332 321 0 0
331 321 0 0
330 321 0 0
329 321 0 0
328 321 0 0
327 321 0 0
326 321 0 0
325 321 0 0
324 321 0 0
323 321 0 0
322 321 0 0
321 321 0 0
320 321 0 0
319 321 0 0
318 321 0 0
317 321 0 0
316 321 0 0
315 321 0 0
314 321 0 0
313 321 0 0
312 321 0 0
311 321 0 0
310 321 0 0
309 321 0 0
308 321 0 0
307 321 0 0
306 321 0 0
305 321 0 0
304 321 0 0
303 321 0 0
302 321 0 0
301 321 0 0
300 321 0 0
299 321 0 0
298 321 0 0
297 321 0 0
296 321 0 0
295 321 0 0
294 321 0 0
293 321 0 0
292 321 0 0
291 321 0 0
290 321 0 0
289 321 0 0
288 321 0 0
287 321 0 0
286 321 0 0
285 321 0 0
284 321 0 0
283 321 0 0
282 321 0 0
281 321 0 0
280 321 0 0
279 321 0 0
278 321 0 0
277 321 0 0
276 321 0 0
275 321 0 0
274 321 0 0
273 321 0 0
272 321 0 0
271 321 0 0
270 321 0 0
269 321 0 0
268 321 0 0
267 321 0 0
266 321 0 0
265 321 0 0
264 321 0 0
****************************************************************265 321 0 0
266 321 0 0
267 321 0 0
268 321 0 0
269 321 0 0
270 321 0 0
271 321 0 0
272 321 0 0
273 321 0 0
274 321 0 0
275 321 0 0
276 321 0 0
277 321 0 0
278 321 0 0
279 321 0 0
280 321 0 0
281 321 0 0
282 321 0 0
283 321 0 0
284 321 0 0
285 321 0 0
286 321 0 0
287 321 0 0
287 321 0 1
287 321 0 0
***************************************************************************************************************287 321 1 0
287 321 0 0
*******************************************************************************************************************************************************************************************************************************************************287 321 1 0
287 321 0 0
*****************************************************************************************************************************************287 322 0 0
287 323 0 0
287 324 0 0
287 325 0 0
287 326 0 0
287 327 0 0
287 328 0 0
287 329 0 0
287 330 0 0
287 331 0 0
286 332 0 0
285 333 0 0
284 334 0 0
283 335 0 0
282 336 0 0
281 337 0 0
280 338 0 0
279 339 0 0
278 340 0 0
277 341 0 0
276 342 0 0
275 343 0 0
274 344 0 0
273 345 0 0
272 346 0 0
271 347 0 0
270 348 0 0
269 349 0 0
268 350 0 0
267 351 0 0
266 352 0 0
265 353 0 0
264 354 0 0
263 355 0 0
262 356 0 0
261 357 0 0
260 358 0 0
259 359 0 0
258 360 0 0
257 361 0 0
256 362 0 0
255 363 0 0
254 364 0 0
253 365 0 0
252 366 0 0
251 367 0 0
250 368 0 0
249 369 0 0
248 370 0 0
247 371 0 0
246 372 0 0
245 373 0 0
244 374 0 0
243 375 0 0
242 376 0 0
241 377 0 0
240 378 0 0
239 379 0 0
239 380 0 0
239 381 0 0
239 382 0 0
239 383 0 0
239 384 0 0
239 385 0 0
239 386 0 0
239 387 0 0
239 388 0 0
**********240 388 0 0
241 388 0 0
242 388 0 0
243 388 0 0
244 388 0 0
245 388 0 0
246 388 0 0
247 388 0 0
248 388 0 0
249 388 0 0
250 388 0 0
251 388 0 0
252 388 0 0
253 388 0 0
254 388 0 0
255 388 0 0
256 388 0 0
257 388 0 0
258 388 0 0
259 388 0 0
260 388 0 0
260 388 0 1
260 388 0 0
*****************261 388 0 0
262 388 0 0
263 388 0 0
264 388 0 0
265 388 0 0
266 388 0 0
267 388 0 0
268 388 0 0
269 388 0 0
270 388 0 0
271 388 0 0
272 388 0 0
273 388 0 0
274 388 0 0
275 388 0 0
276 388 0 0
277 388 0 0
277 388 0 1
277 388 0 0
********277 387 0 0
277 386 0 0
277 385 0 0
277 384 0 0
277 383 0 0
277 382 0 0
277 381 0 0
277 380 0 0
277 379 0 0
277 378 0 0
277 377 0 0
277 376 0 0
277 375 0 0
277 374 0 0
277 373 0 0
277 372 0 0
277 371 0 0
277 370 0 0
277 369 0 0
277 368 0 0
277 367 0 0
277 366 0 0
277 365 0 0
277 364 0 0
277 363 0 0
277 362 0 0
277 361 0 0
277 360 0 0
277 359 0 0
277 358 0 0
277 357 0 0
277 356 0 0
277 355 0 0
277 354 0 0
277 353 0 0
**************277 353 1 0
277 353 0 0
*******************277 352 0 0
277 351 0 0
277 350 0 0
277 349 0 0
277 348 0 0
277 347 0 0
277 346 0 0
277 345 0 0
277 344 0 0
277 343 0 0
277 342 0 0
277 341 0 0
277 340 0 0
277 339 0 0
277 338 0 0
277 337 0 0
277 336 0 0
277 335 0 0
277 334 0 0
277 333 0 0
277 332 0 0
277 331 0 0
277 330 0 0
277 329 0 0
277 328 0 0
277 327 0 0
277 326 0 0
277 325 0 0
277 324 0 0
277 323 0 0
277 322 0 0
277 321 0 0
277 320 0 0
277 319 0 0
277 318 0 0
277 317 0 0
277 316 0 0
277 315 0 0
277 314 0 0
277 313 0 0
277 312 0 0
*****************************************************277 313 0 0
277 314 0 0
277 315 0 0
277 316 0 0
277 317 0 0
277 318 0 0
277 319 0 0
277 320 0 0
277 321 0 0
277 322 0 0
277 323 0 0
277 324 0 0
277 325 0 0
277 326 0 0
277 327 0 0
277 328 0 0
277 329 0 0
277 330 0 0
277 331 0 0
277 332 0 0
277 333 0 0
277 334 0 0
277 335 0 0
277 336 0 0
277 337 0 0
277 338 0 0
278 339 0 0
279 340 0 0
280 341 0 0
281 342 0 0
282 343 0 0
283 344 0 0
284 345 0 0
285 346 0 0
286 347 0 0
287 348 0 0
288 349 0 0
289 350 0 0
290 351 0 0
291 352 0 0
292 353 0 0
293 354 0 0
294 355 0 0
295 356 0 0
296 357 0 0
297 358 0 0
298 359 0 0
299 360 0 0
300 361 0 0
301 362 0 0
301 363 0 1
301 364 0 0
301 365 0 0
301 366 0 0
301 367 0 0
301 368 0 0
301 369 0 0
301 370 0 0
**********************************************301 370 1 0
301 370 0 0
********301 369 0 0
301 368 0 0
301 367 0 0
301 366 0 0
301 365 0 0
301 364 0 0
301 363 0 0
301 362 0 0
301 361 0 0
301 360 0 0
301 359 0 0
301 358 0 0
301 357 0 0
301 356 0 0
301 355 0 0
301 354 0 0
301 353 0 0
301 352 0 0
301 351 0 0
301 350 0 0
301 349 0 0
301 348 0 0
301 347 0 0
301 346 0 0
301 345 0 0
301 344 0 0
301 343 0 0
301 342 0 0
301 341 0 0
301 340 0 0
301 339 0 0
301 338 0 0
301 337 0 0
301 336 0 0
301 335 0 0
301 334 0 0
301 333 0 0
301 332 0 0
301 331 0 0
301 330 0 0
301 329 0 0
301 328 0 0
301 327 0 0
302 326 0 0
303 325 0 0
304 324 0 0
305 323 0 0
306 322 0 0
307 321 0 0
308 320 0 0
309 319 0 0
310 319 0 0
311 319 0 0
312 319 0 0
313 319 0 0
314 319 0 0
315 319 0 0
316 319 0 0
317 319 0 0
318 319 0 0
318 319 0 1
318 319 0 0
*********319 319 0 0
320 319 0 0
321 319 0 0
322 319 0 0
323 319 0 0
324 319 0 0
325 319 0 0
326 319 0 0
327 319 0 0
328 319 0 0
329 319 0 0
330 318 0 0
331 317 0 0
332 316 0 0
333 315 0 0
334 314 0 0
335 313 0 0
336 312 0 0
337 311 0 0
338 310 0 0
339 309 0 0
339 308 0 1
339 307 0 0
339 306 0 0
339 305 0 0
339 304 0 0
339 303 0 0
339 302 0 0
339 301 0 0
339 300 0 0
339 299 0 0
340 298 0 0
341 297 0 0
342 296 0 0
343 295 0 0
344 294 0 0
345 293 0 0
346 292 0 0
347 291 0 0
348 290 0 0
349 289 0 0
350 288 0 0
351 287 0 0
352 286 0 0
353 285 0 0
354 285 0 0
355 285 0 0
356 285 0 0
357 285 0 0
358 285 0 0
359 285 0 0
360 285 0 0
361 285 0 0
362 285 0 0
363 285 0 0
364 285 0 0
365 285 0 0
366 285 0 0
366 285 0 1
366 285 0 0
******366 284 0 0
366 283 0 0
366 282 0 0
366 281 0 0
366 280 0 0
366 279 0 0
366 278 0 0
366 277 0 0
367 276 0 0
368 275 0 0
369 274 0 0
370 273 0 0
371 272 0 0
372 271 0 0
373 270 0 0
374 269 0 0
375 268 0 0
375 267 0 1
375 266 0 0
375 265 0 0
375 264 0 0
375 263 0 0
375 262 0 0
375 261 0 0
375 260 0 0
**********376 260 0 0
377 260 0 0
378 260 0 0
379 260 0 0
380 260 0 0
381 260 0 0
382 260 0 0
383 260 0 0
384 260 0 0
385 260 0 0
386 260 0 0
387 260 0 0
388 260 0 0
389 260 0 0
390 260 0 0
391 260 0 0
**************392 260 0 0
393 260 0 0
394 260 0 0
395 260 0 0
396 260 0 0
397 260 0 0
398 260 0 0
399 260 0 0
400 260 0 0
*******400 261 0 0
400 262 0 0
400 263 0 0
400 264 0 0
400 265 0 0
400 266 0 0
400 267 0 0
400 268 0 0
400 269 0 0
400 270 0 0
400 271 0 1
400 272 0 0
400 273 0 0
400 274 0 0
400 275 0 0
400 276 0 0
400 277 0 0
400 278 0 0
400 279 0 0
400 280 0 0
400 281 0 0
400 282 0 0
400 283 0 0
400 284 0 0
400 285 0 0
400 286 0 0
400 287 0 0
400 288 0 0
*************************************************************************************************************************************************************************************************************************************************************