1448816848
1
2
0
108 294 0 0
0 0 0 0
108 294 0 0
0 0 0 0
108 294 0 0
0 0 0 0
108 294 0 0
0 0 0 0
108 294 0 0
0 0 0 0
108 294 0 0
0 0 0 0
108 294 0 0
0 0 0 0
108 294 0 0
0 0 0 0
108 294 0 0
0 0 0 0
108 294 0 0
0 0 0 0
108 294 0 0
0 0 0 0
108 294 0 0
0 0 0 0
108 294 0 0
0 0 0 0
108 294 0 0
0 0 0 0
108 294 0 0
0 0 0 0
108 294 0 0
0 0 0 0
108 294 0 0
0 0 0 0
108 294 0 0
0 0 0 0
108 294 0 0
0 0 0 0
108 294 0 0
0 0 0 0
108 294 0 0
0 0 0 0
108 294 0 0
0 0 0 0
108 294 0 0
0 0 0 0
108 294 0 0
0 0 0 0
108 294 0 0
0 0 0 0
108 294 0 0
0 0 0 0
108 294 0 0
0 0 0 0
108 294 0 0
0 0 0 0
108 294 0 0
0 0 0 0
108 294 0 0
0 0 0 0
108 294 0 0
0 0 0 0
108 294 0 0
0 0 0 0
108 294 0 0
0 0 0 0
108 294 0 0
0 0 0 0
108 294 0 0
0 0 0 0
108 294 0 0
0 0 0 0
108 294 0 0
0 0 0 0
108 294 0 0
0 0 0 0
108 294 0 0
0 0 0 0
108 294 0 0
0 0 0 0
108 294 0 0
0 0 0 0
108 294 0 0
0 0 0 0
108 294 0 0
0 0 0 0
108 294 0 0
0 0 0 0
108 294 0 0
0 0 0 0
108 294 0 0
0 0 0 0
108 294 0 0
0 0 0 0
108 294 0 0
0 0 0 0
108 294 0 0
0 0 0 0
108 294 0 0
0 0 0 0
108 294 0 0
0 0 0 0
108 294 0 0
0 0 0 0
108 294 0 0
0 0 0 0
108 294 0 0
0 0 0 0
108 294 0 0
0 0 0 0
108 294 0 0
0 0 0 0
108 294 0 0
0 0 0 0
108 294 0 0
0 0 0 0
108 294 0 0
0 0 0 0
108 294 0 0
0 0 0 0
108 294 0 0
0 0 0 0
108 294 0 0
0 0 0 0
108 294 0 0
0 0 0 0
108 294 0 0
0 0 0 0
108 294 0 0
0 0 0 0
108 296 0 0
0 0 0 0
108 298 0 0
0 0 0 0
108 300 0 0
0 0 0 0
108 302 0 0
0 0 0 0
108 304 0 0
0 0 0 0
108 306 0 0
0 0 0 0
108 308 0 0
0 0 0 0
108 310 0 0
0 0 0 0
108 312 0 0
0 0 0 0
108 314 0 0
0 0 0 0
108 316 0 0
0 0 0 0
108 318 0 0
0 0 0 0
108 320 0 0
0 0 0 0
108 322 0 0
0 0 0 0
108 324 0 0
0 0 0 0
108 326 0 0
0 0 0 0
108 328 0 0
0 0 0 0
108 330 0 0
0 0 0 0
108 332 0 0
0 0 0 0
108 334 0 0
0 0 0 0
110 336 0 0
0 0 0 0
112 338 0 0
0 0 0 0
114 340 0 0
0 0 0 0
116 342 0 0
0 0 0 0
118 344 0 0
0 0 0 0
120 346 0 0
0 0 0 0
122 348 0 0
0 0 0 0
124 350 0 0
0 0 0 0
126 352 0 0
0 0 0 0
126 354 0 1
0 0 0 0
126 356 0 0
0 0 0 0
126 358 0 0
0 0 0 0
126 360 0 0
0 0 0 0
126 362 0 0
0 0 0 0
126 364 0 0
0 0 0 0
126 366 0 0
0 0 0 0
128 368 0 0
0 0 0 0
130 370 0 0
0 0 0 0
132 372 0 0
0 0 0 0
134 374 0 0
0 0 0 0
136 376 0 0
0 0 0 0
138 376 0 0
0 0 0 0
140 376 0 0
0 0 0 0
142 376 0 0
0 0 0 0
144 376 0 0
0 0 0 0
146 376 0 0
0 0 0 0
148 376 0 0
0 0 0 0
148 376 0 1
0 0 0 0
148 376 0 0
0 0 0 0
148 376 0 0
0 0 0 0
148 376 0 0
0 0 0 0
148 376 0 0
0 0 0 0
148 376 0 0
0 0 0 0
148 376 0 0
0 0 0 0
148 376 0 0
0 0 0 0
148 376 0 0
0 0 0 0
148 376 0 0
0 0 0 0
148 376 0 0
0 0 0 0
148 376 0 0
0 0 0 0
148 376 0 0
0 0 0 0
148 376 0 0
0 0 0 0
148 376 0 0
0 0 0 0
148 376 0 0
0 0 0 0
148 376 0 0
0 0 0 0
148 376 0 0
0 0 0 0
148 376 0 0
0 0 0 0
148 376 0 0
0 0 0 0
148 376 0 0
0 0 0 0
148 376 0 0
0 0 0 0
148 376 0 0
0 0 0 0
148 376 0 0
0 0 0 0
148 376 0 0
0 0 0 0
148 376 0 0
0 0 0 0
148 376 0 0
0 0 0 0
148 376 0 0
0 0 0 0
148 376 0 0
0 0 0 0
148 376 0 0
0 0 0 0
148 376 0 0
0 0 0 0
148 376 0 0
0 0 0 0
148 376 0 0
0 0 0 0
148 376 0 0
0 0 0 0
150 376 0 0
0 0 0 0
152 376 0 0
0 0 0 0
154 376 0 0
0 0 0 0
156 376 0 0
0 0 0 0
158 376 0 0
0 0 0 0
160 378 0 0
0 0 0 0
162 380 0 0
0 0 0 0
164 382 0 0
0 0 0 0
166 384 0 0
0 0 0 0
166 386 0 1
0 0 0 0
166 388 0 0
0 0 0 0
166 390 0 0
0 0 0 0
166 392 0 0
0 0 0 0
166 392 0 0
0 0 0 0
166 392 0 0
0 0 0 0
166 392 0 0
0 0 0 0
166 392 0 0
0 0 0 0
166 392 0 0
0 0 0 0
168 392 0 0
0 0 0 0
170 392 0 0
0 0 0 0
172 392 0 0
0 0 0 0
174 392 0 0
0 0 0 0
176 392 0 0
0 0 0 0
178 390 0 0
0 0 0 0
180 388 0 0
0 0 0 0
182 386 0 0
0 0 0 0
184 384 0 0
0 0 0 0
186 382 0 0
0 0 0 0
186 380 0 1
0 0 0 0
186 378 0 0
0 0 0 0
186 376 0 0
0 0 0 0
186 374 0 0
0 0 0 0
186 372 0 0
0 0 0 0
186 370 0 0
0 0 0 0
186 368 0 0
0 0 0 0
188 366 0 0
0 0 0 0
190 364 0 0
0 0 0 0
192 362 0 0
0 0 0 0
194 360 0 0
0 0 0 0
196 358 0 0
0 0 0 0
198 356 0 0
0 0 0 0
200 354 0 0
0 0 0 0
202 352 0 0
0 0 0 0
204 350 0 0
0 0 0 0
204 348 0 1
0 0 0 0
204 346 0 0
0 0 0 0
204 344 0 0
0 0 0 0
204 342 0 0
0 0 0 0
204 340 0 0
0 0 0 0
204 338 0 0
0 0 0 0
204 336 0 0
0 0 0 0
204 334 0 0
0 0 0 0
206 332 0 0
0 0 0 0
208 330 0 0
0 0 0 0
210 328 0 0
0 0 0 0
212 326 0 0
0 0 0 0
214 324 0 0
0 0 0 0
216 322 0 0
0 0 0 0
218 320 0 0
0 0 0 0
220 318 0 0
0 0 0 0
222 316 0 0
0 0 0 0
222 314 0 1
0 0 0 0
222 312 0 0
0 0 0 0
222 310 0 0
0 0 0 0
222 308 0 0
0 0 0 0
222 306 0 0
0 0 0 0
222 304 0 0
0 0 0 0
222 302 0 0
0 0 0 0
222 300 0 0
0 0 0 0
224 298 0 0
0 0 0 0
226 296 0 0
0 0 0 0
228 294 0 0
0 0 0 0
230 292 0 0
0 0 0 0
232 290 0 0
0 0 0 0
234 288 0 0
0 0 0 0
236 286 0 0
0 0 0 0
236 284 0 1
0 0 0 0
236 282 0 0
0 0 0 0
236 280 0 0
0 0 0 0
236 278 0 0
0 0 0 0
236 276 0 0
0 0 0 0
236 274 0 0
0 0 0 0
236 272 0 0
0 0 0 0
236 270 0 0
0 0 0 0
236 268 0 0
0 0 0 0
238 266 0 0
0 0 0 0
240 264 0 0
0 0 0 0
242 262 0 0
0 0 0 0
244 260 0 0
0 0 0 0
246 258 0 0
0 0 0 0
248 256 0 0
0 0 0 0
250 254 0 0
0 0 0 0
252 254 0 0
0 0 0 0
254 254 0 0
0 0 0 0
256 254 0 0
0 0 0 0
258 254 0 0
0 0 0 0
258 254 0 1
0 0 0 0
258 254 0 0
0 0 0 0
258 254 0 0
0 0 0 0
258 254 0 0
0 0 0 0
258 254 0 0
0 0 0 0
258 254 0 0
0 0 0 0
258 254 0 0
0 0 0 0
258 254 0 0
0 0 0 0
258 254 0 0
0 0 0 0
258 254 0 0
0 0 0 0
258 254 0 0
0 0 0 0
258 254 0 0
0 0 0 0
258 254 0 0
0 0 0 0
258 254 0 0
0 0 0 0
258 254 0 0
0 0 0 0
258 254 0 0
0 0 0 0
258 254 0 0
0 0 0 0
258 254 0 0
0 0 0 0
258 254 0 0
0 0 0 0
258 254 0 0
0 0 0 0
258 254 0 0
0 0 0 0
258 254 0 0
0 0 0 0
258 254 0 0
0 0 0 0
258 254 0 0
0 0 0 0
258 254 0 0
0 0 0 0
258 254 0 0
0 0 0 0
258 254 0 0
0 0 0 0
258 254 0 0
0 0 0 0
258 254 0 0
0 0 0 0
258 254 0 0
0 0 0 0
258 254 0 0
0 0 0 0
258 254 0 0
0 0 0 0
258 254 0 0
0 0 0 0
258 254 0 0
0 0 0 0
258 254 0 0
0 0 0 0
258 254 0 0
0 0 0 0
258 254 0 0
0 0 0 0
258 254 0 0
0 0 0 0
258 254 0 0
0 0 0 0
258 254 0 0
0 0 0 0
258 254 0 0
0 0 0 0
258 254 0 0
0 0 0 0
258 254 0 0
0 0 0 0
258 254 0 0
0 0 0 0
258 254 0 0
0 0 0 0
258 254 0 0
0 0 0 0
258 254 0 0
0 0 0 0
258 254 0 0
0 0 0 0
258 254 0 0
0 0 0 0
258 254 0 0
0 0 0 0
258 254 0 0
0 0 0 0
258 254 0 0
0 0 0 0
258 254 0 0
0 0 0 0
258 254 0 0
0 0 0 0
258 254 0 0
0 0 0 0
258 254 0 0
0 0 0 0
258 254 0 0
0 0 0 0
258 254 0 0
0 0 0 0
258 254 0 0
0 0 0 0
258 254 0 0
0 0 0 0
258 254 0 0
0 0 0 0
258 254 0 0
0 0 0 0
258 254 0 0
0 0 0 0
258 254 0 0
0 0 0 0
258 254 0 0
0 0 0 0
258 254 0 0
0 0 0 0
258 254 0 0
0 0 0 0
258 254 0 0
0 0 0 0
258 254 0 0
0 0 0 0
258 254 0 0
0 0 0 0
258 254 0 0
0 0 0 0
258 254 0 0
0 0 0 0
258 254 0 0
0 0 0 0
258 254 0 0
0 0 0 0
258 254 0 0
0 0 0 0
258 254 0 0
0 0 0 0
258 254 0 0
0 0 0 0
258 254 0 0
0 0 0 0
258 254 0 0
0 0 0 0
258 254 0 0
0 0 0 0
258 254 0 0
0 0 0 0
258 254 0 0
0 0 0 0
258 254 0 0
0 0 0 0
258 254 0 0
0 0 0 0
258 254 0 0
0 0 0 0
258 254 0 0
0 0 0 0
258 254 0 0
0 0 0 0
258 254 0 0
0 0 0 0
258 254 0 0
0 0 0 0
258 254 0 0
0 0 0 0
258 254 0 0
0 0 0 0
258 254 0 0
0 0 0 0
258 254 0 0
0 0 0 0
258 254 0 0
0 0 0 0
258 254 1 0
0 0 0 0
258 254 0 0
0 0 0 0
258 254 0 0
0 0 0 0
258 254 0 0
0 0 0 0
258 254 0 0
0 0 0 0
258 254 0 0
0 0 0 0
258 254 0 0
0 0 0 0
258 254 0 0
0 0 0 0
258 254 0 0
0 0 0 0
258 254 0 0
0 0 0 0
258 254 0 0
0 0 0 0
258 254 0 0
0 0 0 0
258 254 0 0
0 0 0 0
258 254 0 0
0 0 0 0
258 254 0 0
0 0 0 0
258 254 0 0
0 0 0 0
258 254 0 0
0 0 0 0
258 254 0 0
0 0 0 0
258 254 0 0
0 0 0 0
258 254 0 0
0 0 0 0
258 254 0 0
0 0 0 0
258 254 0 0
0 0 0 0
258 254 0 0
0 0 0 0
258 254 0 0
0 0 0 0
258 254 0 0
0 0 0 0
258 254 0 0
0 0 0 0
258 254 0 0
0 0 0 0
258 254 0 0
0 0 0 0
258 254 0 0
0 0 0 0
258 254 0 0
0 0 0 0
258 254 0 0
0 0 0 0
258 254 0 0
0 0 0 0
258 254 0 0
0 0 0 0
258 254 0 0
0 0 0 0
258 254 0 0
0 0 0 0
258 254 0 0
0 0 0 0
258 254 0 0
0 0 0 0
258 254 0 0
0 0 0 0
258 254 0 0
0 0 0 0
258 254 0 0
0 0 0 0
258 254 0 0
0 0 0 0
258 254 0 0
0 0 0 0
258 254 0 0
0 0 0 0
258 254 0 0
0 0 0 0
258 254 0 0
0 0 0 0
258 254 0 0
0 0 0 0
258 254 0 0
0 0 0 0
258 254 0 0
0 0 0 0
258 254 0 0
0 0 0 0
258 254 0 0
0 0 0 0
258 254 0 0
0 0 0 0
258 254 0 0
0 0 0 0
258 254 0 0
0 0 0 0
258 254 0 0
0 0 0 0
258 254 0 0
0 0 0 0
258 254 0 0
0 0 0 0
258 254 0 0
0 0 0 0
258 254 0 0
0 0 0 0
258 254 0 0
0 0 0 0
258 254 0 0
0 0 0 0
258 254 0 0
0 0 0 0
258 254 0 0
0 0 0 0
258 254 0 0
0 0 0 0
258 254 0 0
0 0 0 0
258 254 0 0
0 0 0 0
258 254 0 0
0 0 0 0
258 254 0 0
0 0 0 0
258 254 0 0
0 0 0 0
258 254 0 0
0 0 0 0
258 254 0 0
0 0 0 0
258 254 0 0
0 0 0 0
258 254 0 0
0 0 0 0
258 254 0 0
0 0 0 0
258 254 0 0
0 0 0 0
258 254 0 0
0 0 0 0
258 254 0 0
0 0 0 0
258 254 0 0
0 0 0 0
258 254 0 0
0 0 0 0
258 254 0 0
0 0 0 0
258 254 0 0
0 0 0 0
258 254 0 0
0 0 0 0
258 254 0 0
0 0 0 0
258 254 0 0
0 0 0 0
258 254 0 0
0 0 0 0
258 254 0 0
0 0 0 0
258 254 0 0
0 0 0 0
258 254 0 0
0 0 0 0
258 254 0 0
0 0 0 0
258 254 0 0
0 0 0 0
258 254 0 0
0 0 0 0
258 254 0 0
0 0 0 0
258 254 0 0
0 0 0 0
258 254 0 0
0 0 0 0
258 254 0 0
0 0 0 0
258 254 0 0
0 0 0 0
258 254 0 0
0 0 0 0
258 254 0 0
0 0 0 0
258 254 0 0
0 0 0 0
258 254 0 0
0 0 0 0
258 254 1 0
0 0 0 0
258 254 0 0
0 0 0 0
258 254 0 0
0 0 0 0
258 254 0 0
0 0 0 0
258 254 0 0
0 0 0 0
258 254 0 0
0 0 0 0
258 254 0 0
0 0 0 0
258 254 0 0
0 0 0 0
258 254 0 0
0 0 0 0
258 254 0 0
0 0 0 0
258 254 0 0
0 0 0 0
258 254 0 0
0 0 0 0
258 254 0 0
0 0 0 0
258 254 0 0
0 0 0 0
258 254 0 0
0 0 0 0
258 254 0 0
0 0 0 0
258 254 0 0
0 0 0 0
258 254 0 0
0 0 0 0
258 254 0 0
0 0 0 0
258 254 0 0
0 0 0 0
258 254 0 0
0 0 0 0
258 254 0 0
0 0 0 0
258 254 0 0
0 0 0 0
258 254 0 0
0 0 0 0
258 254 0 0
0 0 0 0
258 254 0 0
0 0 0 0
258 254 0 0
0 0 0 0
258 254 0 0
0 0 0 0
258 254 0 0
0 0 0 0
258 254 0 0
0 0 0 0
258 254 0 0
0 0 0 0
258 254 0 0
0 0 0 0
258 254 0 0
0 0 0 0
258 254 0 0
0 0 0 0
258 254 0 0
0 0 0 0
258 254 0 0
0 0 0 0
258 254 0 0
0 0 0 0
258 254 0 0
0 0 0 0
258 254 0 0
0 0 0 0
258 254 0 0
0 0 0 0
258 254 0 0
0 0 0 0
258 254 0 0
0 0 0 0
258 254 0 0
0 0 0 0
258 254 0 0
0 0 0 0
258 254 0 0
0 0 0 0
258 254 0 0
0 0 0 0
258 254 0 0
0 0 0 0
258 254 0 0
0 0 0 0
258 254 0 0
0 0 0 0
258 254 0 0
0 0 0 0
258 254 0 0
0 0 0 0
258 254 0 0
0 0 0 0
258 254 0 0
0 0 0 0
258 254 0 0
0 0 0 0
258 254 0 0
0 0 0 0
258 254 0 0
0 0 0 0
258 254 0 0
0 0 0 0
258 254 0 0
0 0 0 0
258 254 0 0
0 0 0 0
258 254 0 0
0 0 0 0
258 254 0 0
0 0 0 0
258 254 0 0
0 0 0 0
258 254 0 0
0 0 0 0
258 254 0 0
0 0 0 0
258 254 0 0
0 0 0 0
258 254 0 0
0 0 0 0
258 254 0 0
0 0 0 0
258 254 0 0
0 0 0 0
258 254 0 0
0 0 0 0
258 254 0 0
0 0 0 0
258 254 0 0
0 0 0 0
258 254 0 0
0 0 0 0
258 254 0 0
0 0 0 0
258 254 1 0
0 0 0 0
258 254 0 0
0 0 0 0
258 254 0 0
0 0 0 0
258 254 0 0
0 0 0 0
258 254 0 0
0 0 0 0
258 254 0 0
0 0 0 0
258 254 0 0
0 0 0 0
258 254 0 0
0 0 0 0
258 254 0 0
0 0 0 0
258 254 0 0
0 0 0 0
258 254 0 0
0 0 0 0
258 254 0 0
0 0 0 0
258 254 0 0
0 0 0 0
258 254 0 0
0 0 0 0
258 254 0 0
0 0 0 0
258 254 0 0
0 0 0 0
258 254 0 0
0 0 0 0
258 254 0 0
0 0 0 0
258 254 0 0
0 0 0 0
258 254 0 0
0 0 0 0
258 254 0 0
0 0 0 0
258 254 0 0
0 0 0 0
258 254 0 0
0 0 0 0
258 254 0 0
0 0 0 0
258 254 0 0
0 0 0 0
258 254 0 0
0 0 0 0
258 254 0 0
0 0 0 0
258 254 0 0
0 0 0 0
258 254 0 0
0 0 0 0
258 254 0 0
0 0 0 0
258 254 0 0
0 0 0 0
258 254 0 0
0 0 0 0
258 254 0 0
0 0 0 0
258 254 0 0
0 0 0 0
258 254 0 0
0 0 0 0
258 254 0 0
0 0 0 0
258 254 0 0
0 0 0 0
258 254 0 0
0 0 0 0
258 254 0 0
0 0 0 0
258 254 0 0
0 0 0 0
258 254 0 0
0 0 0 0
258 254 0 0
0 0 0 0
258 254 0 0
0 0 0 0
258 254 0 0
0 0 0 0
258 254 0 0
0 0 0 0
258 254 0 0
0 0 0 0
258 254 0 0
0 0 0 0
258 254 0 0
0 0 0 0
258 254 0 0
0 0 0 0
258 254 0 0
0 0 0 0
258 256 0 0
0 0 0 0
258 258 0 0
0 0 0 0
258 260 0 0
0 0 0 0
258 262 0 0
0 0 0 0
258 264 0 0
0 0 0 0
258 266 0 0
0 0 0 0
258 268 0 0
0 0 0 0
258 270 0 0
0 0 0 0
258 272 0 0
0 0 0 0
258 274 0 0
0 0 0 0
258 276 0 0
0 0 0 0
258 278 0 0
0 0 0 0
258 280 0 0
0 0 0 0
258 282 0 0
0 0 0 0
258 284 0 0
0 0 0 0
258 286 0 0
0 0 0 0
258 288 0 0
0 0 0 0
258 290 0 0
0 0 0 0
258 292 0 0
0 0 0 0
258 294 0 0
0 0 0 0
260 296 0 0
0 0 0 0
262 298 0 0
0 0 0 0
264 300 0 0
0 0 0 0
266 302 0 0
0 0 0 0
268 304 0 0
0 0 0 0
270 306 0 0
0 0 0 0
272 308 0 0
0 0 0 0
274 310 0 0
0 0 0 0
274 312 0 1
0 0 0 0
274 314 0 0
0 0 0 0
274 316 0 0
0 0 0 0
274 318 0 0
0 0 0 0
274 320 0 0
0 0 0 0
274 322 0 0
0 0 0 0
274 324 0 0
0 0 0 0
274 326 0 0
0 0 0 0
274 328 0 0
0 0 0 0
274 330 0 0
0 0 0 0
274 332 0 0
0 0 0 0
276 334 0 0
0 0 0 0
278 336 0 0
0 0 0 0
280 338 0 0
0 0 0 0
282 340 0 0
0 0 0 0
284 342 0 0
0 0 0 0
286 344 0 0
0 0 0 0
288 346 0 0
0 0 0 0
290 348 0 0
0 0 0 0
292 350 0 0
0 0 0 0
292 352 0 1
0 0 0 0
292 354 0 0
0 0 0 0
292 356 0 0
0 0 0 0
292 358 0 0
0 0 0 0
292 360 0 0
0 0 0 0
292 362 0 0
0 0 0 0
292 364 0 0
0 0 0 0
294 366 0 0
0 0 0 0
296 368 0 0
0 0 0 0
298 370 0 0
0 0 0 0
300 372 0 0
0 0 0 0
302 374 0 0
0 0 0 0
304 374 0 0
0 0 0 0
306 374 0 0
0 0 0 0
308 374 0 0
0 0 0 0
310 374 0 0
0 0 0 0
312 374 0 0
0 0 0 0
314 374 0 0
0 0 0 0
316 374 0 0
0 0 0 0
316 374 0 1
0 0 0 0
316 374 0 0
0 0 0 0
316 374 0 0
0 0 0 0
316 374 0 0
0 0 0 0
316 374 0 0
0 0 0 0
316 374 0 0
0 0 0 0
316 374 0 0
0 0 0 0
316 374 0 0
0 0 0 0
318 374 0 0
0 0 0 0
320 374 0 0
0 0 0 0
322 374 0 0
0 0 0 0
324 374 0 0
0 0 0 0
326 374 0 0
0 0 0 0
328 374 0 0
0 0 0 0
330 374 0 0
0 0 0 0
332 374 0 0
0 0 0 0
334 372 0 0
0 0 0 0
336 370 0 0
0 0 0 0
338 368 0 0
0 0 0 0
338 366 0 1
0 0 0 0
338 364 0 0
0 0 0 0
338 362 0 0
0 0 0 0
338 360 0 0
0 0 0 0
338 358 0 0
0 0 0 0
338 356 0 0
0 0 0 0
338 354 0 0
0 0 0 0
338 352 0 0
0 0 0 0
338 350 0 0
0 0 0 0
338 348 0 0
0 0 0 0
338 346 0 0
0 0 0 0
340 344 0 0
0 0 0 0
342 342 0 0
0 0 0 0
344 340 0 0
0 0 0 0
346 338 0 0
0 0 0 0
348 336 0 0
0 0 0 0
350 334 0 0
0 0 0 0
352 332 0 0
0 0 0 0
354 330 0 0
0 0 0 0
356 328 0 0
0 0 0 0
358 326 0 0
0 0 0 0
358 324 0 1
0 0 0 0
358 322 0 0
0 0 0 0
358 320 0 0
0 0 0 0
358 318 0 0
0 0 0 0
358 316 0 0
0 0 0 0
358 316 0 0
0 0 0 0
358 316 0 0
0 0 0 0
358 316 0 0
0 0 0 0
358 316 0 0
0 0 0 0
358 316 0 0
0 0 0 0
358 316 0 0
0 0 0 0
358 316 0 0
0 0 0 0
358 316 0 0
0 0 0 0
358 316 0 0
0 0 0 0
358 316 0 0
0 0 0 0
358 316 0 0
0 0 0 0
358 316 0 0
0 0 0 0
358 316 0 0
0 0 0 0
358 316 0 0
0 0 0 0
358 316 0 0
0 0 0 0
358 316 0 0
0 0 0 0
358 316 0 0
0 0 0 0
358 316 0 0
0 0 0 0
358 316 0 0
0 0 0 0
358 316 0 0
0 0 0 0
358 316 0 0
0 0 0 0
358 316 0 0
0 0 0 0
358 316 0 0
0 0 0 0
358 316 0 0
0 0 0 0
358 316 0 0
0 0 0 0
358 316 0 0
0 0 0 0
358 316 0 0
0 0 0 0
358 316 0 0
0 0 0 0
358 316 0 0
0 0 0 0
358 316 0 0
0 0 0 0
358 316 0 0
0 0 0 0
358 314 0 0
0 0 0 0
358 312 0 0
0 0 0 0
358 310 0 0
0 0 0 0
358 308 0 0
0 0 0 0
358 306 0 0
0 0 0 0
358 304 0 0
0 0 0 0
358 302 0 0
0 0 0 0
358 300 0 0
0 0 0 0
358 298 0 0
0 0 0 0
358 296 0 0
0 0 0 0
358 294 0 0
0 0 0 0
358 292 0 0
0 0 0 0
358 290 0 0
0 0 0 0
358 288 0 0
0 0 0 0
358 286 0 0
0 0 0 0
358 284 0 0
0 0 0 0
358 282 0 0
0 0 0 0
358 280 0 0
0 0 0 0
358 278 0 0
0 0 0 0
360 276 0 0
0 0 0 0
362 274 0 0
0 0 0 0
364 272 0 0
0 0 0 0
366 272 0 0
0 0 0 0
368 272 0 0
0 0 0 0
370 272 0 0
0 0 0 0
372 272 0 0
0 0 0 0
374 272 0 0
0 0 0 0
376 272 0 0
0 0 0 0
378 272 0 0
0 0 0 0
378 272 0 1
0 0 0 0
378 272 0 0
0 0 0 0
378 272 0 0
0 0 0 0
378 272 0 0
0 0 0 0
378 272 0 0
0 0 0 0
378 272 0 0
0 0 0 0
378 272 0 0
0 0 0 0
378 272 0 0
0 0 0 0
378 272 0 0
0 0 0 0
378 272 0 0
0 0 0 0
378 272 0 0
0 0 0 0
378 272 0 0
0 0 0 0
378 272 0 0
0 0 0 0
378 272 0 0
0 0 0 0
378 272 0 0
0 0 0 0
378 272 0 0
0 0 0 0
378 272 0 0
0 0 0 0
378 272 0 0
0 0 0 0
378 272 0 0
0 0 0 0
378 272 0 0
0 0 0 0
378 272 0 0
0 0 0 0
378 272 0 0
0 0 0 0
378 272 0 0
0 0 0 0
378 272 0 0
0 0 0 0
378 272 0 0
0 0 0 0
378 272 0 0
0 0 0 0
378 272 0 0
0 0 0 0
378 272 0 0
0 0 0 0
378 272 0 0
0 0 0 0
378 272 0 0
0 0 0 0
378 272 0 0
0 0 0 0
378 272 0 0
0 0 0 0
378 272 0 0
0 0 0 0
378 272 0 0
0 0 0 0
378 272 0 0
0 0 0 0
378 272 0 0
0 0 0 0
378 272 0 0
0 0 0 0
378 272 0 0
0 0 0 0
378 272 0 0
0 0 0 0
376 272 0 0
0 0 0 0
374 272 0 0
0 0 0 0
372 272 0 0
0 0 0 0
370 272 0 0
0 0 0 0
368 272 0 0
0 0 0 0
366 272 0 0
0 0 0 0
364 272 0 0
0 0 0 0
362 272 0 0
0 0 0 0
360 272 0 0
0 0 0 0
358 272 0 0
0 0 0 0
356 272 0 0
0 0 0 0
354 272 0 0
0 0 0 0
352 272 0 0
0 0 0 0
350 272 0 0
0 0 0 0
348 272 0 0
0 0 0 0
346 272 0 0
0 0 0 0
344 272 0 0
0 0 0 0
342 272 0 0
0 0 0 0
340 272 0 0
0 0 0 0
338 272 0 0
0 0 0 0
336 272 0 0
0 0 0 0
334 272 0 0
0 0 0 0
332 272 0 0
0 0 0 0
330 272 0 0
0 0 0 0
328 272 0 0
0 0 0 0
326 272 0 0
0 0 0 0
324 272 0 0
0 0 0 0
322 272 0 0
0 0 0 0
320 272 0 0
0 0 0 0
318 272 0 0
0 0 0 0
316 272 0 0
0 0 0 0
314 272 0 0
0 0 0 0
312 272 0 0
0 0 0 0
310 272 0 0
0 0 0 0
308 272 0 0
0 0 0 0
306 272 0 0
0 0 0 0
304 270 0 0
0 0 0 0
302 268 0 0
0 0 0 0
300 266 0 0
0 0 0 0
298 264 0 0
0 0 0 0
296 262 0 0
0 0 0 0
294 260 0 0
0 0 0 0
292 258 0 0
0 0 0 0
290 256 0 0
0 0 0 0
288 254 0 0
0 0 0 0
286 252 0 0
0 0 0 0
284 250 0 0
0 0 0 0
282 248 0 0
0 0 0 0
280 246 0 0
0 0 0 0
278 244 0 0
0 0 0 0
276 242 0 0
0 0 0 0
274 240 0 0
0 0 0 0
272 238 0 0
0 0 0 0
272 236 0 0
0 0 0 0
272 234 0 0
0 0 0 0
272 232 0 0
0 0 0 0
272 230 0 0
0 0 0 0
272 228 0 0
0 0 0 0
272 226 0 0
0 0 0 0
272 224 0 0
0 0 0 0
272 222 0 0
0 0 0 0
272 220 0 0
0 0 0 0
272 220 0 0
0 0 0 0
272 220 0 0
0 0 0 0
272 220 0 0
0 0 0 0
272 220 0 0
0 0 0 0
272 220 0 0
0 0 0 0
272 220 0 0
0 0 0 0
272 220 0 0
0 0 0 0
272 220 0 0
0 0 0 0
272 220 0 0
0 0 0 0
272 220 0 0
0 0 0 0
272 220 0 0
0 0 0 0
272 220 0 0
0 0 0 0
272 220 0 0
0 0 0 0
272 220 0 0
0 0 0 0
272 220 0 0
0 0 0 0
272 220 0 0
0 0 0 0
272 220 0 0
0 0 0 0
272 220 0 0
0 0 0 0
272 220 0 0
0 0 0 0
272 220 0 0
0 0 0 0
272 220 0 0
0 0 0 0
272 220 0 0
0 0 0 0
272 220 0 0
0 0 0 0
272 220 0 0
0 0 0 0
272 220 0 0
0 0 0 0
272 220 0 0
0 0 0 0
272 220 0 0
0 0 0 0
272 220 0 0
0 0 0 0
272 220 0 0
0 0 0 0
272 220 0 0
0 0 0 0
272 220 0 0
0 0 0 0
272 220 0 0
0 0 0 0
272 220 0 0
0 0 0 0
272 220 0 0
0 0 0 0
272 220 0 0
0 0 0 0
272 220 0 0
0 0 0 0
272 220 0 0
0 0 0 0
272 220 0 0
0 0 0 0
272 220 0 0
0 0 0 0
272 220 0 0
0 0 0 0
272 220 0 0
0 0 0 0
272 220 0 0
0 0 0 0
272 220 0 0
0 0 0 0
272 220 0 0
0 0 0 0
272 220 0 0
0 0 0 0
272 220 0 0
0 0 0 0
274 220 0 0
0 0 0 0
276 220 0 0
0 0 0 0
278 220 0 0
0 0 0 0
280 220 0 0
0 0 0 0
282 220 0 0
0 0 0 0
284 220 0 0
0 0 0 0
286 220 0 0
0 0 0 0
288 220 0 0
0 0 0 0
290 220 0 0
0 0 0 0
292 220 0 0
0 0 0 0
294 220 0 0
0 0 0 0
296 220 0 0
0 0 0 0
298 220 0 0
0 0 0 0
300 220 0 0
0 0 0 0
302 220 0 0
0 0 0 0
304 220 0 0
0 0 0 0
306 220 0 0
0 0 0 0
308 220 0 0
0 0 0 0
308 220 0 1
0 0 0 0
308 220 0 0
0 0 0 0
308 220 0 0
0 0 0 0
308 220 0 0
0 0 0 0
308 220 0 0
0 0 0 0
308 220 0 0
0 0 0 0
308 220 0 0
0 0 0 0
308 220 0 0
0 0 0 0
308 220 0 0
0 0 0 0
308 220 0 0
0 0 0 0
308 220 0 0
0 0 0 0
308 220 0 0
0 0 0 0
308 220 0 0
0 0 0 0
308 220 0 0
0 0 0 0
308 220 0 0
0 0 0 0
308 220 0 0
0 0 0 0
308 220 0 0
0 0 0 0
308 220 0 0
0 0 0 0
308 220 0 0
0 0 0 0
308 220 0 0
0 0 0 0
308 220 0 0
0 0 0 0
308 220 0 0
0 0 0 0
308 220 0 0
0 0 0 0
308 220 0 0
0 0 0 0
308 220 0 0
0 0 0 0
308 220 0 0
0 0 0 0
308 220 0 0
0 0 0 0
308 220 0 0
0 0 0 0
308 220 0 0
0 0 0 0
308 220 0 0
0 0 0 0
308 220 0 0
0 0 0 0
308 220 0 0
0 0 0 0
308 220 0 0
0 0 0 0
308 220 0 0
0 0 0 0
308 220 0 0
0 0 0 0
308 220 0 0
0 0 0 0
308 220 0 0
0 0 0 0
308 220 0 0
0 0 0 0
308 220 0 0
0 0 0 0
308 220 0 0
0 0 0 0
308 220 0 0
0 0 0 0
308 220 0 0
0 0 0 0
308 220 0 0
0 0 0 0
308 220 1 0
0 0 0 0
308 220 0 0
0 0 0 0
308 220 0 0
0 0 0 0
308 220 0 0
0 0 0 0
308 220 0 0
0 0 0 0
308 220 0 0
0 0 0 0
308 220 0 0
0 0 0 0
308 220 0 0
0 0 0 0
308 220 0 0
0 0 0 0
308 220 0 0
0 0 0 0
308 220 0 0
0 0 0 0
308 220 0 0
0 0 0 0
308 220 0 0
0 0 0 0
308 220 0 0
0 0 0 0
308 220 0 0
0 0 0 0
308 220 0 0
0 0 0 0
308 220 0 0
0 0 0 0
308 220 0 0
0 0 0 0
308 220 0 0
0 0 0 0
308 220 0 0
0 0 0 0
308 220 0 0
0 0 0 0
308 220 0 0
0 0 0 0
308 220 0 0
0 0 0 0
308 220 0 0
0 0 0 0
308 220 0 0
0 0 0 0
308 220 0 0
0 0 0 0
308 220 0 0
0 0 0 0
308 220 0 0
0 0 0 0
308 220 0 0
0 0 0 0
308 220 0 0
0 0 0 0
308 220 0 0
0 0 0 0
308 220 0 0
0 0 0 0
308 220 0 0
0 0 0 0
308 220 0 0
0 0 0 0
308 220 0 0
0 0 0 0
308 220 0 0
0 0 0 0
308 220 0 0
0 0 0 0
308 220 0 0
0 0 0 0
308 220 0 0
0 0 0 0
308 220 0 0
0 0 0 0
308 220 0 0
0 0 0 0
308 220 0 0
0 0 0 0
308 220 0 0
0 0 0 0
308 220 0 0
0 0 0 0
308 220 0 0
0 0 0 0
308 220 0 0
0 0 0 0
308 220 0 0
0 0 0 0
308 220 0 0
0 0 0 0
308 220 0 0
0 0 0 0
308 220 0 0
0 0 0 0
308 220 0 0
0 0 0 0
308 220 0 0
0 0 0 0
308 220 0 0
0 0 0 0
308 220 0 0
0 0 0 0
308 220 0 0
0 0 0 0
308 220 0 0
0 0 0 0
308 222 0 0
0 0 0 0
308 224 0 0
0 0 0 0
308 226 0 0
0 0 0 0
308 228 0 0
0 0 0 0
308 230 0 0
0 0 0 0
308 232 0 0
0 0 0 0
308 234 0 0
0 0 0 0
308 236 0 0
0 0 0 0
308 238 0 0
0 0 0 0
308 240 0 0
0 0 0 0
308 242 0 0
0 0 0 0
308 244 0 0
0 0 0 0
308 246 0 0
0 0 0 0
308 248 0 0
0 0 0 0
308 250 0 0
0 0 0 0
308 252 0 0
0 0 0 0
308 254 0 0
0 0 0 0
308 256 0 0
0 0 0 0
308 258 0 0
0 0 0 0
308 260 0 0
0 0 0 0
308 262 0 0
0 0 0 0
308 264 0 0
0 0 0 0
308 266 0 0
0 0 0 0
308 268 0 0
0 0 0 0
308 270 0 0
0 0 0 0
308 272 0 0
0 0 0 0
308 274 0 0
0 0 0 0
308 276 0 0
0 0 0 0
308 276 0 0
0 0 0 0
308 276 0 0
0 0 0 0
308 276 0 0
0 0 0 0
308 276 0 0
0 0 0 0
308 276 0 0
0 0 0 0
308 276 0 0
0 0 0 0
308 276 0 0
0 0 0 0
308 276 0 0
0 0 0 0
308 276 0 0
0 0 0 0
308 276 0 0
0 0 0 0
308 276 0 0
0 0 0 0
308 276 0 0
0 0 0 0
308 276 0 0
0 0 0 0
308 276 0 0
0 0 0 0
308 276 0 0
0 0 0 0
308 276 0 0
0 0 0 0
308 276 0 0
0 0 0 0
308 276 0 0
0 0 0 0
308 276 0 0
0 0 0 0
308 276 0 0
0 0 0 0
308 276 0 0
0 0 0 0
308 276 0 0
0 0 0 0
308 276 0 0
0 0 0 0
308 276 0 0
0 0 0 0
308 276 0 0
0 0 0 0
308 276 0 0
0 0 0 0
308 276 0 0
0 0 0 0
308 276 0 0
0 0 0 0
308 276 1 0
0 0 0 0
308 276 0 0
0 0 0 0
308 276 0 0
0 0 0 0
308 276 0 0
0 0 0 0
308 276 0 0
0 0 0 0
308 276 0 0
0 0 0 0
308 276 0 0
0 0 0 0
308 276 0 0
0 0 0 0
308 276 0 0
0 0 0 0
308 276 0 0
0 0 0 0
308 276 0 0
0 0 0 0
308 276 0 0
0 0 0 0
308 276 0 0
0 0 0 0
308 276 0 0
0 0 0 0
308 276 0 0
0 0 0 0
308 276 0 0
0 0 0 0
308 276 0 0
0 0 0 0
308 276 0 0
0 0 0 0
308 276 0 0
0 0 0 0
308 276 0 0
0 0 0 0
308 276 0 0
0 0 0 0
308 276 0 0
0 0 0 0
308 276 0 0
0 0 0 0
308 276 0 0
0 0 0 0
308 276 0 0
0 0 0 0
308 276 0 0
0 0 0 0
308 276 0 0
0 0 0 0
308 276 0 0
0 0 0 0
308 276 0 0
0 0 0 0
308 276 0 0
0 0 0 0
308 276 0 0
0 0 0 0
308 276 0 0
0 0 0 0
308 276 0 0
0 0 0 0
308 276 0 0
0 0 0 0
308 276 0 0
0 0 0 0
308 276 0 0
0 0 0 0
308 276 0 0
0 0 0 0
308 276 0 0
0 0 0 0
308 276 0 0
0 0 0 0
308 276 0 0
0 0 0 0
308 276 0 0
0 0 0 0
308 276 0 0
0 0 0 0
308 276 0 0
0 0 0 0
308 276 0 0
0 0 0 0
308 276 0 0
0 0 0 0
308 276 0 0
0 0 0 0
308 276 0 0
0 0 0 0
308 276 0 0
0 0 0 0
308 276 0 0
0 0 0 0
308 276 0 0
0 0 0 0
308 276 0 0
0 0 0 0
308 276 0 0
0 0 0 0
308 276 0 0
0 0 0 0
308 276 0 0
0 0 0 0
308 276 0 0
0 0 0 0
308 276 0 0
0 0 0 0
308 276 0 0
0 0 0 0
308 276 0 0
0 0 0 0
308 276 0 0
0 0 0 0
308 276 0 0
0 0 0 0
308 276 0 0
0 0 0 0
308 276 0 0
0 0 0 0
308 276 0 0
0 0 0 0
308 276 0 0
0 0 0 0
308 276 0 0
0 0 0 0
308 276 0 0
0 0 0 0
308 276 0 0
0 0 0 0
308 276 0 0
0 0 0 0
308 276 0 0
0 0 0 0
308 276 0 0
0 0 0 0
308 276 0 0
0 0 0 0
308 276 0 0
0 0 0 0
308 276 0 0
0 0 0 0
308 276 0 0
0 0 0 0
308 276 0 0
0 0 0 0
308 276 0 0
0 0 0 0
308 276 0 0
0 0 0 0
308 276 0 0
0 0 0 0
308 276 0 0
0 0 0 0
308 276 0 0
0 0 0 0
308 276 0 0
0 0 0 0
308 276 0 0
0 0 0 0
308 276 0 0
0 0 0 0
308 276 0 0
0 0 0 0
308 276 0 0
0 0 0 0
308 276 0 0
0 0 0 0
308 276 0 0
0 0 0 0
308 276 0 0
0 0 0 0
308 276 0 0
0 0 0 0
308 276 0 0
0 0 0 0
308 276 0 0
0 0 0 0
308 276 0 0
0 0 0 0
308 276 0 0
0 0 0 0
308 276 1 0
0 0 0 0
308 276 0 0
0 0 0 0
308 276 0 0
0 0 0 0
308 276 0 0
0 0 0 0
308 276 0 0
0 0 0 0
308 276 0 0
0 0 0 0
308 276 0 0
0 0 0 0
308 276 0 0
0 0 0 0
308 276 0 0
0 0 0 0
308 276 0 0
0 0 0 0
308 276 0 0
0 0 0 0
308 276 0 0
0 0 0 0
308 276 0 0
0 0 0 0
308 276 0 0
0 0 0 0
308 276 0 0
0 0 0 0
308 276 0 0
0 0 0 0
308 276 0 0
0 0 0 0
308 276 0 0
0 0 0 0
308 276 0 0
0 0 0 0
308 276 0 0
0 0 0 0
308 276 0 0
0 0 0 0
308 276 0 0
0 0 0 0
308 276 0 0
0 0 0 0
308 276 0 0
0 0 0 0
308 276 0 0
0 0 0 0
308 276 0 0
0 0 0 0
308 276 0 0
0 0 0 0
308 276 0 0
0 0 0 0
308 276 0 0
0 0 0 0
308 276 0 0
0 0 0 0
308 276 0 0
0 0 0 0
308 276 0 0
0 0 0 0
308 276 0 0
0 0 0 0
308 276 0 0
0 0 0 0
308 276 0 0
0 0 0 0
308 276 0 0
0 0 0 0
308 278 0 0
0 0 0 0
308 280 0 0
0 0 0 0
308 282 0 0
0 0 0 0
308 284 0 0
0 0 0 0
308 286 0 0
0 0 0 0
308 288 0 0
0 0 0 0
308 290 0 0
0 0 0 0
308 292 0 0
0 0 0 0
308 294 0 0
0 0 0 0
308 296 0 0
0 0 0 0
308 298 0 0
0 0 0 0
308 300 0 0
0 0 0 0
308 302 0 0
0 0 0 0
308 304 0 0
0 0 0 0
308 306 0 0
0 0 0 0
308 308 0 0
0 0 0 0
308 310 0 0
0 0 0 0
308 312 0 0
0 0 0 0
308 314 0 0
0 0 0 0
308 316 0 0
0 0 0 0
308 318 0 0
0 0 0 0
308 320 0 0
0 0 0 0
308 322 0 0
0 0 0 0
308 324 0 0
0 0 0 0
308 326 0 0
0 0 0 0
308 328 0 0
0 0 0 0
308 330 0 0
0 0 0 0
308 332 0 0
0 0 0 0
308 334 0 0
0 0 0 0
308 336 0 0
0 0 0 0
308 338 0 0
0 0 0 0
308 340 0 0
0 0 0 0
308 342 0 0
0 0 0 0
306 344 0 0
0 0 0 0
304 346 0 0
0 0 0 0
302 348 0 0
0 0 0 0
300 350 0 0
0 0 0 0
298 352 0 0
0 0 0 0
296 354 0 0
0 0 0 0
294 356 0 0
0 0 0 0
292 358 0 0
0 0 0 0
290 360 0 0
0 0 0 0
288 362 0 0
0 0 0 0
286 364 0 0
0 0 0 0
284 366 0 0
0 0 0 0
282 366 0 0
0 0 0 0
280 366 0 0
0 0 0 0
278 366 0 0
0 0 0 0
276 366 0 0
0 0 0 0
274 366 0 0
0 0 0 0
272 366 0 0
0 0 0 0
272 366 0 0
0 0 0 0
272 366 0 0
0 0 0 0
272 366 0 0
0 0 0 0
272 366 0 0
0 0 0 0
272 366 0 0
0 0 0 0
274 366 0 0
0 0 0 0
276 366 0 0
0 0 0 0
278 366 0 0
0 0 0 0
280 366 0 0
0 0 0 0
282 366 0 0
0 0 0 0
284 366 0 0
0 0 0 0
286 366 0 0
0 0 0 0
286 366 0 0
0 0 0 0
286 366 0 0
0 0 0 0
286 366 0 0
0 0 0 0
286 366 0 0
0 0 0 0
286 366 0 0
0 0 0 0
284 366 0 1
0 0 0 0
282 366 0 0
0 0 0 0
280 366 0 0
0 0 0 0
278 366 0 0
0 0 0 0
276 366 0 0
0 0 0 0
274 366 0 0
0 0 0 0
272 366 0 0
0 0 0 0
270 366 0 0
0 0 0 0
268 366 0 0
0 0 0 0
266 366 0 0
0 0 0 0
266 366 0 0
0 0 0 0
266 366 0 0
0 0 0 0
266 366 0 0
0 0 0 0
266 366 0 0
0 0 0 0
266 366 0 0
0 0 0 0
266 366 0 0
0 0 0 0
266 366 0 0
0 0 0 0
266 366 0 0
0 0 0 0
266 366 0 0
0 0 0 0
266 366 0 0
0 0 0 0
266 366 0 0
0 0 0 0
266 366 0 0
0 0 0 0
266 366 0 0
0 0 0 0
266 366 0 0
0 0 0 0
266 366 0 0
0 0 0 0
266 366 0 0
0 0 0 0
268 366 0 0
0 0 0 0
270 366 0 0
0 0 0 0
272 366 0 0
0 0 0 0
274 366 0 0
0 0 0 0
274 366 0 1
0 0 0 0
274 366 0 0
0 0 0 0
274 366 0 0
0 0 0 0
274 366 0 0
0 0 0 0
274 366 0 0
0 0 0 0
274 366 0 0
0 0 0 0
274 366 0 0
0 0 0 0
274 366 0 0
0 0 0 0
276 366 0 0
0 0 0 0
278 366 0 0
0 0 0 0
280 366 0 0
0 0 0 0
282 366 0 0
0 0 0 0
284 366 0 0
0 0 0 0
286 366 0 0
0 0 0 0
288 366 0 0
0 0 0 0
290 366 0 0
0 0 0 0
292 366 0 0
0 0 0 0
292 366 0 1
0 0 0 0
292 366 0 0
0 0 0 0
292 366 0 0
0 0 0 0
292 366 0 0
0 0 0 0
292 366 0 0
0 0 0 0
292 366 0 0
0 0 0 0
292 366 0 0
0 0 0 0
292 366 0 0
0 0 0 0
292 366 0 0
0 0 0 0
292 366 0 0
0 0 0 0
294 366 0 0
0 0 0 0
296 366 0 0
0 0 0 0
298 366 0 0
0 0 0 0
300 366 0 0
0 0 0 0
302 366 0 0
0 0 0 0
304 366 0 0
0 0 0 0
306 366 0 0
0 0 0 0
308 366 0 0
0 0 0 0
308 366 0 1
0 0 0 0
308 366 0 0
0 0 0 0
308 366 0 0
0 0 0 0
308 366 0 0
0 0 0 0
308 366 0 0
0 0 0 0
308 366 0 0
0 0 0 0
308 366 0 0
0 0 0 0
308 366 0 0
0 0 0 0
308 366 0 0
0 0 0 0
308 366 0 0
0 0 0 0
310 366 0 0
0 0 0 0
312 366 0 0
0 0 0 0
314 366 0 0
0 0 0 0
316 366 0 0
0 0 0 0
318 366 0 0
0 0 0 0
320 366 0 0
0 0 0 0
322 366 0 0
0 0 0 0
322 366 0 1
0 0 0 0
322 366 0 0
0 0 0 0
322 366 0 0
0 0 0 0
322 366 0 0
0 0 0 0
322 366 0 0
0 0 0 0
322 366 0 0
0 0 0 0
322 366 0 0
0 0 0 0
322 366 0 0
0 0 0 0
322 366 0 0
0 0 0 0
322 366 0 0
0 0 0 0
322 366 0 0
0 0 0 0
322 366 0 0
0 0 0 0
322 366 0 0
0 0 0 0
322 366 0 0
0 0 0 0
322 366 0 0
0 0 0 0
322 366 0 0
0 0 0 0
322 366 0 0
0 0 0 0
322 366 0 0
0 0 0 0
322 366 0 0
0 0 0 0
322 366 0 0
0 0 0 0
322 366 0 0
0 0 0 0
322 366 0 0
0 0 0 0
322 364 0 0
0 0 0 0
322 362 0 0
0 0 0 0
322 360 0 0
0 0 0 0
322 358 0 0
0 0 0 0
322 356 0 0
0 0 0 0
322 354 0 0
0 0 0 0
322 352 0 0
0 0 0 0
322 350 0 0
0 0 0 0
322 348 0 0
0 0 0 0
322 346 0 0
0 0 0 0
322 344 0 0
0 0 0 0
322 342 0 0
0 0 0 0
322 340 0 0
0 0 0 0
322 338 0 0
0 0 0 0
322 338 0 0
0 0 0 0
322 338 0 0
0 0 0 0
322 338 0 0
0 0 0 0
322 338 0 0
0 0 0 0
322 338 0 0
0 0 0 0
322 338 0 0
0 0 0 0
322 338 0 0
0 0 0 0
322 338 0 0
0 0 0 0
322 338 0 0
0 0 0 0
322 338 0 0
0 0 0 0
322 338 0 0
0 0 0 0
322 338 0 0
0 0 0 0
322 338 0 0
0 0 0 0
320 338 0 0
0 0 0 0
318 338 0 0
0 0 0 0
316 338 0 0
0 0 0 0
314 338 0 0
0 0 0 0
312 338 0 0
0 0 0 0
310 338 0 0
0 0 0 0
308 338 0 0
0 0 0 0
306 338 0 0
0 0 0 0
304 338 0 0
0 0 0 0
302 338 0 0
0 0 0 0
300 338 0 0
0 0 0 0
298 338 0 0
0 0 0 0
296 338 0 0
0 0 0 0
294 338 0 0
0 0 0 0
292 338 0 0
0 0 0 0
290 338 0 0
0 0 0 0
288 338 0 0
0 0 0 0
286 338 0 0
0 0 0 0
284 338 0 0
0 0 0 0
282 338 0 0
0 0 0 0
280 338 0 0
0 0 0 0
278 338 0 0
0 0 0 0
276 338 0 0
0 0 0 0
274 338 0 0
0 0 0 0
272 336 0 0
0 0 0 0
270 334 0 0
0 0 0 0
268 332 0 0
0 0 0 0
266 330 0 0
0 0 0 0
264 328 0 0
0 0 0 0
262 326 0 0
0 0 0 0
260 324 0 0
0 0 0 0
258 322 0 0
0 0 0 0
256 320 0 0
0 0 0 0
254 318 0 0
0 0 0 0
252 316 0 0
0 0 0 0
250 314 0 0
0 0 0 0
248 312 0 0
0 0 0 0
246 310 0 0
0 0 0 0
244 308 0 0
0 0 0 0
242 306 0 0
0 0 0 0
240 304 0 0
0 0 0 0
238 302 0 0
0 0 0 0
236 300 0 0
0 0 0 0
234 298 0 0
0 0 0 0
232 296 0 0
0 0 0 0
230 294 0 0
0 0 0 0
228 292 0 0
0 0 0 0
226 290 0 0
0 0 0 0
224 288 0 0
0 0 0 0
222 286 0 0
0 0 0 0
220 284 0 0
0 0 0 0
218 282 0 0
0 0 0 0
216 280 0 0
0 0 0 0
214 278 0 0
0 0 0 0
212 276 0 0
0 0 0 0
210 274 0 0
0 0 0 0
208 272 0 0
0 0 0 0
206 270 0 0
0 0 0 0
204 270 0 0
0 0 0 0
202 270 0 0
0 0 0 0
200 270 0 0
0 0 0 0
198 270 0 0
0 0 0 0
196 270 0 0
0 0 0 0
196 270 0 0
0 0 0 0
196 270 0 0
0 0 0 0
196 270 0 0
0 0 0 0
196 270 0 0
0 0 0 0
196 270 0 0
0 0 0 0
196 270 0 0
0 0 0 0
196 270 0 0
0 0 0 0
196 270 0 0
0 0 0 0
196 270 0 0
0 0 0 0
196 270 0 0
0 0 0 0
196 270 0 0
0 0 0 0
196 270 0 0
0 0 0 0
196 270 0 0
0 0 0 0
196 270 0 0
0 0 0 0
196 270 0 0
0 0 0 0
196 270 0 0
0 0 0 0
196 270 0 0
0 0 0 0
196 270 0 0
0 0 0 0
196 270 0 0
0 0 0 0
196 270 0 0
0 0 0 0
196 270 0 0
0 0 0 0
196 270 0 0
0 0 0 0
196 270 0 0
0 0 0 0
196 270 0 0
0 0 0 0
196 270 0 0
0 0 0 0
196 270 0 0
0 0 0 0
196 270 0 0
0 0 0 0
196 270 0 0
0 0 0 0
196 270 0 0
0 0 0 0
196 270 0 0
0 0 0 0
196 270 0 0
0 0 0 0
196 270 0 0
0 0 0 0
196 270 0 0
0 0 0 0
196 270 0 0
0 0 0 0
196 270 0 0
0 0 0 0
196 270 0 0
0 0 0 0
196 270 0 0
0 0 0 0
196 270 0 0
0 0 0 0
196 270 0 0
0 0 0 0
196 270 0 0
0 0 0 0
196 270 0 0
0 0 0 0
196 270 0 0
0 0 0 0
196 270 0 0
0 0 0 0
196 270 0 0
0 0 0 0
196 270 0 0
0 0 0 0
196 270 0 0
0 0 0 0
196 270 0 0
0 0 0 0
196 270 0 0
0 0 0 0
196 270 0 0
0 0 0 0
196 270 0 0
0 0 0 0
196 270 0 0
0 0 0 0
196 270 0 0
0 0 0 0
196 270 0 0
0 0 0 0
196 270 0 0
0 0 0 0
196 272 0 0
0 0 0 0
196 274 0 0
0 0 0 0
196 276 0 0
0 0 0 0
196 278 0 0
0 0 0 0
196 280 0 0
0 0 0 0
196 282 0 0
0 0 0 0
196 284 0 0
0 0 0 0
196 286 0 0
0 0 0 0
196 288 0 0
0 0 0 0
196 290 0 0
0 0 0 0
196 292 0 0
0 0 0 0
196 294 0 0
0 0 0 0
196 296 0 0
0 0 0 0
196 298 0 0
0 0 0 0
196 300 0 0
0 0 0 0
196 302 0 0
0 0 0 0
196 304 0 0
0 0 0 0
196 304 0 0
0 0 0 0
196 304 0 0
0 0 0 0
196 304 0 0
0 0 0 0
196 304 0 0
0 0 0 0
196 304 0 0
0 0 0 0
196 304 0 0
0 0 0 0
196 304 0 0
0 0 0 0
196 304 0 0
0 0 0 0
196 304 0 0
0 0 0 0
196 304 0 0
0 0 0 0
196 304 0 0
0 0 0 0
196 304 0 0
0 0 0 0
196 304 0 0
0 0 0 0
196 304 0 0
0 0 0 0
196 304 0 0
0 0 0 0
196 302 0 0
0 0 0 0
196 300 0 0
0 0 0 0
196 298 0 0
0 0 0 0
196 296 0 0
0 0 0 0
196 294 0 0
0 0 0 0
196 292 0 0
0 0 0 0
196 290 0 0
0 0 0 0
196 288 0 0
0 0 0 0
196 286 0 0
0 0 0 0
196 284 0 0
0 0 0 0
196 282 0 0
0 0 0 0
196 280 0 0
0 0 0 0
196 278 0 0
0 0 0 0
196 276 0 0
0 0 0 0
196 274 0 0
0 0 0 0
196 272 0 0
0 0 0 0
196 270 0 0
0 0 0 0
196 268 0 0
0 0 0 0
196 268 0 0
0 0 0 0
196 268 0 0
0 0 0 0
196 268 0 0
0 0 0 0
196 268 0 0
0 0 0 0
196 268 0 0
0 0 0 0
196 268 1 0
0 0 0 0
196 268 0 0
0 0 0 0
196 268 0 0
0 0 0 0
196 268 0 0
0 0 0 0
196 268 0 0
0 0 0 0
196 268 0 0
0 0 0 0
196 268 0 0
0 0 0 0
196 268 0 0
0 0 0 0
196 268 0 0
0 0 0 0
196 268 0 0
0 0 0 0
196 268 0 0
0 0 0 0
196 268 0 0
0 0 0 0
196 268 0 0
0 0 0 0
196 268 0 0
0 0 0 0
196 268 0 0
0 0 0 0
196 268 0 0
0 0 0 0
196 268 0 0
0 0 0 0
196 268 0 0
0 0 0 0
196 268 0 0
0 0 0 0
196 268 0 0
0 0 0 0
196 268 0 0
0 0 0 0
196 268 0 0
0 0 0 0
196 268 0 0
0 0 0 0
196 268 0 0
0 0 0 0
196 268 0 0
0 0 0 0
196 268 0 0
0 0 0 0
196 268 0 0
0 0 0 0
196 268 0 0
0 0 0 0
196 268 0 0
0 0 0 0
196 268 0 0
0 0 0 0
196 268 0 0
0 0 0 0
196 268 0 0
0 0 0 0
196 268 0 0
0 0 0 0
196 268 0 0
0 0 0 0
196 268 0 0
0 0 0 0
196 268 0 0
0 0 0 0
196 268 0 0
0 0 0 0
196 268 0 0
0 0 0 0
196 268 0 0
0 0 0 0
196 268 0 0
0 0 0 0
196 268 0 0
0 0 0 0
196 268 0 0
0 0 0 0
196 268 0 0
0 0 0 0
196 268 0 0
0 0 0 0
196 268 0 0
0 0 0 0
196 268 0 0
0 0 0 0
196 268 0 0
0 0 0 0
196 268 0 0
0 0 0 0
196 268 0 0
0 0 0 0
196 268 0 0
0 0 0 0
196 268 0 0
0 0 0 0
196 268 0 0
0 0 0 0
196 268 0 0
0 0 0 0
196 268 0 0
0 0 0 0
196 268 0 0
0 0 0 0
196 268 0 0
0 0 0 0
196 268 0 0
0 0 0 0
196 268 0 0
0 0 0 0
196 268 0 0
0 0 0 0
196 268 0 0
0 0 0 0
196 268 0 0
0 0 0 0
196 268 0 0
0 0 0 0
196 268 0 0
0 0 0 0
196 268 0 0
0 0 0 0
196 268 0 0
0 0 0 0
196 268 0 0
0 0 0 0
196 268 0 0
0 0 0 0
196 268 0 0
0 0 0 0
196 268 0 0
0 0 0 0
196 268 0 0
0 0 0 0
196 268 1 0
0 0 0 0
196 268 0 0
0 0 0 0
196 268 0 0
0 0 0 0
196 268 0 0
0 0 0 0
196 268 0 0
0 0 0 0
196 268 0 0
0 0 0 0
196 268 0 0
0 0 0 0
196 268 0 0
0 0 0 0
196 268 0 0
0 0 0 0
196 268 0 0
0 0 0 0
196 268 0 0
0 0 0 0
196 268 0 0
0 0 0 0
196 268 0 0
0 0 0 0
196 268 0 0
0 0 0 0
196 268 0 0
0 0 0 0
196 268 0 0
0 0 0 0
196 268 0 0
0 0 0 0
196 268 0 0
0 0 0 0
196 268 0 0
0 0 0 0
196 268 0 0
0 0 0 0
196 268 0 0
0 0 0 0
196 268 0 0
0 0 0 0
196 268 0 0
0 0 0 0
196 268 0 0
0 0 0 0
196 268 0 0
0 0 0 0
196 268 0 0
0 0 0 0
196 268 0 0
0 0 0 0
196 268 0 0
0 0 0 0
196 268 0 0
0 0 0 0
196 268 0 0
0 0 0 0
196 268 0 0
0 0 0 0
196 268 0 0
0 0 0 0
196 268 0 0
0 0 0 0
196 268 0 0
0 0 0 0
196 268 0 0
0 0 0 0
196 268 0 0
0 0 0 0
196 268 0 0
0 0 0 0
196 268 0 0
0 0 0 0
196 268 0 0
0 0 0 0
196 268 0 0
0 0 0 0
196 268 0 0
0 0 0 0
196 268 0 0
0 0 0 0
196 268 0 0
0 0 0 0
196 268 0 0
0 0 0 0
196 268 0 0
0 0 0 0
196 268 0 0
0 0 0 0
196 268 0 0
0 0 0 0
196 268 0 0
0 0 0 0
196 268 0 0
0 0 0 0
196 268 0 0
0 0 0 0
196 268 0 0
0 0 0 0
196 268 0 0
0 0 0 0
196 268 0 0
0 0 0 0
196 268 0 0
0 0 0 0
196 268 0 0
0 0 0 0
196 268 0 0
0 0 0 0
196 268 0 0
0 0 0 0
196 268 0 0
0 0 0 0
196 268 0 0
0 0 0 0
196 268 0 0
0 0 0 0
198 268 0 0
0 0 0 0
200 268 0 0
0 0 0 0
202 268 0 0
0 0 0 0
204 268 0 0
0 0 0 0
206 270 0 0
0 0 0 0
208 272 0 0
0 0 0 0
210 274 0 0
0 0 0 0
212 276 0 0
0 0 0 0
214 278 0 0
0 0 0 0
214 280 0 1
0 0 0 0
214 282 0 0
0 0 0 0
214 284 0 0
0 0 0 0
214 286 0 0
0 0 0 0
214 288 0 0
0 0 0 0
214 288 0 0
0 0 0 0
214 288 0 0
0 0 0 0
214 288 0 0
0 0 0 0
214 288 0 0
0 0 0 0
214 288 0 0
0 0 0 0
216 288 0 0
0 0 0 0
218 288 0 0
0 0 0 0
220 288 0 0
0 0 0 0
222 288 0 0
0 0 0 0
224 288 0 0
0 0 0 0
226 288 0 0
0 0 0 0
228 288 0 0
0 0 0 0
228 288 0 1
0 0 0 0
228 288 0 0
0 0 0 0
228 288 0 0
0 0 0 0
228 288 0 0
0 0 0 0
228 288 0 0
0 0 0 0
228 288 0 0
0 0 0 0
228 288 0 0
0 0 0 0
228 288 0 0
0 0 0 0
228 288 0 0
0 0 0 0
228 288 0 0
0 0 0 0
230 288 0 0
0 0 0 0
232 288 0 0
0 0 0 0
234 288 0 0
0 0 0 0
236 288 0 0
0 0 0 0
238 288 0 0
0 0 0 0
240 288 0 0
0 0 0 0
240 288 0 1
0 0 0 0
240 288 0 0
0 0 0 0
240 288 0 0
0 0 0 0
240 288 0 0
0 0 0 0
240 288 0 0
0 0 0 0
240 288 0 0
0 0 0 0
240 288 0 0
0 0 0 0
240 288 0 0
0 0 0 0
240 288 0 0
0 0 0 0
242 288 0 0
0 0 0 0
244 288 0 0
0 0 0 0
246 288 0 0
0 0 0 0
248 288 0 0
0 0 0 0
250 288 0 0
0 0 0 0
252 288 0 0
0 0 0 0
254 288 0 0
0 0 0 0
256 288 0 0
0 0 0 0
258 288 0 0
0 0 0 0
258 288 0 1
0 0 0 0
258 288 0 0
0 0 0 0
258 288 0 0
0 0 0 0
258 288 0 0
0 0 0 0
258 288 0 0
0 0 0 0
258 288 0 0
0 0 0 0
258 288 0 0
0 0 0 0
258 288 0 0
0 0 0 0
258 288 0 0
0 0 0 0
258 288 0 0
0 0 0 0
260 288 0 0
0 0 0 0
262 288 0 0
0 0 0 0
264 288 0 0
0 0 0 0
266 288 0 0
0 0 0 0
268 288 0 0
0 0 0 0
270 288 0 0
0 0 0 0
270 288 0 1
0 0 0 0
270 288 0 0
0 0 0 0
270 288 0 0
0 0 0 0
270 288 0 0
0 0 0 0
270 288 0 0
0 0 0 0
270 288 0 0
0 0 0 0
270 288 0 0
0 0 0 0
270 288 0 0
0 0 0 0
270 288 0 0
0 0 0 0
270 288 0 0
0 0 0 0
270 288 0 0
0 0 0 0
272 288 0 0
0 0 0 0
274 288 0 0
0 0 0 0
276 288 0 0
0 0 0 0
278 288 0 0
0 0 0 0
280 288 0 0
0 0 0 0
282 288 0 0
0 0 0 0
284 288 0 0
0 0 0 0
286 288 0 0
0 0 0 0
288 288 0 0
0 0 0 0
288 288 0 1
0 0 0 0
288 288 0 0
0 0 0 0
288 288 0 0
0 0 0 0
288 288 0 0
0 0 0 0
288 288 0 0
0 0 0 0
288 288 0 0
0 0 0 0
288 286 0 0
0 0 0 0
288 284 0 0
0 0 0 0
288 282 0 0
0 0 0 0
288 280 0 0
0 0 0 0
288 278 0 0
0 0 0 0
290 276 0 0
0 0 0 0
292 274 0 0
0 0 0 0
294 272 0 0
0 0 0 0
296 270 0 0
0 0 0 0
298 268 0 0
0 0 0 0
300 266 0 0
0 0 0 0
300 264 0 1
0 0 0 0
300 262 0 0
0 0 0 0
300 260 0 0
0 0 0 0
300 258 0 0
0 0 0 0
300 256 0 0
0 0 0 0
300 254 0 0
0 0 0 0
300 254 0 0
0 0 0 0
300 254 0 0
0 0 0 0
300 254 0 0
0 0 0 0
300 254 0 0
0 0 0 0
300 254 0 0
0 0 0 0
300 254 0 0
0 0 0 0
300 254 0 0
0 0 0 0
300 254 0 0
0 0 0 0
300 254 0 0
0 0 0 0
300 254 0 0
0 0 0 0
300 254 0 0
0 0 0 0
300 254 0 0
0 0 0 0
300 254 0 0
0 0 0 0
300 254 0 0
0 0 0 0
300 254 0 0
0 0 0 0
300 254 0 0
0 0 0 0
300 254 0 0
0 0 0 0
300 254 0 0
0 0 0 0
300 254 0 0
0 0 0 0
300 254 0 0
0 0 0 0
300 254 0 0
0 0 0 0
300 254 0 0
0 0 0 0
300 254 0 0
0 0 0 0
300 254 0 0
0 0 0 0
300 254 0 0
0 0 0 0
300 254 0 0
0 0 0 0
300 254 0 0
0 0 0 0
300 254 0 0
0 0 0 0
300 254 0 0
0 0 0 0
300 254 0 0
0 0 0 0
300 254 0 0
0 0 0 0
300 254 0 0
0 0 0 0
300 254 0 0
0 0 0 0
300 254 0 0
0 0 0 0
300 254 0 0
0 0 0 0
300 254 0 0
0 0 0 0
300 254 0 0
0 0 0 0
300 252 0 0
0 0 0 0
300 250 0 0
0 0 0 0
300 248 0 0
0 0 0 0
300 246 0 0
0 0 0 0
300 244 0 0
0 0 0 0
300 242 0 0
0 0 0 0
300 240 0 0
0 0 0 0
300 238 0 0
0 0 0 0
300 236 0 0
0 0 0 0
300 234 0 0
0 0 0 0
300 232 0 0
0 0 0 0
300 232 0 0
0 0 0 0
300 232 0 0
0 0 0 0
300 232 0 0
0 0 0 0
300 232 0 0
0 0 0 0
300 232 0 0
0 0 0 0
300 232 0 0
0 0 0 0
300 232 0 0
0 0 0 0
300 232 0 0
0 0 0 0
300 232 0 0
0 0 0 0
300 232 0 0
0 0 0 0
300 232 0 0
0 0 0 0
300 232 0 0
0 0 0 0
300 232 0 0
0 0 0 0
300 232 0 0
0 0 0 0
300 232 0 0
0 0 0 0
300 232 0 0
0 0 0 0
300 232 0 0
0 0 0 0
300 232 0 0
0 0 0 0
300 232 0 0
0 0 0 0
300 232 0 0
0 0 0 0
300 232 0 0
0 0 0 0
300 232 0 0
0 0 0 0
300 232 0 0
0 0 0 0
300 232 0 0
0 0 0 0
300 232 0 0
0 0 0 0
300 232 0 0
0 0 0 0
300 232 0 0
0 0 0 0
300 232 0 0
0 0 0 0
300 232 0 0
0 0 0 0
300 232 0 0
0 0 0 0
300 232 0 0
0 0 0 0
300 232 0 0
0 0 0 0
300 232 0 0
0 0 0 0
300 232 0 0
0 0 0 0
300 232 0 0
0 0 0 0
300 232 0 0
0 0 0 0
300 232 0 0
0 0 0 0
300 232 0 0
0 0 0 0
300 232 0 0
0 0 0 0
300 232 0 0
0 0 0 0
300 232 0 0
0 0 0 0
300 232 0 0
0 0 0 0
300 232 0 0
0 0 0 0
300 232 0 0
0 0 0 0
300 232 0 0
0 0 0 0
300 232 0 0
0 0 0 0
300 232 0 0
0 0 0 0
300 232 0 0
0 0 0 0
300 232 0 0
0 0 0 0
300 232 0 0
0 0 0 0
300 232 0 0
0 0 0 0
300 232 0 0
0 0 0 0
300 232 0 0
0 0 0 0
300 232 0 0
0 0 0 0
300 232 0 0
0 0 0 0
300 232 0 0
0 0 0 0
300 232 0 0
0 0 0 0
300 232 0 0
0 0 0 0
300 232 0 0
0 0 0 0
300 232 0 0
0 0 0 0
300 232 1 0
0 0 0 0
300 232 0 0
0 0 0 0
300 232 0 0
0 0 0 0
300 232 0 0
0 0 0 0
300 232 0 0
0 0 0 0
300 232 0 0
0 0 0 0
300 232 0 0
0 0 0 0
300 232 0 0
0 0 0 0
300 232 0 0
0 0 0 0
300 232 0 0
0 0 0 0
300 232 0 0
0 0 0 0
300 232 0 0
0 0 0 0
300 232 0 0
0 0 0 0
300 232 0 0
0 0 0 0
300 232 0 0
0 0 0 0
300 232 0 0
0 0 0 0
300 232 0 0
0 0 0 0
300 232 0 0
0 0 0 0
300 232 0 0
0 0 0 0
300 232 0 0
0 0 0 0
300 232 0 0
0 0 0 0
300 232 0 0
0 0 0 0
300 232 0 0
0 0 0 0
300 232 0 0
0 0 0 0
300 232 0 0
0 0 0 0
300 232 0 0
0 0 0 0
300 232 0 0
0 0 0 0
300 232 0 0
0 0 0 0
300 232 0 0
0 0 0 0
300 232 0 0
0 0 0 0
300 232 0 0
0 0 0 0
300 232 0 0
0 0 0 0
300 232 0 0
0 0 0 0
300 232 0 0
0 0 0 0
300 232 0 0
0 0 0 0
300 232 0 0
0 0 0 0
300 232 0 0
0 0 0 0
300 232 0 0
0 0 0 0
300 232 0 0
0 0 0 0
300 232 0 0
0 0 0 0
298 232 0 0
0 0 0 0
296 232 0 0
0 0 0 0
294 232 0 0
0 0 0 0
292 232 0 0
0 0 0 0
290 232 0 0
0 0 0 0
288 232 0 0
0 0 0 0
286 232 0 0
0 0 0 0
284 232 0 0
0 0 0 0
282 232 0 0
0 0 0 0
280 232 0 0
0 0 0 0
278 232 0 0
0 0 0 0
276 232 0 0
0 0 0 0
274 232 0 0
0 0 0 0
272 232 0 0
0 0 0 0
270 232 0 0
0 0 0 0
268 232 0 0
0 0 0 0
266 232 0 0
0 0 0 0
264 232 0 0
0 0 0 0
262 232 0 0
0 0 0 0
260 232 0 0
0 0 0 0
258 232 0 0
0 0 0 0
256 232 0 0
0 0 0 0
254 232 0 0
0 0 0 0
252 232 0 0
0 0 0 0
250 232 0 0
0 0 0 0
248 232 0 0
0 0 0 0
246 232 0 0
0 0 0 0
244 232 0 0
0 0 0 0
242 232 0 0
0 0 0 0
240 232 0 0
0 0 0 0
238 232 0 0
0 0 0 0
236 232 0 0
0 0 0 0
234 232 0 0
0 0 0 0
232 230 0 0
0 0 0 0
230 228 0 0
0 0 0 0
228 226 0 0
0 0 0 0
226 224 0 0
0 0 0 0
224 222 0 0
0 0 0 0
224 220 0 0
0 0 0 0
224 218 0 0
0 0 0 0
224 216 0 0
0 0 0 0
224 214 0 0
0 0 0 0
224 212 0 0
0 0 0 0
224 210 0 0
0 0 0 0
224 208 0 0
0 0 0 0
224 206 0 0
0 0 0 0
224 204 0 0
0 0 0 0
224 202 0 0
0 0 0 0
224 202 0 0
0 0 0 0
224 202 0 0
0 0 0 0
224 202 0 0
0 0 0 0
224 202 0 0
0 0 0 0
224 202 0 0
0 0 0 0
224 202 0 0
0 0 0 0
224 202 0 0
0 0 0 0
224 202 0 0
0 0 0 0
224 202 0 0
0 0 0 0
224 202 0 0
0 0 0 0
224 202 0 0
0 0 0 0
224 202 0 0
0 0 0 0
224 202 0 0
0 0 0 0
224 202 0 0
0 0 0 0
224 202 0 0
0 0 0 0
224 202 0 0
0 0 0 0
224 202 0 0
0 0 0 0
224 202 0 0
0 0 0 0
224 202 0 0
0 0 0 0
226 202 0 0
0 0 0 0
228 202 0 0
0 0 0 0
230 202 0 0
0 0 0 0
232 202 0 0
0 0 0 0
234 202 0 0
0 0 0 0
236 202 0 0
0 0 0 0
238 202 0 0
0 0 0 0
240 202 0 0
0 0 0 0
242 202 0 0
0 0 0 0
244 202 0 0
0 0 0 0
246 202 0 0
0 0 0 0
248 202 0 0
0 0 0 0
250 202 0 0
0 0 0 0
252 202 0 0
0 0 0 0
254 202 0 0
0 0 0 0
256 202 0 0
0 0 0 0
258 202 0 0
0 0 0 0
260 202 0 0
0 0 0 0
262 202 0 0
0 0 0 0
264 202 0 0
0 0 0 0
266 202 0 0
0 0 0 0
268 202 0 0
0 0 0 0
270 202 0 0
0 0 0 0
272 202 0 0
0 0 0 0
274 202 0 0
0 0 0 0
276 202 0 0
0 0 0 0
278 202 0 0
0 0 0 0
280 202 0 0
0 0 0 0
282 202 0 0
0 0 0 0
284 202 0 0
0 0 0 0
286 202 0 0
0 0 0 0
288 202 0 0
0 0 0 0
290 202 0 0
0 0 0 0
290 202 0 1
0 0 0 0
290 202 0 0
0 0 0 0
290 202 0 0
0 0 0 0
290 202 0 0
0 0 0 0
290 202 0 0
0 0 0 0
290 204 0 0
0 0 0 0
290 206 0 0
0 0 0 0
290 208 0 0
0 0 0 0
290 210 0 0
0 0 0 0
290 212 0 0
0 0 0 0
290 214 0 0
0 0 0 0
290 216 0 0
0 0 0 0
290 218 0 0
0 0 0 0
290 220 0 0
0 0 0 0
290 222 0 0
0 0 0 0
290 224 0 0
0 0 0 0
290 226 0 0
0 0 0 0
290 228 0 0
0 0 0 0
290 230 0 0
0 0 0 0
290 232 0 0
0 0 0 0
290 234 0 0
0 0 0 0
290 236 0 0
0 0 0 0
290 238 0 0
0 0 0 0
290 240 0 0
0 0 0 0
290 242 0 0
0 0 0 0
290 244 0 0
0 0 0 0
290 246 0 0
0 0 0 0
290 248 0 0
0 0 0 0
290 250 0 0
0 0 0 0
290 252 0 0
0 0 0 0
290 254 0 0
0 0 0 0
290 256 0 0
0 0 0 0
290 258 0 0
0 0 0 0
290 260 0 0
0 0 0 0
290 262 0 0
0 0 0 0
290 264 0 0
0 0 0 0
290 266 0 0
0 0 0 0
290 268 0 0
0 0 0 0
292 270 0 0
0 0 0 0
294 272 0 0
0 0 0 0
296 274 0 0
0 0 0 0
298 276 0 0
0 0 0 0
300 278 0 0
0 0 0 0
302 280 0 0
0 0 0 0
304 282 0 0
0 0 0 0
306 284 0 0
0 0 0 0
308 286 0 0
0 0 0 0
310 288 0 0
0 0 0 0
310 290 0 1
0 0 0 0
310 292 0 0
0 0 0 0
310 294 0 0
0 0 0 0
310 296 0 0
0 0 0 0
310 298 0 0
0 0 0 0
310 300 0 0
0 0 0 0
310 302 0 0
0 0 0 0
310 302 0 0
0 0 0 0
310 302 0 0
0 0 0 0
310 302 0 0
0 0 0 0
310 302 0 0
0 0 0 0
310 302 0 0
0 0 0 0
310 302 0 0
0 0 0 0
310 302 0 0
0 0 0 0
310 302 0 0
0 0 0 0
310 302 0 0
0 0 0 0
310 302 0 0
0 0 0 0
310 302 0 0
0 0 0 0
310 302 0 0
0 0 0 0
310 302 0 0
0 0 0 0
310 302 0 0
0 0 0 0
310 302 0 0
0 0 0 0
310 302 0 0
0 0 0 0
310 302 0 0
0 0 0 0
310 302 0 0
0 0 0 0
310 302 0 0
0 0 0 0
310 302 0 0
0 0 0 0
310 302 0 0
0 0 0 0
310 302 0 0
0 0 0 0
310 302 1 0
0 0 0 0
310 302 0 0
0 0 0 0
310 302 0 0
0 0 0 0
310 302 0 0
0 0 0 0
310 302 0 0
0 0 0 0
310 302 0 0
0 0 0 0
310 302 0 0
0 0 0 0
310 302 0 0
0 0 0 0
310 302 0 0
0 0 0 0
310 302 0 0
0 0 0 0
310 302 0 0
0 0 0 0
310 302 0 0
0 0 0 0
310 302 0 0
0 0 0 0
310 302 0 0
0 0 0 0
310 302 0 0
0 0 0 0
310 302 0 0
0 0 0 0
310 302 0 0
0 0 0 0
310 302 0 0
0 0 0 0
310 302 0 0
0 0 0 0
310 302 0 0
0 0 0 0
310 302 0 0
0 0 0 0
310 304 0 0
0 0 0 0
310 306 0 0
0 0 0 0
310 308 0 0
0 0 0 0
310 310 0 0
0 0 0 0
310 312 0 0
0 0 0 0
310 314 0 0
0 0 0 0
310 316 0 0
0 0 0 0
310 318 0 0
0 0 0 0
310 320 0 0
0 0 0 0
310 322 0 0
0 0 0 0
310 324 0 0
0 0 0 0
310 326 0 0
0 0 0 0
310 328 0 0
0 0 0 0
310 330 0 0
0 0 0 0
310 332 0 0
0 0 0 0
310 334 0 0
0 0 0 0
310 336 0 0
0 0 0 0
310 338 0 0
0 0 0 0
310 340 0 0
0 0 0 0
310 340 0 0
0 0 0 0
310 340 0 0
0 0 0 0
310 340 0 0
0 0 0 0
310 340 0 0
0 0 0 0
310 340 0 0
0 0 0 0
310 340 0 0
0 0 0 0
310 340 0 0
0 0 0 0
310 340 0 0
0 0 0 0
310 340 0 0
0 0 0 0
310 340 0 0
0 0 0 0
310 340 0 0
0 0 0 0
310 340 0 0
0 0 0 0
310 340 0 0
0 0 0 0
310 340 0 0
0 0 0 0
310 340 0 0
0 0 0 0
310 340 0 0
0 0 0 0
310 340 0 0
0 0 0 0
310 340 0 0
0 0 0 0
310 340 0 0
0 0 0 0
310 340 0 0
0 0 0 0
310 340 0 0
0 0 0 0
310 340 0 0
0 0 0 0
310 340 0 0
0 0 0 0
310 340 0 0
0 0 0 0
310 340 0 0
0 0 0 0
310 340 0 0
0 0 0 0
310 340 0 0
0 0 0 0
310 340 0 0
0 0 0 0
310 340 0 0
0 0 0 0
310 340 0 0
0 0 0 0
310 340 0 0
0 0 0 0
310 340 0 0
0 0 0 0
310 340 0 0
0 0 0 0
310 340 0 0
0 0 0 0
310 340 0 0
0 0 0 0
310 340 0 0
0 0 0 0
310 340 0 0
0 0 0 0
310 340 0 0
0 0 0 0
310 340 0 0
0 0 0 0
310 340 0 0
0 0 0 0
310 340 0 0
0 0 0 0
310 340 0 0
0 0 0 0
310 340 0 0
0 0 0 0
310 340 0 0
0 0 0 0
310 340 0 0
0 0 0 0
310 340 0 0
0 0 0 0
310 340 0 0
0 0 0 0
310 340 0 0
0 0 0 0
310 340 0 0
0 0 0 0
310 340 0 0
0 0 0 0
310 340 0 0
0 0 0 0
310 342 0 0
0 0 0 0
310 344 0 0
0 0 0 0
310 346 0 0
0 0 0 0
310 348 0 0
0 0 0 0
310 350 0 0
0 0 0 0
310 352 0 0
0 0 0 0
310 354 0 0
0 0 0 0
310 356 0 0
0 0 0 0
310 358 0 0
0 0 0 0
310 360 0 0
0 0 0 0
310 362 0 0
0 0 0 0
310 364 0 0
0 0 0 0
310 366 0 0
0 0 0 0
310 368 0 0
0 0 0 0
310 370 0 0
0 0 0 0
310 372 0 0
0 0 0 0
310 374 0 0
0 0 0 0
310 376 0 0
0 0 0 0
310 378 0 0
0 0 0 0
310 380 0 0
0 0 0 0
310 382 0 0
0 0 0 0
310 384 0 0
0 0 0 0
310 384 0 0
0 0 0 0
310 384 0 0
0 0 0 0
310 384 0 0
0 0 0 0
310 384 0 0
0 0 0 0
310 384 0 0
0 0 0 0
310 384 0 0
0 0 0 0
310 384 0 0
0 0 0 0
310 384 0 0
0 0 0 0
310 384 0 0
0 0 0 0
310 384 0 0
0 0 0 0
310 384 0 0
0 0 0 0
310 384 0 0
0 0 0 0
310 384 0 0
0 0 0 0
310 384 0 0
0 0 0 0
310 384 0 0
0 0 0 0
310 384 0 0
0 0 0 0
310 384 0 0
0 0 0 0
310 384 0 0
0 0 0 0
310 384 0 0
0 0 0 0
310 384 0 0
0 0 0 0
310 384 0 0
0 0 0 0
310 384 0 0
0 0 0 0
310 384 0 0
0 0 0 0
310 384 0 0
0 0 0 0
310 384 0 0
0 0 0 0
310 384 0 0
0 0 0 0
310 384 0 0
0 0 0 0
310 384 0 0
0 0 0 0
310 384 0 0
0 0 0 0
310 384 0 0
0 0 0 0
310 384 0 0
0 0 0 0
310 384 0 0
0 0 0 0
310 384 0 0
0 0 0 0
310 384 0 0
0 0 0 0
310 384 0 0
0 0 0 0
310 384 0 0
0 0 0 0
310 384 0 0
0 0 0 0
310 384 0 0
0 0 0 0
310 384 0 0
0 0 0 0
308 384 0 0
0 0 0 0
306 384 0 0
0 0 0 0
304 384 0 0
0 0 0 0
302 384 0 0
0 0 0 0
300 384 0 0
0 0 0 0
298 384 0 0
0 0 0 0
296 384 0 0
0 0 0 0
294 384 0 0
0 0 0 0
292 384 0 0
0 0 0 0
290 384 0 0
0 0 0 0
288 384 0 0
0 0 0 0
286 384 0 0
0 0 0 0
284 384 0 0
0 0 0 0
282 384 0 0
0 0 0 0
280 384 0 0
0 0 0 0
278 384 0 0
0 0 0 0
276 384 0 0
0 0 0 0
274 384 0 0
0 0 0 0
272 384 0 0
0 0 0 0
270 384 0 0
0 0 0 0
268 384 0 0
0 0 0 0
266 384 0 0
0 0 0 0
264 384 0 0
0 0 0 0
262 384 0 0
0 0 0 0
260 384 0 0
0 0 0 0
258 384 0 0
0 0 0 0
256 384 0 0
0 0 0 0
254 384 0 0
0 0 0 0
252 384 0 0
0 0 0 0
250 384 0 0
0 0 0 0
248 384 0 0
0 0 0 0
246 384 0 0
0 0 0 0
244 384 0 0
0 0 0 0
242 384 0 0
0 0 0 0
240 384 0 0
0 0 0 0
238 384 0 0
0 0 0 0
236 384 0 0
0 0 0 0
234 384 0 0
0 0 0 0
232 384 0 0
0 0 0 0
230 384 0 0
0 0 0 0
228 384 0 0
0 0 0 0
226 384 0 0
0 0 0 0
224 384 0 0
0 0 0 0
222 384 0 0
0 0 0 0
220 384 0 0
0 0 0 0
218 384 0 0
0 0 0 0
216 384 0 0
0 0 0 0
214 384 0 0
0 0 0 0
212 384 0 0
0 0 0 0
210 384 0 0
0 0 0 0
208 384 0 0
0 0 0 0
206 384 0 0
0 0 0 0
204 384 0 0
0 0 0 0
202 384 0 0
0 0 0 0
200 384 0 0
0 0 0 0
198 384 0 0
0 0 0 0
196 384 0 0
0 0 0 0
194 384 0 0
0 0 0 0
192 384 0 0
0 0 0 0
190 384 0 0
0 0 0 0
188 384 0 0
0 0 0 0
186 384 0 0
0 0 0 0
184 384 0 0
0 0 0 0
182 384 0 0
0 0 0 0
180 384 0 0
0 0 0 0
178 384 0 0
0 0 0 0
176 384 0 0
0 0 0 0
174 384 0 0
0 0 0 0
172 384 0 0
0 0 0 0
170 384 0 0
0 0 0 0
168 384 0 0
0 0 0 0
166 384 0 0
0 0 0 0
164 384 0 0
0 0 0 0
162 382 0 0
0 0 0 0
160 380 0 0
0 0 0 0
158 378 0 0
0 0 0 0
156 376 0 0
0 0 0 0
154 374 0 0
0 0 0 0
152 372 0 0
0 0 0 0
150 370 0 0
0 0 0 0
148 368 0 0
0 0 0 0
146 366 0 0
0 0 0 0
144 364 0 0
0 0 0 0
142 362 0 0
0 0 0 0
140 360 0 0
0 0 0 0
138 358 0 0
0 0 0 0
136 356 0 0
0 0 0 0
134 354 0 0
0 0 0 0
132 352 0 0
0 0 0 0
130 350 0 0
0 0 0 0
128 348 0 0
0 0 0 0
126 346 0 0
0 0 0 0
124 344 0 0
0 0 0 0
122 342 0 0
0 0 0 0
120 340 0 0
0 0 0 0
118 338 0 0
0 0 0 0
116 336 0 0
0 0 0 0
114 334 0 0
0 0 0 0
112 332 0 0
0 0 0 0
110 330 0 0
0 0 0 0
108 328 0 0
0 0 0 0
106 326 0 0
0 0 0 0
104 324 0 0
0 0 0 0
102 322 0 0
0 0 0 0
100 320 0 0
0 0 0 0
98 318 0 0
0 0 0 0
98 316 0 0
0 0 0 0
98 314 0 0
0 0 0 0
98 312 0 0
0 0 0 0
98 310 0 0
0 0 0 0
98 308 0 0
0 0 0 0
98 306 0 0
0 0 0 0
98 304 0 0
0 0 0 0
98 302 0 0
0 0 0 0
98 300 0 0
0 0 0 0
98 298 0 0
0 0 0 0
98 296 0 0
0 0 0 0
98 294 0 0
0 0 0 0
98 292 0 0
0 0 0 0
98 290 0 0
0 0 0 0
98 288 0 0
0 0 0 0
98 286 0 0
0 0 0 0
98 284 0 0
0 0 0 0
98 282 0 0
0 0 0 0
98 280 0 0
0 0 0 0
98 278 0 0
0 0 0 0
98 276 0 0
0 0 0 0
98 276 0 0
0 0 0 0
98 276 0 0
0 0 0 0
98 276 0 0
0 0 0 0
98 276 0 0
0 0 0 0
98 276 0 0
0 0 0 0
98 276 0 0
0 0 0 0
98 276 0 0
0 0 0 0
98 276 0 0
0 0 0 0
98 276 0 0
0 0 0 0
98 276 0 0
0 0 0 0
98 276 0 0
0 0 0 0
98 276 0 0
0 0 0 0
98 276 0 0
0 0 0 0
98 276 0 0
0 0 0 0
100 276 0 0
0 0 0 0
102 276 0 0
0 0 0 0
104 276 0 0
0 0 0 0
106 276 0 0
0 0 0 0
108 276 0 0
0 0 0 0
110 276 0 0
0 0 0 0
112 276 0 0
0 0 0 0
114 276 0 0
0 0 0 0
116 276 0 0
0 0 0 0
118 276 0 0
0 0 0 0
120 276 0 0
0 0 0 0
122 276 0 0
0 0 0 0
124 276 0 0
0 0 0 0
126 276 0 0
0 0 0 0
128 276 0 0
0 0 0 0
130 276 0 0
0 0 0 0
132 276 0 0
0 0 0 0
134 276 0 0
0 0 0 0
136 276 0 0
0 0 0 0
138 276 0 0
0 0 0 0
140 276 0 0
0 0 0 0
142 276 0 0
0 0 0 0
144 276 0 0
0 0 0 0
146 276 0 0
0 0 0 0
148 276 0 0
0 0 0 0
150 276 0 0
0 0 0 0
152 276 0 0
0 0 0 0
154 276 0 0
0 0 0 0
156 276 0 0
0 0 0 0
158 278 0 0
0 0 0 0
160 280 0 0
0 0 0 0
162 282 0 0
0 0 0 0
164 284 0 0
0 0 0 0
166 286 0 0
0 0 0 0
168 288 0 0
0 0 0 0
170 290 0 0
0 0 0 0
172 292 0 0
0 0 0 0
172 294 0 1
0 0 0 0
172 296 0 0
0 0 0 0
172 298 0 0
0 0 0 0
172 300 0 0
0 0 0 0
172 302 0 0
0 0 0 0
172 304 0 0
0 0 0 0
172 306 0 0
0 0 0 0
172 308 0 0
0 0 0 0
172 310 0 0
0 0 0 0
172 312 0 0
0 0 0 0
172 314 0 0
0 0 0 0
172 316 0 0
0 0 0 0
172 318 0 0
0 0 0 0
172 320 0 0
0 0 0 0
172 322 0 0
0 0 0 0
172 324 0 0
0 0 0 0
172 326 0 0
0 0 0 0
172 328 0 0
0 0 0 0
172 328 0 0
0 0 0 0
172 328 0 0
0 0 0 0
172 328 0 0
0 0 0 0
172 328 0 0
0 0 0 0
172 328 0 0
0 0 0 0
172 328 0 0
0 0 0 0
172 328 0 0
0 0 0 0
172 328 0 0
0 0 0 0
172 328 0 0
0 0 0 0
172 328 0 0
0 0 0 0
172 328 1 0
0 0 0 0
172 328 0 0
0 0 0 0
172 328 0 0
0 0 0 0
172 328 0 0
0 0 0 0
172 328 0 0
0 0 0 0
172 328 0 0
0 0 0 0
172 328 0 0
0 0 0 0
172 328 0 0
0 0 0 0
172 328 0 0
0 0 0 0
172 328 0 0
0 0 0 0
172 328 0 0
0 0 0 0
172 328 0 0
0 0 0 0
172 328 0 0
0 0 0 0
172 328 0 0
0 0 0 0
172 328 0 0
0 0 0 0
172 328 0 0
0 0 0 0
172 328 0 0
0 0 0 0
172 328 0 0
0 0 0 0
172 328 0 0
0 0 0 0
172 328 0 0
0 0 0 0
172 328 0 0
0 0 0 0
172 328 0 0
0 0 0 0
172 328 0 0
0 0 0 0
172 328 0 0
0 0 0 0
172 328 0 0
0 0 0 0
172 328 0 0
0 0 0 0
172 328 0 0
0 0 0 0
172 328 0 0
0 0 0 0
172 328 0 0
0 0 0 0
172 328 0 0
0 0 0 0
172 328 0 0
0 0 0 0
172 328 0 0
0 0 0 0
172 328 0 0
0 0 0 0
172 328 0 0
0 0 0 0
172 328 0 0
0 0 0 0
172 328 0 0
0 0 0 0
172 328 0 0
0 0 0 0
172 328 0 0
0 0 0 0
172 328 0 0
0 0 0 0
172 328 0 0
0 0 0 0
172 328 0 0
0 0 0 0
172 328 0 0
0 0 0 0
172 328 0 0
0 0 0 0
172 328 0 0
0 0 0 0
172 328 0 0
0 0 0 0
172 328 0 0
0 0 0 0
172 328 0 0
0 0 0 0
172 328 0 0
0 0 0 0
172 328 0 0
0 0 0 0
172 328 0 0
0 0 0 0
172 328 0 0
0 0 0 0
172 328 0 0
0 0 0 0
172 328 0 0
0 0 0 0
172 328 0 0
0 0 0 0
172 328 0 0
0 0 0 0
172 328 0 0
0 0 0 0
172 328 0 0
0 0 0 0
172 328 0 0
0 0 0 0
172 328 0 0
0 0 0 0
172 328 0 0
0 0 0 0
172 328 0 0
0 0 0 0
172 328 0 0
0 0 0 0
172 328 0 0
0 0 0 0
172 328 0 0
0 0 0 0
172 328 0 0
0 0 0 0
172 328 1 0
0 0 0 0
172 328 0 0
0 0 0 0
172 328 0 0
0 0 0 0
172 328 0 0
0 0 0 0
172 328 0 0
0 0 0 0
172 328 0 0
0 0 0 0
172 328 0 0
0 0 0 0
172 328 0 0
0 0 0 0
172 328 0 0
0 0 0 0
172 330 0 0
0 0 0 0
172 332 0 0
0 0 0 0
172 334 0 0
0 0 0 0
172 336 0 0
0 0 0 0
172 338 0 0
0 0 0 0
172 340 0 0
0 0 0 0
172 342 0 0
0 0 0 0
172 344 0 0
0 0 0 0
172 346 0 0
0 0 0 0
172 348 0 0
0 0 0 0
172 350 0 0
0 0 0 0
172 352 0 0
0 0 0 0
172 354 0 0
0 0 0 0
172 356 0 0
0 0 0 0
172 358 0 0
0 0 0 0
172 360 0 0
0 0 0 0
172 360 0 0
0 0 0 0
172 360 0 0
0 0 0 0
172 360 0 0
0 0 0 0
172 360 0 0
0 0 0 0
172 360 0 0
0 0 0 0
172 360 0 0
0 0 0 0
172 360 0 0
0 0 0 0
172 360 0 0
0 0 0 0
172 360 0 0
0 0 0 0
172 360 0 0
0 0 0 0
172 360 0 0
0 0 0 0
172 360 0 0
0 0 0 0
172 360 0 0
0 0 0 0
172 360 0 0
0 0 0 0
172 360 0 0
0 0 0 0
172 360 0 0
0 0 0 0
172 360 0 0
0 0 0 0
172 360 0 0
0 0 0 0
172 360 0 0
0 0 0 0
172 360 0 0
0 0 0 0
172 360 0 0
0 0 0 0
172 360 0 0
0 0 0 0
172 360 0 0
0 0 0 0
172 360 0 0
0 0 0 0
172 360 0 0
0 0 0 0
172 360 0 0
0 0 0 0
172 360 0 0
0 0 0 0
172 360 0 0
0 0 0 0
172 360 0 0
0 0 0 0
172 360 0 0
0 0 0 0
172 360 0 0
0 0 0 0
172 360 0 0
0 0 0 0
172 360 0 0
0 0 0 0
172 360 1 0
0 0 0 0
172 360 0 0
0 0 0 0
172 360 0 0
0 0 0 0
172 360 0 0
0 0 0 0
172 360 0 0
0 0 0 0
172 360 0 0
0 0 0 0
172 360 0 0
0 0 0 0
172 360 0 0
0 0 0 0
172 360 0 0
0 0 0 0
172 360 0 0
0 0 0 0
172 360 0 0
0 0 0 0
172 360 0 0
0 0 0 0
172 360 0 0
0 0 0 0
172 360 0 0
0 0 0 0
172 360 0 0
0 0 0 0
172 360 0 0
0 0 0 0
172 360 0 0
0 0 0 0
172 360 0 0
0 0 0 0
172 360 0 0
0 0 0 0
172 360 0 0
0 0 0 0
172 360 0 0
0 0 0 0
172 360 0 0
0 0 0 0
172 360 0 0
0 0 0 0
172 360 0 0
0 0 0 0
172 360 0 0
0 0 0 0
172 360 0 0
0 0 0 0
172 360 0 0
0 0 0 0
172 360 0 0
0 0 0 0
172 360 0 0
0 0 0 0
172 360 0 0
0 0 0 0
172 360 0 0
0 0 0 0
172 360 0 0
0 0 0 0
172 360 0 0
0 0 0 0
172 360 0 0
0 0 0 0
172 360 0 0
0 0 0 0
172 360 0 0
0 0 0 0
172 360 0 0
0 0 0 0
172 360 0 0
0 0 0 0
172 360 0 0
0 0 0 0
172 360 0 0
0 0 0 0
172 360 0 0
0 0 0 0
172 360 0 0
0 0 0 0
172 360 0 0
0 0 0 0
172 360 0 0
0 0 0 0
172 360 0 0
0 0 0 0
172 360 0 0
0 0 0 0
172 360 0 0
0 0 0 0
172 360 0 0
0 0 0 0
172 360 0 0
0 0 0 0
172 360 0 0
0 0 0 0
172 360 0 0
0 0 0 0
172 360 0 0
0 0 0 0
172 360 0 0
0 0 0 0
172 360 0 0
0 0 0 0
172 360 0 0
0 0 0 0
172 360 0 0
0 0 0 0
172 360 0 0
0 0 0 0
172 360 0 0
0 0 0 0
172 360 0 0
0 0 0 0
172 360 0 0
0 0 0 0
172 360 0 0
0 0 0 0
172 360 0 0
0 0 0 0
172 362 0 0
0 0 0 0
172 364 0 0
0 0 0 0
172 366 0 0
0 0 0 0
172 368 0 0
0 0 0 0
172 370 0 0
0 0 0 0
172 372 0 0
0 0 0 0
172 374 0 0
0 0 0 0
172 376 0 0
0 0 0 0
172 378 0 0
0 0 0 0
174 380 0 0
0 0 0 0
176 382 0 0
0 0 0 0
178 384 0 0
0 0 0 0
180 386 0 0
0 0 0 0
182 388 0 0
0 0 0 0
184 390 0 0
0 0 0 0
186 392 0 0
0 0 0 0
188 394 0 0
0 0 0 0
190 396 0 0
0 0 0 0
190 398 0 1
0 0 0 0
190 400 0 0
0 0 0 0
190 402 0 0
0 0 0 0
190 404 0 0
0 0 0 0
190 406 0 0
0 0 0 0
190 408 0 0
0 0 0 0
190 410 0 0
0 0 0 0
190 410 0 0
0 0 0 0
190 410 0 0
0 0 0 0
190 410 0 0
0 0 0 0
190 410 0 0
0 0 0 0
190 410 0 0
0 0 0 0
192 410 0 0
0 0 0 0
194 410 0 0
0 0 0 0
196 410 0 0
0 0 0 0
198 410 0 0
0 0 0 0
200 410 0 0
0 0 0 0
202 410 0 0
0 0 0 0
202 410 0 1
0 0 0 0
202 410 0 0
0 0 0 0
202 410 0 0
0 0 0 0
202 410 0 0
0 0 0 0
202 410 0 0
0 0 0 0
202 410 0 0
0 0 0 0
202 410 0 0
0 0 0 0
202 410 0 0
0 0 0 0
204 410 0 0
0 0 0 0
206 410 0 0
0 0 0 0
208 410 0 0
0 0 0 0
210 410 0 0
0 0 0 0
212 410 0 0
0 0 0 0
214 410 0 0
0 0 0 0
216 410 0 0
0 0 0 0
218 410 0 0
0 0 0 0
218 410 0 1
0 0 0 0
218 410 0 0
0 0 0 0
218 410 0 0
0 0 0 0
218 410 0 0
0 0 0 0
218 410 0 0
0 0 0 0
218 410 0 0
0 0 0 0
218 410 0 0
0 0 0 0
218 410 0 0
0 0 0 0
220 410 0 0
0 0 0 0
222 410 0 0
0 0 0 0
224 410 0 0
0 0 0 0
226 410 0 0
0 0 0 0
228 410 0 0
0 0 0 0
230 410 0 0
0 0 0 0
232 410 0 0
0 0 0 0
234 410 0 0
0 0 0 0
234 410 0 1
0 0 0 0
234 410 0 0
0 0 0 0
234 410 0 0
0 0 0 0
234 410 0 0
0 0 0 0
234 410 0 0
0 0 0 0
234 408 0 0
0 0 0 0
234 406 0 0
0 0 0 0
234 404 0 0
0 0 0 0
234 402 0 0
0 0 0 0
234 400 0 0
0 0 0 0
236 398 0 0
0 0 0 0
238 396 0 0
0 0 0 0
240 394 0 0
0 0 0 0
242 392 0 0
0 0 0 0
244 390 0 0
0 0 0 0
246 388 0 0
0 0 0 0
246 386 0 1
0 0 0 0
246 384 0 0
0 0 0 0
246 382 0 0
0 0 0 0
246 380 0 0
0 0 0 0
246 378 0 0
0 0 0 0
246 376 0 0
0 0 0 0
246 374 0 0
0 0 0 0
246 372 0 0
0 0 0 0
248 370 0 0
0 0 0 0
250 368 0 0
0 0 0 0
252 366 0 0
0 0 0 0
254 364 0 0
0 0 0 0
256 362 0 0
0 0 0 0
258 360 0 0
0 0 0 0
260 358 0 0
0 0 0 0
262 356 0 0
0 0 0 0
262 354 0 1
0 0 0 0
262 352 0 0
0 0 0 0
262 350 0 0
0 0 0 0
262 348 0 0
0 0 0 0
262 346 0 0
0 0 0 0
262 344 0 0
0 0 0 0
262 342 0 0
0 0 0 0
262 340 0 0
0 0 0 0
264 338 0 0
0 0 0 0
266 336 0 0
0 0 0 0
268 334 0 0
0 0 0 0
270 332 0 0
0 0 0 0
272 330 0 0
0 0 0 0
274 328 0 0
0 0 0 0
276 326 0 0
0 0 0 0
278 324 0 0
0 0 0 0
280 322 0 0
0 0 0 0
282 320 0 0
0 0 0 0
284 318 0 0
0 0 0 0
286 316 0 0
0 0 0 0
288 316 0 0
0 0 0 0
290 316 0 0
0 0 0 0
292 316 0 0
0 0 0 0
294 316 0 0
0 0 0 0
296 316 0 0
0 0 0 0
298 316 0 0
0 0 0 0
300 316 0 0
0 0 0 0
302 316 0 0
0 0 0 0
304 316 0 0
0 0 0 0
306 316 0 0
0 0 0 0
308 316 0 0
0 0 0 0
310 316 0 0
0 0 0 0
312 316 0 0
0 0 0 0
314 316 0 0
0 0 0 0
316 316 0 0
0 0 0 0
316 316 0 1
0 0 0 0
316 316 0 0
0 0 0 0
316 316 0 0
0 0 0 0
316 316 0 0
0 0 0 0
316 316 0 0
0 0 0 0
316 316 0 0
0 0 0 0
316 316 0 0
0 0 0 0
316 316 0 0
0 0 0 0
316 316 0 0
0 0 0 0
316 316 0 0
0 0 0 0
316 316 0 0
0 0 0 0
316 316 0 0
0 0 0 0
316 316 0 0
0 0 0 0
316 316 0 0
0 0 0 0
316 316 0 0
0 0 0 0
316 316 0 0
0 0 0 0
316 316 0 0
0 0 0 0
316 316 0 0
0 0 0 0
316 314 0 0
0 0 0 0
316 312 0 0
0 0 0 0
316 310 0 0
0 0 0 0
316 308 0 0
0 0 0 0
316 306 0 0
0 0 0 0
316 304 0 0
0 0 0 0
316 302 0 0
0 0 0 0
316 300 0 0
0 0 0 0
316 298 0 0
0 0 0 0
316 296 0 0
0 0 0 0
316 294 0 0
0 0 0 0
316 292 0 0
0 0 0 0
316 290 0 0
0 0 0 0
316 288 0 0
0 0 0 0
316 286 0 0
0 0 0 0
316 284 0 0
0 0 0 0
316 284 0 0
0 0 0 0
316 284 0 0
0 0 0 0
316 284 0 0
0 0 0 0
316 284 0 0
0 0 0 0
316 284 0 0
0 0 0 0
316 284 0 0
0 0 0 0
316 284 0 0
0 0 0 0
316 284 0 0
0 0 0 0
316 284 0 0
0 0 0 0
316 284 0 0
0 0 0 0
316 284 0 0
0 0 0 0
316 284 0 0
0 0 0 0
316 284 0 0
0 0 0 0
316 284 0 0
0 0 0 0
316 284 0 0
0 0 0 0
316 284 0 0
0 0 0 0
316 284 0 0
0 0 0 0
316 284 0 0
0 0 0 0
316 284 0 0
0 0 0 0
316 284 0 0
0 0 0 0
316 284 0 0
0 0 0 0
316 284 0 0
0 0 0 0
316 284 0 0
0 0 0 0
316 284 0 0
0 0 0 0
316 284 0 0
0 0 0 0
316 284 0 0
0 0 0 0
316 284 0 0
0 0 0 0
316 284 0 0
0 0 0 0
316 284 0 0
0 0 0 0
316 284 0 0
0 0 0 0
316 284 0 0
0 0 0 0
316 284 0 0
0 0 0 0
316 284 0 0
0 0 0 0
316 284 0 0
0 0 0 0
316 284 0 0
0 0 0 0
316 284 0 0
0 0 0 0
316 284 0 0
0 0 0 0
316 284 0 0
0 0 0 0
316 284 0 0
0 0 0 0
316 284 0 0
0 0 0 0
316 284 0 0
0 0 0 0
316 284 0 0
0 0 0 0
316 284 0 0
0 0 0 0
316 284 0 0
0 0 0 0
316 284 0 0
0 0 0 0
316 284 0 0
0 0 0 0
316 284 0 0
0 0 0 0
316 284 0 0
0 0 0 0
316 284 0 0
0 0 0 0
316 284 0 0
0 0 0 0
316 284 0 0
0 0 0 0
316 284 0 0
0 0 0 0
316 284 0 0
0 0 0 0
316 284 0 0
0 0 0 0
316 284 0 0
0 0 0 0
316 284 0 0
0 0 0 0
316 284 0 0
0 0 0 0
316 284 0 0
0 0 0 0
316 284 0 0
0 0 0 0
316 284 0 0
0 0 0 0
316 284 0 0
0 0 0 0
316 284 0 0
0 0 0 0
314 284 0 0
0 0 0 0
312 284 0 0
0 0 0 0
310 284 0 0
0 0 0 0
308 284 0 0
0 0 0 0
306 284 0 0
0 0 0 0
304 284 0 0
0 0 0 0
302 284 0 0
0 0 0 0
300 284 0 0
0 0 0 0
298 284 0 0
0 0 0 0
296 284 0 0
0 0 0 0
294 284 0 0
0 0 0 0
292 284 0 0
0 0 0 0
290 284 0 0
0 0 0 0
288 284 0 0
0 0 0 0
286 284 0 0
0 0 0 0
284 284 0 0
0 0 0 0
282 284 0 0
0 0 0 0
280 284 0 0
0 0 0 0
278 284 0 0
0 0 0 0
276 284 0 0
0 0 0 0
274 284 0 0
0 0 0 0
272 284 0 0
0 0 0 0
270 284 0 0
0 0 0 0
268 284 0 0
0 0 0 0
266 284 0 0
0 0 0 0
264 284 0 0
0 0 0 0
262 284 0 0
0 0 0 0
260 284 0 0
0 0 0 0
258 284 0 0
0 0 0 0
256 284 0 0
0 0 0 0
254 284 0 0
0 0 0 0
252 284 0 0
0 0 0 0
250 284 0 0
0 0 0 0
248 284 0 0
0 0 0 0
246 284 0 0
0 0 0 0
244 284 0 0
0 0 0 0
242 284 0 0
0 0 0 0
240 284 0 0
0 0 0 0
238 284 0 0
0 0 0 0
236 284 0 0
0 0 0 0
234 284 0 0
0 0 0 0
232 284 0 0
0 0 0 0
230 286 0 0
0 0 0 0
228 288 0 0
0 0 0 0
226 290 0 0
0 0 0 0
224 292 0 0
0 0 0 0
222 294 0 0
0 0 0 0
220 296 0 0
0 0 0 0
218 298 0 0
0 0 0 0
218 300 0 0
0 0 0 0
218 302 0 0
0 0 0 0
218 304 0 0
0 0 0 0
218 306 0 0
0 0 0 0
218 308 0 0
0 0 0 0
218 310 0 0
0 0 0 0
218 312 0 0
0 0 0 0
218 314 0 0
0 0 0 0
218 316 0 0
0 0 0 0
218 318 0 0
0 0 0 0
218 320 0 0
0 0 0 0
218 322 0 0
0 0 0 0
218 324 0 0
0 0 0 0
220 326 0 0
0 0 0 0
222 328 0 0
0 0 0 0
224 330 0 0
0 0 0 0
226 332 0 0
0 0 0 0
228 334 0 0
0 0 0 0
230 336 0 0
0 0 0 0
232 338 0 0
0 0 0 0
234 340 0 0
0 0 0 0
236 340 0 0
0 0 0 0
238 340 0 0
0 0 0 0
240 340 0 0
0 0 0 0
242 340 0 0
0 0 0 0
244 340 0 0
0 0 0 0
246 340 0 0
0 0 0 0
248 340 0 0
0 0 0 0
250 340 0 0
0 0 0 0
252 340 0 0
0 0 0 0
254 340 0 0
0 0 0 0
256 340 0 0
0 0 0 0
258 340 0 0
0 0 0 0
260 340 0 0
0 0 0 0
262 340 0 0
0 0 0 0
264 340 0 0
0 0 0 0
266 340 0 0
0 0 0 0
268 340 0 0
0 0 0 0
270 340 0 0
0 0 0 0
272 340 0 0
0 0 0 0
274 340 0 0
0 0 0 0
276 340 0 0
0 0 0 0
278 340 0 0
0 0 0 0
280 340 0 0
0 0 0 0
282 340 0 0
0 0 0 0
284 340 0 0
0 0 0 0
286 340 0 0
0 0 0 0
288 340 0 0
0 0 0 0
290 340 0 0
0 0 0 0
292 340 0 0
0 0 0 0
294 340 0 0
0 0 0 0
296 340 0 0
0 0 0 0
298 340 0 0
0 0 0 0
298 340 0 1
0 0 0 0
298 340 0 0
0 0 0 0
298 340 0 0
0 0 0 0
298 340 0 0
0 0 0 0
298 340 0 0
0 0 0 0
298 340 0 0
0 0 0 0
298 340 0 0
0 0 0 0
298 340 0 0
0 0 0 0
298 340 0 0
0 0 0 0
298 340 0 0
0 0 0 0
298 340 0 0
0 0 0 0
298 340 0 0
0 0 0 0
298 340 0 0
0 0 0 0
298 340 0 0
0 0 0 0
298 340 0 0
0 0 0 0
298 340 0 0
0 0 0 0
298 340 0 0
0 0 0 0
298 340 0 0
0 0 0 0
298 340 0 0
0 0 0 0
298 340 0 0
0 0 0 0
298 340 0 0
0 0 0 0
298 340 0 0
0 0 0 0
298 340 0 0
0 0 0 0
298 340 0 0
0 0 0 0
298 340 0 0
0 0 0 0
298 340 0 0
0 0 0 0
298 340 0 0
0 0 0 0
298 340 0 0
0 0 0 0
298 340 0 0
0 0 0 0
298 340 0 0
0 0 0 0
298 340 0 0
0 0 0 0
298 340 0 0
0 0 0 0
298 340 0 0
0 0 0 0
298 340 0 0
0 0 0 0
298 340 1 0
0 0 0 0
298 340 0 0
0 0 0 0
298 340 0 0
0 0 0 0
298 340 0 0
0 0 0 0
298 340 0 0
0 0 0 0
298 340 0 0
0 0 0 0
298 340 0 0
0 0 0 0
298 340 0 0
0 0 0 0
298 340 0 0
0 0 0 0
298 340 0 0
0 0 0 0
298 340 0 0
0 0 0 0
298 340 0 0
0 0 0 0
298 340 0 0
0 0 0 0
298 340 0 0
0 0 0 0
298 340 0 0
0 0 0 0
298 340 0 0
0 0 0 0
298 340 0 0
0 0 0 0
298 340 0 0
0 0 0 0
298 340 0 0
0 0 0 0
298 340 0 0
0 0 0 0
298 340 0 0
0 0 0 0
298 340 0 0
0 0 0 0
298 340 0 0
0 0 0 0
296 340 0 0
0 0 0 0
294 340 0 0
0 0 0 0
292 340 0 0
0 0 0 0
290 340 0 0
0 0 0 0
288 340 0 0
0 0 0 0
286 340 0 0
0 0 0 0
284 340 0 0
0 0 0 0
282 340 0 0
0 0 0 0
280 340 0 0
0 0 0 0
278 340 0 0
0 0 0 0
276 340 0 0
0 0 0 0
274 340 0 0
0 0 0 0
272 340 0 0
0 0 0 0
270 340 0 0
0 0 0 0
268 340 0 0
0 0 0 0
266 340 0 0
0 0 0 0
264 340 0 0
0 0 0 0
262 340 0 0
0 0 0 0
260 340 0 0
0 0 0 0
258 340 0 0
0 0 0 0
256 340 0 0
0 0 0 0
254 340 0 0
0 0 0 0
252 340 0 0
0 0 0 0
250 340 0 0
0 0 0 0
248 340 0 0
0 0 0 0
246 340 0 0
0 0 0 0
244 340 0 0
0 0 0 0
242 342 0 0
0 0 0 0
240 344 0 0
0 0 0 0
238 346 0 0
0 0 0 0
236 348 0 0
0 0 0 0
234 350 0 0
0 0 0 0
232 352 0 0
0 0 0 0
230 354 0 0
0 0 0 0
228 356 0 0
0 0 0 0
226 358 0 0
0 0 0 0
224 360 0 0
0 0 0 0
222 362 0 0
0 0 0 0
220 364 0 0
0 0 0 0
220 366 0 0
0 0 0 0
220 368 0 0
0 0 0 0
220 370 0 0
0 0 0 0
220 372 0 0
0 0 0 0
220 374 0 0
0 0 0 0
220 376 0 0
0 0 0 0
220 378 0 0
0 0 0 0
220 380 0 0
0 0 0 0
220 382 0 0
0 0 0 0
220 384 0 0
0 0 0 0
220 386 0 0
0 0 0 0
222 388 0 0
0 0 0 0
224 390 0 0
0 0 0 0
226 392 0 0
0 0 0 0
228 394 0 0
0 0 0 0
230 396 0 0
0 0 0 0
232 398 0 0
0 0 0 0
234 400 0 0
0 0 0 0
236 402 0 0
0 0 0 0
238 404 0 0
0 0 0 0
240 406 0 0
0 0 0 0
242 408 0 0
0 0 0 0
244 408 0 0
0 0 0 0
246 408 0 0
0 0 0 0
248 408 0 0
0 0 0 0
250 408 0 0
0 0 0 0
252 408 0 0
0 0 0 0
254 408 0 0
0 0 0 0
256 408 0 0
0 0 0 0
258 408 0 0
0 0 0 0
260 408 0 0
0 0 0 0
260 408 0 1
0 0 0 0
260 408 0 0
0 0 0 0
260 408 0 0
0 0 0 0
260 408 0 0
0 0 0 0
260 408 0 0
0 0 0 0
260 408 0 0
0 0 0 0
260 408 0 0
0 0 0 0
260 408 0 0
0 0 0 0
260 408 0 0
0 0 0 0
260 408 0 0
0 0 0 0
260 408 0 0
0 0 0 0
260 408 0 0
0 0 0 0
260 408 0 0
0 0 0 0
260 408 0 0
0 0 0 0
260 408 0 0
0 0 0 0
260 408 0 0
0 0 0 0
260 408 0 0
0 0 0 0
260 408 0 0
0 0 0 0
260 408 0 0
0 0 0 0
260 408 0 0
0 0 0 0
260 408 0 0
0 0 0 0
260 408 0 0
0 0 0 0
260 408 0 0
0 0 0 0
260 408 0 0
0 0 0 0
260 408 0 0
0 0 0 0
260 408 0 0
0 0 0 0
260 408 0 0
0 0 0 0
260 408 0 0
0 0 0 0
260 408 0 0
0 0 0 0
260 408 0 0
0 0 0 0
260 408 0 0
0 0 0 0
260 408 0 0
0 0 0 0
260 408 0 0
0 0 0 0
260 408 0 0
0 0 0 0
260 408 0 0
0 0 0 0
260 408 0 0
0 0 0 0
260 408 0 0
0 0 0 0
260 408 0 0
0 0 0 0
260 408 0 0
0 0 0 0
260 408 0 0
0 0 0 0
260 408 0 0
0 0 0 0
260 408 0 0
0 0 0 0
260 408 0 0
0 0 0 0
260 408 0 0
0 0 0 0
260 408 0 0
0 0 0 0
260 408 0 0
0 0 0 0
260 408 0 0
0 0 0 0
260 408 0 0
0 0 0 0
260 408 0 0
0 0 0 0
260 408 0 0
0 0 0 0
260 408 0 0
0 0 0 0
260 408 0 0
0 0 0 0
260 408 0 0
0 0 0 0
260 408 0 0
0 0 0 0
260 408 0 0
0 0 0 0
260 408 0 0
0 0 0 0
260 408 0 0
0 0 0 0
260 408 0 0
0 0 0 0
260 408 0 0
0 0 0 0
260 408 0 0
0 0 0 0
260 408 0 0
0 0 0 0
260 408 0 0
0 0 0 0
260 408 0 0
0 0 0 0
260 408 0 0
0 0 0 0
260 408 0 0
0 0 0 0
260 408 0 0
0 0 0 0
260 408 0 0
0 0 0 0
260 408 0 0
0 0 0 0
260 408 0 0
0 0 0 0
260 408 0 0
0 0 0 0
260 408 0 0
0 0 0 0
260 408 0 0
0 0 0 0
260 408 0 0
0 0 0 0
260 408 0 0
0 0 0 0
260 408 0 0
0 0 0 0
260 408 0 0
0 0 0 0
260 408 0 0
0 0 0 0
260 408 0 0
0 0 0 0
260 408 0 0
0 0 0 0
260 408 0 0
0 0 0 0
260 408 0 0
0 0 0 0
260 408 0 0
0 0 0 0
260 408 0 0
0 0 0 0
260 408 0 0
0 0 0 0
260 408 0 0
0 0 0 0
260 408 0 0
0 0 0 0
260 408 0 0
0 0 0 0
260 408 0 0
0 0 0 0
260 408 0 0
0 0 0 0
260 408 0 0
0 0 0 0
260 408 0 0
0 0 0 0
260 408 0 0
0 0 0 0
260 408 0 0
0 0 0 0
260 408 0 0
0 0 0 0
260 408 0 0
0 0 0 0
260 408 0 0
0 0 0 0
260 408 0 0
0 0 0 0
260 408 0 0
0 0 0 0
260 408 0 0
0 0 0 0
260 408 0 0
0 0 0 0
260 408 0 0
0 0 0 0
260 408 0 0
0 0 0 0
260 408 0 0
0 0 0 0
260 408 0 0
0 0 0 0
260 408 0 0
0 0 0 0
260 408 0 0
0 0 0 0
260 408 0 0
0 0 0 0
260 408 1 0
0 0 0 0
260 408 0 0
0 0 0 0
260 408 0 0
0 0 0 0
260 408 0 0
0 0 0 0
260 408 0 0
0 0 0 0
260 408 0 0
0 0 0 0
260 408 0 0
0 0 0 0
260 408 0 0
0 0 0 0
260 408 0 0
0 0 0 0
260 408 0 0
0 0 0 0
260 408 0 0
0 0 0 0
260 408 0 0
0 0 0 0
260 408 0 0
0 0 0 0
260 408 0 0
0 0 0 0
260 408 0 0
0 0 0 0
260 408 0 0
0 0 0 0
260 408 0 0
0 0 0 0
260 408 0 0
0 0 0 0
260 408 0 0
0 0 0 0
260 408 0 0
0 0 0 0
260 408 0 0
0 0 0 0
260 408 0 0
0 0 0 0
260 408 0 0
0 0 0 0
260 408 0 0
0 0 0 0
260 408 0 0
0 0 0 0
260 408 0 0
0 0 0 0
260 408 0 0
0 0 0 0
260 408 0 0
0 0 0 0
260 408 0 0
0 0 0 0
260 408 0 0
0 0 0 0
260 408 0 0
0 0 0 0
260 408 0 0
0 0 0 0
260 408 0 0
0 0 0 0
260 408 0 0
0 0 0 0
260 408 0 0
0 0 0 0
260 408 0 0
0 0 0 0
260 408 0 0
0 0 0 0
260 408 0 0
0 0 0 0
260 408 0 0
0 0 0 0
260 408 0 0
0 0 0 0
260 408 0 0
0 0 0 0
260 408 0 0
0 0 0 0
260 408 0 0
0 0 0 0
260 408 0 0
0 0 0 0
260 408 0 0
0 0 0 0
260 408 0 0
0 0 0 0
260 408 0 0
0 0 0 0
260 408 0 0
0 0 0 0
260 408 0 0
0 0 0 0
260 408 0 0
0 0 0 0
260 408 0 0
0 0 0 0
260 408 0 0
0 0 0 0
260 408 0 0
0 0 0 0
260 408 0 0
0 0 0 0
260 408 0 0
0 0 0 0
260 408 0 0
0 0 0 0
260 408 0 0
0 0 0 0
260 408 0 0
0 0 0 0
260 408 0 0
0 0 0 0
260 408 0 0
0 0 0 0
260 406 0 0
0 0 0 0
260 404 0 0
0 0 0 0
260 402 0 0
0 0 0 0
260 400 0 0
0 0 0 0
260 398 0 0
0 0 0 0
260 396 0 0
0 0 0 0
260 394 0 0
0 0 0 0
260 392 0 0
0 0 0 0
260 390 0 0
0 0 0 0
260 388 0 0
0 0 0 0
260 386 0 0
0 0 0 0
260 384 0 0
0 0 0 0
260 382 0 0
0 0 0 0
262 380 0 0
0 0 0 0
264 378 0 0
0 0 0 0
266 376 0 0
0 0 0 0
268 374 0 0
0 0 0 0
270 372 0 0
0 0 0 0
272 370 0 0
0 0 0 0
274 368 0 0
0 0 0 0
276 368 0 0
0 0 0 0
278 368 0 0
0 0 0 0
280 368 0 0
0 0 0 0
282 368 0 0
0 0 0 0
282 368 0 1
0 0 0 0
282 368 0 0
0 0 0 0
282 368 0 0
0 0 0 0
282 368 0 0
0 0 0 0
282 368 0 0
0 0 0 0
282 368 0 0
0 0 0 0
282 368 0 0
0 0 0 0
282 368 0 0
0 0 0 0
282 368 0 0
0 0 0 0
282 368 0 0
0 0 0 0
282 368 0 0
0 0 0 0
282 368 0 0
0 0 0 0
282 368 0 0
0 0 0 0
282 368 0 0
0 0 0 0
282 368 0 0
0 0 0 0
282 368 0 0
0 0 0 0
282 368 0 0
0 0 0 0
282 368 0 0
0 0 0 0
282 368 0 0
0 0 0 0
282 368 0 0
0 0 0 0
282 368 0 0
0 0 0 0
282 368 0 0
0 0 0 0
282 368 1 0
0 0 0 0
282 368 0 0
0 0 0 0
282 368 0 0
0 0 0 0
282 368 0 0
0 0 0 0
282 368 0 0
0 0 0 0
282 368 0 0
0 0 0 0
282 368 0 0
0 0 0 0
282 368 0 0
0 0 0 0
282 368 0 0
0 0 0 0
282 368 0 0
0 0 0 0
282 368 0 0
0 0 0 0
282 368 0 0
0 0 0 0
282 368 0 0
0 0 0 0
282 368 0 0
0 0 0 0
282 368 0 0
0 0 0 0
282 368 0 0
0 0 0 0
282 368 0 0
0 0 0 0
282 368 0 0
0 0 0 0
282 368 0 0
0 0 0 0
282 368 0 0
0 0 0 0
282 368 0 0
0 0 0 0
282 368 0 0
0 0 0 0
282 368 0 0
0 0 0 0
282 368 0 0
0 0 0 0
282 368 0 0
0 0 0 0
282 368 0 0
0 0 0 0
282 368 0 0
0 0 0 0
282 368 0 0
0 0 0 0
282 368 0 0
0 0 0 0
282 366 0 0
0 0 0 0
282 364 0 0
0 0 0 0
282 362 0 0
0 0 0 0
282 360 0 0
0 0 0 0
282 358 0 0
0 0 0 0
282 356 0 0
0 0 0 0
282 354 0 0
0 0 0 0
284 352 0 0
0 0 0 0
286 350 0 0
0 0 0 0
288 348 0 0
0 0 0 0
290 346 0 0
0 0 0 0
292 344 0 0
0 0 0 0
294 342 0 0
0 0 0 0
296 340 0 0
0 0 0 0
298 338 0 0
0 0 0 0
300 336 0 0
0 0 0 0
302 334 0 0
0 0 0 0
302 332 0 1
0 0 0 0
302 330 0 0
0 0 0 0
302 328 0 0
0 0 0 0
302 326 0 0
0 0 0 0
302 324 0 0
0 0 0 0
302 322 0 0
0 0 0 0
302 320 0 0
0 0 0 0
302 318 0 0
0 0 0 0
304 316 0 0
0 0 0 0
306 314 0 0
0 0 0 0
308 312 0 0
0 0 0 0
310 310 0 0
0 0 0 0
312 308 0 0
0 0 0 0
312 306 0 1
0 0 0 0
312 304 0 0
0 0 0 0
312 302 0 0
0 0 0 0
312 300 0 0
0 0 0 0
312 298 0 0
0 0 0 0
312 296 0 0
0 0 0 0
312 294 0 0
0 0 0 0
312 292 0 0
0 0 0 0
314 290 0 0
0 0 0 0
316 288 0 0
0 0 0 0
318 286 0 0
0 0 0 0
320 284 0 0
0 0 0 0
322 282 0 0
0 0 0 0
324 280 0 0
0 0 0 0
326 278 0 0
0 0 0 0
328 276 0 0
0 0 0 0
330 274 0 0
0 0 0 0
332 272 0 0
0 0 0 0
334 270 0 0
0 0 0 0
336 268 0 0
0 0 0 0
338 266 0 0
0 0 0 0
340 264 0 0
0 0 0 0
342 262 0 0
0 0 0 0
344 260 0 0
0 0 0 0
346 258 0 0
0 0 0 0
348 256 0 0
0 0 0 0
350 254 0 0
0 0 0 0
352 252 0 0
0 0 0 0
354 250 0 0
0 0 0 0
356 248 0 0
0 0 0 0
358 246 0 0
0 0 0 0
360 244 0 0
0 0 0 0
362 242 0 0
0 0 0 0
362 240 0 1
0 0 0 0
362 238 0 0
0 0 0 0
362 236 0 0
0 0 0 0
362 234 0 0
0 0 0 0
362 232 0 0
0 0 0 0
362 230 0 0
0 0 0 0
362 228 0 0
0 0 0 0
362 226 0 0
0 0 0 0
362 224 0 0
0 0 0 0
362 222 0 0
0 0 0 0
362 222 0 0
0 0 0 0
362 222 0 0
0 0 0 0
362 222 0 0
0 0 0 0
362 222 0 0
0 0 0 0
362 222 1 0
0 0 0 0
362 222 0 0
0 0 0 0
362 222 0 0
0 0 0 0
362 222 0 0
0 0 0 0
362 222 0 0
0 0 0 0
362 222 0 0
0 0 0 0
362 222 0 0
0 0 0 0
362 222 0 0
0 0 0 0
362 222 0 0
0 0 0 0
362 222 0 0
0 0 0 0
362 222 0 0
0 0 0 0
362 222 0 0
0 0 0 0
362 222 0 0
0 0 0 0
362 222 0 0
0 0 0 0
362 222 0 0
0 0 0 0
362 222 0 0
0 0 0 0
362 222 0 0
0 0 0 0
362 222 0 0
0 0 0 0
362 222 0 0
0 0 0 0
362 222 0 0
0 0 0 0
362 222 0 0
0 0 0 0
362 222 0 0
0 0 0 0
362 222 0 0
0 0 0 0
362 222 0 0
0 0 0 0
362 222 0 0
0 0 0 0
362 222 0 0
0 0 0 0
362 222 0 0
0 0 0 0
362 222 0 0
0 0 0 0
362 222 0 0
0 0 0 0
362 222 0 0
0 0 0 0
362 222 0 0
0 0 0 0
362 222 0 0
0 0 0 0
362 222 0 0
0 0 0 0
362 222 0 0
0 0 0 0
362 222 0 0
0 0 0 0
362 222 0 0
0 0 0 0
362 222 0 0
0 0 0 0
362 222 0 0
0 0 0 0
362 222 0 0
0 0 0 0
362 222 0 0
0 0 0 0
362 222 0 0
0 0 0 0
362 222 0 0
0 0 0 0
362 224 0 0
0 0 0 0
362 226 0 0
0 0 0 0
362 228 0 0
0 0 0 0
362 230 0 0
0 0 0 0
362 232 0 0
0 0 0 0
362 234 0 0
0 0 0 0
362 236 0 0
0 0 0 0
362 238 0 0
0 0 0 0
362 240 0 0
0 0 0 0
362 242 0 0
0 0 0 0
362 244 0 0
0 0 0 0
362 246 0 0
0 0 0 0
362 248 0 0
0 0 0 0
362 250 0 0
0 0 0 0
362 252 0 0
0 0 0 0
362 254 0 0
0 0 0 0
362 256 0 0
0 0 0 0
362 258 0 0
0 0 0 0
362 260 0 0
0 0 0 0
364 262 0 0
0 0 0 0
366 264 0 0
0 0 0 0
368 266 0 0
0 0 0 0
370 268 0 0
0 0 0 0
372 270 0 0
0 0 0 0
374 272 0 0
0 0 0 0
376 274 0 0
0 0 0 0
378 276 0 0
0 0 0 0
380 278 0 0
0 0 0 0
382 280 0 0
0 0 0 0
382 282 0 1
0 0 0 0
382 284 0 0
0 0 0 0
382 286 0 0
0 0 0 0
382 288 0 0
0 0 0 0
382 290 0 0
0 0 0 0
382 290 0 0
0 0 0 0
382 290 0 0
0 0 0 0
382 290 0 0
0 0 0 0
382 290 0 0
0 0 0 0
382 290 0 0
0 0 0 0
384 290 0 0
0 0 0 0
386 290 0 0
0 0 0 0
388 290 0 0
0 0 0 0
390 290 0 0
0 0 0 0
392 290 0 0
0 0 0 0
394 290 0 0
0 0 0 0
396 290 0 0
0 0 0 0
398 290 0 0
0 0 0 0
400 290 0 0
0 0 0 0
400 290 0 0
0 0 0 0
400 290 0 0
0 0 0 0
400 290 0 1
0 0 0 0
400 290 0 0
0 0 0 0
400 290 0 0
0 0 0 0
400 290 0 0
0 0 0 0
400 290 0 0
0 0 0 0
400 290 0 0
0 0 0 0
400 290 0 0
0 0 0 0
400 290 0 0
0 0 0 0
400 290 0 0
0 0 0 0
400 290 0 0
0 0 0 0
400 290 0 0
0 0 0 0
400 290 0 0
0 0 0 0
400 290 0 0
0 0 0 0
400 290 0 0
0 0 0 0
400 290 0 0
0 0 0 0
400 290 0 0
0 0 0 0
400 290 0 0
0 0 0 0
400 290 0 0
0 0 0 0
400 290 0 0
0 0 0 0
400 290 0 0
0 0 0 0
400 290 0 0
0 0 0 0
400 290 0 0
0 0 0 0
400 290 0 1
0 0 0 0
400 290 0 0
0 0 0 0
400 290 0 0
0 0 0 0
400 290 0 0
0 0 0 0
400 290 0 0
0 0 0 0
400 290 0 0
0 0 0 0
400 290 0 0
0 0 0 0
400 290 0 0
0 0 0 0
400 290 0 0
0 0 0 0
400 290 0 0
0 0 0 0
400 290 0 0
0 0 0 0
400 290 0 0
0 0 0 0
400 290 0 0
0 0 0 0
400 290 0 0
0 0 0 0
400 290 0 0
0 0 0 0
400 290 0 0
0 0 0 0
400 290 0 0
0 0 0 0
400 290 0 0
0 0 0 0
400 290 0 0
0 0 0 0
400 290 0 0
0 0 0 0
400 290 0 0
0 0 0 0
400 290 0 0
0 0 0 0
400 290 0 0
0 0 0 0
400 290 0 0
0 0 0 0
400 290 0 0
0 0 0 0
400 290 0 0
0 0 0 0
400 290 0 0
0 0 0 0
400 290 0 0
0 0 0 0
400 290 0 0
0 0 0 0
400 290 0 0
0 0 0 0
400 290 0 0
0 0 0 0
400 290 0 0
0 0 0 0
400 290 0 0
0 0 0 0
400 290 0 0
0 0 0 0
400 290 0 0
0 0 0 0
400 290 0 0
0 0 0 0
400 290 0 0
0 0 0 0
400 290 0 0
0 0 0 0
400 290 0 0
0 0 0 0
400 290 0 0
0 0 0 0
400 290 0 0
