1448469275
0
1
0
132 365 0 0
*************************************************************************************************************************************132 366 0 0
132 367 0 0
132 368 0 0
132 369 0 0
132 370 0 0
132 371 0 0
132 372 0 0
132 373 0 0
132 374 0 0
132 375 0 0
132 376 0 0
132 377 0 0
132 378 0 0
132 379 0 0
132 380 0 0
132 381 0 0
132 382 0 0
132 383 0 0
132 384 0 0
132 385 0 0
132 386 0 0
132 387 0 0
132 388 0 0
132 389 0 0
132 390 0 0
132 391 0 0
132 392 0 0
132 393 0 0
132 394 0 0
132 395 0 0
132 396 0 0
132 397 0 0
132 398 0 0
132 399 0 0
132 400 0 0
132 401 0 0
132 402 0 0
132 403 0 0
132 404 0 0
132 405 0 0
132 406 0 0
132 407 0 0
132 408 0 0
132 409 0 0
132 410 0 0
132 411 0 0
132 412 0 0
132 413 0 0
132 414 0 0
132 415 0 0
132 416 0 0
132 417 0 0
132 418 0 0
133 419 0 0
134 420 0 0
135 421 0 0
136 422 0 0
137 423 0 0
138 424 0 0
139 425 0 0
140 426 0 0
141 427 0 0
142 428 0 0
143 429 0 0
144 430 0 0
145 431 0 0
146 432 0 0
147 433 0 0
148 434 0 0
149 435 0 0
150 436 0 0
151 437 0 0
152 438 0 0
153 439 0 0
154 440 0 0
155 441 0 0
155 442 0 1
155 443 0 0
155 444 0 0
155 445 0 0
155 446 0 0
155 447 0 0
155 448 0 0
155 449 0 0
155 450 0 0
155 451 0 0
155 452 0 0
155 453 0 0
155 454 0 0
155 455 0 0
155 456 0 0
155 457 0 0
155 458 0 0
**********156 458 0 0
157 458 0 0
158 458 0 0
159 458 0 0
160 458 0 0
161 458 0 0
162 458 0 0
163 458 0 0
164 458 0 0
165 458 0 0
166 458 0 0
167 458 0 0
168 458 0 0
168 458 0 1
168 458 0 0
***************169 458 0 0
170 458 0 0
171 458 0 0
172 458 0 0
173 458 0 0
174 458 0 0
175 458 0 0
176 458 0 0
177 458 0 0
178 458 0 0
179 458 0 0
180 458 0 0
181 458 0 0
182 458 0 0
183 458 0 0
184 458 0 0
185 458 0 0
186 458 0 0
187 458 0 0
187 458 0 1
187 458 0 0
********187 459 0 0
187 460 0 0
187 461 0 0
187 462 0 0
187 463 0 0
187 464 0 0
187 465 0 0
187 466 0 0
187 467 0 0
188 468 0 0
189 469 0 0
190 470 0 0
191 471 0 0
192 472 0 0
193 473 0 0
194 474 0 0
195 475 0 0
196 476 0 0
197 477 0 0
198 478 0 0
199 479 0 0
200 480 0 0
201 481 0 0
202 482 0 0
202 483 0 1
202 484 0 0
202 485 0 0
202 486 0 0
202 487 0 0
202 488 0 0
202 489 0 0
202 490 0 0
202 491 0 0
**********203 491 0 0
204 491 0 0
205 491 0 0
206 491 0 0
207 491 0 0
208 491 0 0
209 491 0 0
210 491 0 0
211 491 0 0
212 491 0 0
213 491 0 0
214 491 0 0
215 491 0 0
216 491 0 0
216 491 0 1
216 491 0 0
******216 490 0 0
216 489 0 0
216 488 0 0
216 487 0 0
216 486 0 0
216 485 0 0
216 484 0 0
216 483 0 0
216 482 0 0
216 481 0 0
216 480 0 0
216 479 0 0
217 478 0 0
218 477 0 0
219 476 0 0
220 475 0 0
221 474 0 0
222 473 0 0
223 472 0 0
224 471 0 0
225 470 0 0
226 469 0 0
227 468 0 0
228 467 0 0
229 466 0 0
230 465 0 0
231 464 0 0
232 463 0 0
233 462 0 0
234 461 0 0
235 460 0 0
235 459 0 1
235 458 0 0
235 457 0 0
235 456 0 0
235 455 0 0
235 454 0 0
235 453 0 0
235 452 0 0
235 451 0 0
235 450 0 0
235 449 0 0
235 448 0 0
235 447 0 0
235 446 0 0
235 445 0 0
235 444 0 0
********236 444 0 0
237 444 0 0
238 444 0 0
239 444 0 0
240 444 0 0
241 444 0 0
242 444 0 0
243 444 0 0
244 444 0 0
245 444 0 0
246 444 0 0
247 444 0 0
248 444 0 0
249 444 0 0
250 444 0 0
251 444 0 0
251 444 0 1
251 444 0 0
*******252 444 0 0
253 444 0 0
254 444 0 0
255 444 0 0
256 444 0 0
257 444 0 0
258 444 0 0
259 444 0 0
260 444 0 0
261 444 0 0
262 444 0 0
263 444 0 0
264 444 0 0
***********************************************************************263 444 0 0
262 444 0 0
261 444 0 0
260 444 0 0
259 444 0 0
258 444 0 0
257 444 0 0
256 444 0 0
255 444 0 0
254 444 0 0
253 444 0 0
252 444 0 0
251 444 0 0
250 444 0 0
249 444 0 0
248 444 0 0
247 444 0 0
246 444 0 0
245 444 0 0
244 444 0 0
243 444 0 0
242 444 0 0
241 444 0 0
240 444 0 0
239 444 0 0
238 444 0 0
237 444 0 0
236 444 0 0
235 444 0 0
234 444 0 0
233 444 0 0
232 444 0 0
231 444 0 0
230 444 0 0
229 444 0 0
228 444 0 0
227 444 0 0
226 444 0 0
225 444 0 0
224 444 0 0
223 444 0 0
222 444 0 0
221 444 0 0
220 444 0 0
219 444 0 0
218 444 0 0
217 444 0 0
216 444 0 0
215 444 0 0
214 444 0 0
213 444 0 0
212 444 0 0
211 444 0 0
210 444 0 0
209 444 0 0
208 444 0 0
207 444 0 0
206 444 0 0
205 444 0 0
204 444 0 0
203 444 0 0
202 444 0 0
201 444 0 0
200 444 0 0
199 444 0 0
198 444 0 0
197 444 0 0
196 444 0 0
195 444 0 0
194 444 0 0
193 444 0 0
192 444 0 0
191 444 0 0
190 444 0 0
189 444 0 0
188 444 0 0
187 444 0 0
186 444 0 0
185 444 0 0
184 444 0 0
183 444 0 0
182 444 0 0
181 444 0 0
180 444 0 0
179 444 0 0
178 444 0 0
177 444 0 0
176 444 0 0
175 444 0 0
174 444 0 0
173 444 0 0
172 444 0 0
171 444 0 0
170 444 0 0
169 444 0 0
168 444 0 0
167 444 0 0
**********167 445 0 0
167 446 0 0
167 447 0 0
167 448 0 0
167 449 0 0
167 450 0 0
167 451 0 0
167 452 0 0
167 453 0 0
167 454 0 0
167 455 0 0
167 456 0 0
167 457 0 0
167 458 0 0
167 459 0 0
167 460 0 0
167 461 0 0
167 462 0 0
167 463 0 0
168 464 0 0
169 465 0 0
170 466 0 0
171 467 0 0
172 468 0 0
173 469 0 0
174 470 0 0
175 471 0 0
176 472 0 0
177 473 0 0
178 474 0 0
179 475 0 0
180 476 0 0
181 477 0 0
182 478 0 0
183 479 0 0
184 480 0 0
185 481 0 0
186 481 0 0
187 481 0 0
188 481 0 0
189 481 0 0
190 481 0 0
191 481 0 0
192 481 0 0
193 481 0 0
194 481 0 0
195 481 0 0
196 481 0 0
197 481 0 0
198 481 0 0
199 481 0 0
200 481 0 0
201 481 0 0
202 481 0 0
203 481 0 0
204 481 0 0
205 481 0 0
206 481 0 0
207 481 0 0
208 481 0 0
209 481 0 0
210 481 0 0
211 481 0 0
212 481 0 0
213 481 0 0
214 481 0 0
215 481 0 0
216 481 0 0
217 481 0 0
218 481 0 0
219 481 0 0
220 481 0 0
221 481 0 0
222 481 0 0
223 481 0 0
224 481 0 0
225 481 0 0
226 481 0 0
227 481 0 0
228 481 0 0
229 481 0 0
230 481 0 0
231 481 0 0
232 481 0 0
233 481 0 0
234 481 0 0
235 481 0 0
236 481 0 0
237 481 0 0
238 481 0 0
239 481 0 0
240 481 0 0
241 481 0 0
242 481 0 0
243 481 0 0
244 481 0 0
245 481 0 0
246 481 0 0
247 481 0 0
248 481 0 0
249 481 0 0
250 481 0 0
251 481 0 0
252 481 0 0
253 481 0 0
254 481 0 0
255 481 0 0
256 481 0 0
257 481 0 0
258 481 0 0
259 481 0 0
260 481 0 0
261 481 0 0
262 481 0 0
263 481 0 0
264 481 0 0
265 481 0 0
266 481 0 0
267 481 0 0
268 481 0 0
269 481 0 0
270 481 0 0
271 481 0 0
272 481 0 0
273 481 0 0
274 481 0 0
275 481 0 0
276 481 0 0
277 481 0 0
278 481 0 0
279 481 0 0
280 481 0 0
281 481 0 0
282 481 0 0
283 481 0 0
284 481 0 0
285 481 0 0
286 481 0 0
287 481 0 0
288 481 0 0
289 481 0 0
290 481 0 0
291 481 0 0
292 481 0 0
293 481 0 0
294 481 0 0
295 481 0 0
296 481 0 0
297 481 0 0
298 481 0 0
299 481 0 0
300 481 0 0
301 481 0 0
302 481 0 0
303 481 0 0
304 481 0 0
305 481 0 0
306 481 0 0
307 481 0 0
308 481 0 0
309 481 0 0
310 481 0 0
311 481 0 0
312 481 0 0
313 481 0 0
314 481 0 0
315 481 0 0
316 481 0 0
317 481 0 0
318 481 0 0
319 481 0 0
320 481 0 0
321 481 0 0
322 481 0 0
323 481 0 0
324 481 0 0
325 481 0 0
326 481 0 0
327 481 0 0
328 481 0 0
329 481 0 0
330 481 0 0
331 481 0 0
332 481 0 0
333 481 0 0
334 481 0 0
335 481 0 0
336 481 0 0
337 481 0 0
338 481 0 0
339 481 0 0
340 481 0 0
341 481 0 0
342 481 0 0
343 481 0 0
344 481 0 0
345 481 0 0
346 481 0 0
347 481 0 0
348 481 0 0
349 481 0 0
350 481 0 0
351 481 0 0
352 481 0 0
353 481 0 0
354 481 0 0
355 481 0 0
356 481 0 0
357 481 0 0
358 481 0 0
359 481 0 0
360 481 0 0
361 481 0 0
362 481 0 0
363 481 0 0
364 481 0 0
365 481 0 0
*****************************************************************************364 481 0 0
363 481 0 0
362 481 0 0
361 481 0 0
360 481 0 0
359 481 0 0
358 481 0 0
357 481 0 0
356 481 0 0
355 481 0 0
354 481 0 0
353 481 0 0
352 481 0 0
351 481 0 0
350 481 0 0
349 481 0 0
348 481 0 0
347 481 0 0
346 481 0 0
345 481 0 0
344 481 0 0
343 481 0 0
342 481 0 0
341 481 0 0
340 481 0 0
339 481 0 0
338 481 0 0
337 481 0 0
336 481 0 0
335 481 0 0
334 481 0 0
333 481 0 0
332 481 0 0
331 481 0 0
330 481 0 0
329 481 0 0
328 481 0 0
327 481 0 0
326 481 0 0
325 481 0 0
324 481 0 0
323 481 0 0
322 481 0 0
321 481 0 0
320 481 0 0
319 481 0 0
318 481 0 0
317 481 0 0
316 481 0 0
315 481 0 0
314 481 0 0
313 481 0 0
312 481 0 0
311 481 0 0
310 481 0 0
309 481 0 0
308 481 0 0
307 481 0 0
306 481 0 0
305 481 0 0
304 481 0 0
303 481 0 0
302 481 0 0
301 481 0 0
300 481 0 0
299 481 0 0
298 481 0 0
297 481 0 0
296 481 0 0
295 481 0 0
294 481 0 0
293 481 0 0
292 481 0 0
291 481 0 0
290 481 0 0
289 481 0 0
288 481 0 0
287 481 0 0
286 481 0 0
285 481 0 0
284 481 0 0
283 481 0 0
282 481 0 0
281 481 0 0
280 481 0 0
279 481 0 0
278 481 0 0
277 481 0 0
276 481 0 0
275 481 0 0
274 481 0 0
273 481 0 0
272 481 0 0
271 481 0 0
270 481 0 0
269 481 0 0
268 481 0 0
267 481 0 0
266 481 0 0
265 481 0 0
264 481 0 0
263 481 0 0
262 481 0 0
261 481 0 0
260 481 0 0
259 481 0 0
258 481 0 0
257 481 0 0
256 481 0 0
255 481 0 0
254 481 0 0
253 481 0 0
252 481 0 0
251 481 0 0
250 481 0 0
249 481 0 0
248 481 0 0
247 481 0 0
246 481 0 0
245 481 0 0
244 481 0 0
243 481 0 0
242 481 0 0
241 481 0 0
240 481 0 0
239 481 0 0
238 481 0 0
237 481 0 0
236 481 0 0
235 481 0 0
234 481 0 0
233 481 0 0
232 481 0 0
231 481 0 0
230 481 0 0
229 481 0 0
228 481 0 0
227 481 0 0
226 480 0 0
225 479 0 0
224 478 0 0
223 477 0 0
222 476 0 0
221 475 0 0
220 474 0 0
219 473 0 0
218 472 0 0
217 471 0 0
216 470 0 0
215 469 0 0
214 468 0 0
213 467 0 0
212 466 0 0
211 465 0 0
210 464 0 0
209 463 0 0
208 462 0 0
207 461 0 0
206 460 0 0
205 459 0 0
204 458 0 0
203 457 0 0
202 456 0 0
201 455 0 0
200 454 0 0
199 453 0 0
198 452 0 0
197 451 0 0
196 450 0 0
195 449 0 0
194 448 0 0
193 447 0 0
192 446 0 0
191 445 0 0
190 444 0 0
189 443 0 0
188 442 0 0
187 441 0 0
186 440 0 0
185 439 0 0
184 438 0 0
183 437 0 0
182 436 0 0
181 435 0 0
180 434 0 0
179 433 0 0
178 432 0 0
177 431 0 0
176 430 0 0
175 429 0 0
174 428 0 0
173 427 0 0
172 426 0 0
171 425 0 0
170 424 0 0
169 423 0 0
168 422 0 0
167 421 0 0
166 420 0 0
165 419 0 0
164 418 0 0
163 417 0 0
162 416 0 0
161 415 0 0
160 414 0 0
159 413 0 0
158 412 0 0
157 411 0 0
156 410 0 0
155 409 0 0
154 408 0 0
153 408 0 0
152 408 0 0
151 408 0 0
150 408 0 0
149 408 0 0
148 408 0 0
147 408 0 0
146 408 0 0
145 408 0 0
144 408 0 0
143 408 0 0
142 408 0 0
141 408 0 0
140 408 0 0
139 408 0 0
138 408 0 0
137 408 0 0
136 408 0 0
135 408 0 0
134 408 0 0
133 408 0 0
132 408 0 0
131 408 0 0
130 408 0 0
129 408 0 0
128 408 0 0
127 408 0 0
126 408 0 0
********************************************************************************************126 409 0 0
126 410 0 0
126 411 0 0
126 412 0 0
126 413 0 0
126 414 0 0
126 415 0 0
126 416 0 0
126 417 0 0
126 418 0 0
126 419 0 0
126 420 0 0
126 421 0 0
126 422 0 0
126 423 0 0
126 424 0 0
126 425 0 0
126 426 0 0
126 427 0 0
126 428 0 0
126 429 0 0
126 430 0 0
126 431 0 0
126 432 0 0
126 433 0 0
126 434 0 0
127 435 0 0
128 436 0 0
129 437 0 0
130 438 0 0
131 439 0 0
132 440 0 0
133 441 0 0
134 442 0 0
135 442 0 0
136 442 0 0
137 442 0 0
138 442 0 0
139 442 0 0
140 442 0 0
141 442 0 0
142 442 0 0
143 442 0 0
144 442 0 0
145 442 0 0
146 442 0 0
147 442 0 0
148 442 0 0
149 442 0 0
150 442 0 0
150 442 0 1
150 442 0 0
***********151 442 0 0
152 442 0 0
153 442 0 0
154 442 0 0
155 442 0 0
156 442 0 0
157 442 0 0
158 442 0 0
159 442 0 0
160 442 0 0
161 442 0 0
162 442 0 0
163 442 0 0
164 442 0 0
165 442 0 0
166 442 0 0
167 442 0 0
168 442 0 0
169 442 0 0
170 442 0 0
171 442 0 0
171 442 0 1
171 442 0 0
******************172 442 0 0
173 442 0 0
174 442 0 0
175 442 0 0
176 442 0 0
177 442 0 0
178 442 0 0
179 443 0 0
180 444 0 0
181 445 0 0
182 446 0 0
183 447 0 0
184 448 0 0
185 449 0 0
186 450 0 0
187 451 0 0
187 452 0 1
187 453 0 0
187 454 0 0
187 455 0 0
187 456 0 0
187 457 0 0
187 458 0 0
187 459 0 0
187 460 0 0
187 461 0 0
**********188 461 0 0
189 461 0 0
190 461 0 0
191 461 0 0
192 461 0 0
193 461 0 0
194 461 0 0
195 461 0 0
196 461 0 0
197 461 0 0
198 461 0 0
199 461 0 0
200 461 0 0
201 461 0 0
202 461 0 0
203 461 0 0
203 461 0 1
203 461 0 0
************204 461 0 0
205 461 0 0
206 461 0 0
207 461 0 0
208 461 0 0
209 461 0 0
210 461 0 0
211 461 0 0
212 461 0 0
213 461 0 0
214 461 0 0
215 461 0 0
216 461 0 0
217 461 0 0
218 461 0 0
219 461 0 0
220 461 0 0
221 461 0 0
221 461 0 1
221 461 0 0
***************222 461 0 0
223 461 0 0
224 461 0 0
225 461 0 0
226 461 0 0
227 461 0 0
228 461 0 0
229 461 0 0
230 461 0 0
231 461 0 0
232 461 0 0
233 461 0 0
234 461 0 0
235 461 0 0
236 461 0 0
237 461 0 0
238 461 0 0
239 461 0 0
240 461 0 0
240 461 0 1
240 461 0 0
****************241 461 0 0
242 461 0 0
243 461 0 0
244 461 0 0
245 461 0 0
246 461 0 0
247 461 0 0
248 461 0 0
249 461 0 0
250 461 0 0
251 461 0 0
252 461 0 0
253 461 0 0
254 461 0 0
*********************255 461 0 0
256 461 0 0
257 461 0 0
258 461 0 0
259 461 0 0
260 461 0 0
261 461 0 0
262 461 0 0
263 461 0 0
264 461 0 0
265 461 0 0
266 461 0 0
267 461 0 0
268 461 0 0
269 461 0 0
270 461 0 0
***********************271 461 0 0
272 461 0 0
273 461 0 0
274 461 0 0
275 461 0 0
276 461 0 0
277 461 0 0
278 461 0 0
279 461 0 0
280 461 0 0
281 461 0 0
282 461 0 0
283 461 0 0
284 461 0 0
*******************285 461 0 0
286 461 0 0
287 461 0 0
288 461 0 0
289 461 0 0
290 461 0 0
291 461 0 0
292 461 0 0
293 461 0 0
294 461 0 0
295 461 0 0
296 461 0 0
297 461 0 0
298 461 0 0
299 461 0 0
300 461 0 0
301 461 0 0
302 461 0 0
302 461 0 1
302 461 0 0
*******************302 460 0 0
302 459 0 0
302 458 0 0
302 457 0 0
302 456 0 0
302 455 0 0
302 454 0 0
302 453 0 0
302 452 0 0
303 451 0 0
304 450 0 0
305 449 0 0
306 448 0 0
307 447 0 0
308 446 0 0
309 445 0 0
310 444 0 0
310 443 0 1
310 442 0 0
310 441 0 0
310 440 0 0
310 439 0 0
310 438 0 0
310 437 0 0
310 436 0 0
310 435 0 0
310 434 0 0
310 433 0 0
310 432 0 0
310 431 0 0
***************************************************************************************************311 431 0 0
312 431 0 0
313 431 0 0
314 431 0 0
315 431 0 0
316 431 0 0
317 431 0 0
318 431 0 0
319 431 0 0
320 431 0 0
321 431 0 0
322 431 0 0
323 431 0 0
324 431 0 0
325 431 0 0
326 431 0 0
327 431 0 0
328 431 0 0
329 431 0 0
330 431 0 0
331 431 0 0
332 431 0 0
333 431 0 0
334 431 0 0
335 431 0 0
336 431 0 0
336 431 0 1
336 431 0 0
*****************337 431 0 0
338 431 0 0
339 431 0 0
340 431 0 0
341 431 0 0
342 431 0 0
343 431 0 0
344 431 0 0
345 431 0 0
346 431 0 0
347 431 0 0
348 431 0 0
349 431 0 0
350 431 0 0
351 431 0 0
352 431 0 0
353 431 0 0
354 431 0 0
355 431 0 0
355 431 0 1
355 431 0 0
*******************356 431 0 0
357 431 0 0
358 431 0 0
359 431 0 0
360 431 0 0
361 431 0 0
362 431 0 0
363 431 0 0
364 431 0 0
365 431 0 0
366 431 0 0
367 431 0 0
368 431 0 0
369 431 0 0
370 431 0 0
371 431 0 0
371 431 0 1
371 431 0 0
******************************370 431 0 0
369 431 0 0
368 431 0 0
367 431 0 0
366 431 0 0
365 431 0 0
364 431 0 0
363 431 0 0
362 431 0 0
361 431 0 0
360 431 0 0
359 431 0 0
358 431 0 0
357 431 0 0
356 431 0 0
355 431 0 0
354 431 0 0
353 431 0 0
352 431 0 0
351 431 0 0
350 431 0 0
349 431 0 0
348 431 0 0
347 431 0 0
346 431 0 0
345 431 0 0
344 431 0 0
343 431 0 0
342 431 0 0
341 431 0 0
340 431 0 0
339 431 0 0
338 431 0 0
337 431 0 0
336 431 0 0
335 431 0 0
334 431 0 0
333 431 0 0
332 431 0 0
331 431 0 0
330 431 0 0
329 431 0 0
328 431 0 0
327 431 0 0
326 431 0 0
325 431 0 0
324 431 0 0
323 431 0 0
322 431 0 0
321 431 0 0
320 431 0 0
319 431 0 0
318 431 0 0
317 431 0 0
316 431 0 0
315 431 0 0
314 431 0 0
313 431 0 0
312 431 0 0
311 431 0 0
310 431 0 0
309 431 0 0
308 431 0 0
307 431 0 0
306 431 0 0
305 431 0 0
304 431 0 0
303 431 0 0
302 431 0 0
301 431 0 0
300 431 0 0
299 431 0 0
298 431 0 0
297 431 0 0
296 431 0 0
295 431 0 0
294 431 0 0
293 431 0 0
292 431 0 0
291 431 0 0
290 431 0 0
289 431 0 0
288 431 0 0
287 431 0 0
286 431 0 0
285 431 0 0
284 430 0 0
283 429 0 0
282 428 0 0
281 427 0 0
280 426 0 0
279 425 0 0
278 424 0 0
277 423 0 0
276 422 0 0
275 421 0 0
274 420 0 0
273 419 0 0
272 418 0 0
271 417 0 0
270 416 0 0
269 415 0 0
268 414 0 0
267 413 0 0
266 412 0 0
265 411 0 0
264 410 0 0
263 409 0 0
262 408 0 0
261 407 0 0
260 406 0 0
259 405 0 0
258 404 0 0
257 403 0 0
256 402 0 0
255 401 0 0
254 400 0 0
253 399 0 0
252 398 0 0
251 397 0 0
250 396 0 0
249 395 0 0
248 394 0 0
247 393 0 0
246 392 0 0
245 391 0 0
244 390 0 0
243 389 0 0
242 388 0 0
241 387 0 0
240 386 0 0
239 385 0 0
238 384 0 0
237 383 0 0
236 382 0 0
235 381 0 0
234 380 0 0
233 379 0 0
232 378 0 0
231 377 0 0
230 376 0 0
229 375 0 0
228 374 0 0
227 373 0 0
226 372 0 0
225 371 0 0
224 370 0 0
223 369 0 0
222 368 0 0
221 367 0 0
220 366 0 0
219 365 0 0
218 364 0 0
217 363 0 0
216 363 0 0
215 363 0 0
214 363 0 0
213 363 0 0
212 363 0 0
211 363 0 0
210 363 0 0
209 363 0 0
208 363 0 0
207 363 0 0
206 363 0 0
205 363 0 0
204 363 0 0
203 363 0 0
*****************************203 364 0 0
203 365 0 0
203 366 0 0
203 367 0 0
203 368 0 0
203 369 0 0
203 370 0 0
203 371 0 0
203 372 0 0
203 373 0 0
203 374 0 0
203 375 0 0
203 376 0 0
203 377 0 0
203 378 0 0
203 379 0 0
203 380 0 0
203 381 0 0
203 382 0 0
203 383 0 0
203 384 0 0
203 385 0 0
204 386 0 0
205 387 0 0
206 388 0 0
207 389 0 0
208 390 0 0
209 391 0 0
210 392 0 0
211 393 0 0
212 394 0 0
213 395 0 0
214 396 0 0
215 397 0 0
216 398 0 0
217 399 0 0
218 400 0 0
219 401 0 0
220 402 0 0
221 403 0 0
222 404 0 0
223 405 0 0
224 406 0 0
224 407 0 1
224 408 0 0
224 409 0 0
224 410 0 0
224 411 0 0
224 412 0 0
224 413 0 0
224 414 0 0
224 415 0 0
224 416 0 0
224 417 0 0
224 418 0 0
224 419 0 0
224 420 0 0
224 421 0 0
224 422 0 0
224 423 0 0
224 424 0 0
224 425 0 0
225 426 0 0
226 427 0 0
227 428 0 0
228 429 0 0
229 430 0 0
230 431 0 0
231 432 0 0
232 433 0 0
233 434 0 0
234 435 0 0
235 436 0 0
236 437 0 0
237 438 0 0
238 439 0 0
239 440 0 0
240 441 0 0
241 442 0 0
242 443 0 0
242 444 0 1
242 445 0 0
242 446 0 0
242 447 0 0
242 448 0 0
242 449 0 0
242 450 0 0
242 451 0 0
242 452 0 0
242 453 0 0
242 454 0 0
242 455 0 0
242 456 0 0
242 457 0 0
242 458 0 0
242 459 0 0
242 460 0 0
243 461 0 0
244 462 0 0
245 463 0 0
246 464 0 0
247 465 0 0
248 466 0 0
249 467 0 0
250 468 0 0
251 469 0 0
252 470 0 0
253 471 0 0
254 472 0 0
254 473 0 1
254 474 0 0
254 475 0 0
254 476 0 0
254 477 0 0
254 478 0 0
254 479 0 0
254 480 0 0
254 481 0 0
254 482 0 0
254 483 0 0
254 484 0 0
254 485 0 0
254 486 0 0
254 487 0 0
254 488 0 0
*********255 488 0 0
256 488 0 0
257 488 0 0
258 488 0 0
259 488 0 0
260 488 0 0
261 488 0 0
262 488 0 0
263 488 0 0
264 488 0 0
264 488 0 1
264 488 0 0
**************265 488 0 0
266 488 0 0
267 488 0 0
268 488 0 0
269 488 0 0
270 488 0 0
271 488 0 0
272 488 0 0
273 488 0 0
274 488 0 0
275 488 0 0
276 488 0 0
277 488 0 0
278 488 0 0
279 488 0 0
280 488 0 0
281 488 0 0
281 488 0 1
281 488 0 0
**************282 488 0 0
283 488 0 0
284 488 0 0
285 488 0 0
286 488 0 0
287 488 0 0
288 488 0 0
289 488 0 0
290 488 0 0
291 488 0 0
292 488 0 0
293 488 0 0
294 488 0 0
295 488 0 0
296 488 0 0
297 488 0 0
298 488 0 0
299 488 0 0
**************300 488 0 0
301 488 0 0
302 488 0 0
303 488 0 0
304 488 0 0
305 488 0 0
306 488 0 0
307 488 0 0
308 488 0 0
309 488 0 0
310 488 0 0
311 488 0 0
312 488 0 0
313 488 0 0
314 488 0 0
315 488 0 0
316 488 0 0
317 488 0 0
317 488 0 1
317 488 0 0
****************318 488 0 0
319 488 0 0
320 488 0 0
321 488 0 0
322 488 0 0
323 488 0 0
324 488 0 0
325 488 0 0
326 488 0 0
327 488 0 0
328 488 0 0
329 488 0 0
********************330 488 0 0
331 488 0 0
332 488 0 0
333 488 0 0
334 488 0 0
335 488 0 0
336 488 0 0
337 488 0 0
338 488 0 0
339 488 0 0
340 488 0 0
341 488 0 0
341 488 0 1
341 488 0 0
*******************342 488 0 0
343 488 0 0
344 488 0 0
345 488 0 0
346 488 0 0
347 488 0 0
348 488 0 0
349 488 0 0
350 488 0 0
351 488 0 0
352 488 0 0
353 488 0 0
354 488 0 0
355 488 0 0
356 488 0 0
********************357 488 0 0
358 488 0 0
359 488 0 0
360 488 0 0
361 488 0 0
362 488 0 0
363 488 0 0
364 488 0 0
365 488 0 0
366 488 0 0
367 488 0 0
368 488 0 0
369 488 0 0
369 488 0 1
369 488 0 0
*****************370 488 0 0
371 488 0 0
372 488 0 0
373 488 0 0
374 488 0 0
375 488 0 0
376 488 0 0
377 488 0 0
378 488 0 0
379 488 0 0
380 487 0 0
381 486 0 0
382 485 0 0
383 484 0 0
384 483 0 0
385 482 0 0
386 481 0 0
387 480 0 0
387 479 0 1
387 478 0 0
387 477 0 0
387 476 0 0
387 475 0 0
387 474 0 0
387 473 0 0
387 472 0 0
387 471 0 0
387 470 0 0
**********************388 470 0 0
389 470 0 0
390 470 0 0
391 470 0 0
392 470 0 0
393 470 0 0
394 470 0 0
395 470 0 0
396 470 0 0
397 470 0 0
398 470 0 0
399 470 0 0
400 470 0 0
*****400 470 0 1
400 470 0 0
*************************************************************************400 470 0 1
400 470 0 0
***********************************400 470 0 1
400 470 0 0
***********************************************************************400 470 0 1
400 470 0 0
************************************************400 470 0 1
400 470 0 0
************************************************************************************************************************************************************400 469 0 0
400 468 0 0
400 467 0 0
400 466 0 0
400 465 0 0
400 464 0 0
400 463 0 0
400 462 0 0
400 461 0 0
400 460 0 0
400 459 0 0
400 458 0 0
400 457 0 0
400 456 0 0
400 455 0 0
400 454 0 0
400 453 0 0
400 452 0 0
400 451 0 0
400 450 0 0
400 449 0 0
400 448 0 0
400 447 0 0
400 446 0 0
400 445 0 0
400 444 0 0
400 443 0 0
******************************************************************************************400 443 0 1
400 443 0 0
**************************************400 443 0 1
400 443 0 0
***********400 444 0 0
400 445 0 0
400 446 0 0
400 447 0 0
400 448 0 0
400 449 0 0
400 450 0 0
400 451 0 0
400 452 0 0
400 453 0 0
400 454 0 0
400 455 0 0
400 456 0 0
400 457 0 0
400 458 0 0
400 459 0 0
400 460 0 0
400 461 0 0
400 462 0 0
400 463 0 0
400 464 0 0
400 465 0 0
400 466 0 0
400 467 0 0
400 468 0 0
400 469 0 0
400 470 0 0
400 471 0 0
400 472 0 0
*********400 472 0 1
400 472 0 0
**************************************400 472 0 1
400 472 0 0
**************************************400 472 0 1
400 472 0 0
*************************************400 472 0 1
400 472 0 0
*********************************400 472 0 1
400 472 0 0
***********************************400 472 0 1
400 472 0 0
************************************400 472 0 1
400 472 0 0
***********************************400 472 0 1
400 472 0 0
***********************************************************************************399 472 0 0
398 472 0 0
397 472 0 0
396 472 0 0
395 472 0 0
394 472 0 0
393 472 0 0
392 472 0 0
391 472 0 0
390 472 0 0
389 472 0 0
388 472 0 0
387 472 0 0
386 472 0 0
385 472 0 0
384 472 0 0
383 472 0 0
382 472 0 0
381 472 0 0
380 472 0 0
379 472 0 0
378 472 0 0
377 472 0 0
376 472 0 0
375 472 0 0
374 472 0 0
373 472 0 0
372 472 0 0
371 472 0 0
370 472 0 0
369 472 0 0
368 472 0 0
367 472 0 0
366 472 0 0
365 472 0 0
364 472 0 0
363 472 0 0
362 472 0 0
361 472 0 0
360 472 0 0
359 472 0 0
358 472 0 0
357 472 0 0
356 472 0 0
355 471 0 0
354 470 0 0
353 469 0 0
352 468 0 0
351 467 0 0
350 466 0 0
349 465 0 0
348 464 0 0
347 463 0 0
346 462 0 0
345 461 0 0
344 460 0 0
343 459 0 0
342 458 0 0
341 457 0 0
340 456 0 0
339 455 0 0
338 454 0 0
337 453 0 0
336 452 0 0
335 451 0 0
334 450 0 0
333 449 0 0
332 448 0 0
331 447 0 0
330 446 0 0
329 445 0 0
328 444 0 0
327 443 0 0
326 442 0 0
325 441 0 0
324 440 0 0
323 439 0 0
322 438 0 0
321 437 0 0
320 436 0 0
319 435 0 0
318 434 0 0
317 433 0 0
316 432 0 0
315 431 0 0
314 430 0 0
313 429 0 0
312 428 0 0
311 427 0 0
310 426 0 0
309 425 0 0
308 424 0 0
307 423 0 0
306 422 0 0
305 421 0 0
304 420 0 0
303 419 0 0
302 418 0 0
301 417 0 0
300 416 0 0
299 415 0 0
298 414 0 0
297 413 0 0
296 412 0 0
295 411 0 0
294 410 0 0
293 409 0 0
292 408 0 0
291 407 0 0
290 406 0 0
289 405 0 0
288 404 0 0
287 403 0 0
286 402 0 0
285 401 0 0
284 400 0 0
283 399 0 0
282 398 0 0
281 397 0 0
280 396 0 0
279 395 0 0
278 394 0 0
277 393 0 0
276 392 0 0
275 391 0 0
274 390 0 0
273 389 0 0
272 388 0 0
271 387 0 0
270 386 0 0
269 385 0 0
268 384 0 0
267 383 0 0
266 382 0 0
265 381 0 0
264 380 0 0
263 379 0 0
262 378 0 0
261 377 0 0
260 376 0 0
259 375 0 0
258 374 0 0
257 373 0 0
256 372 0 0
255 371 0 0
254 370 0 0
253 369 0 0
253 368 0 0
253 367 0 0
253 366 0 0
253 365 0 0
253 364 0 0
253 363 0 0
253 362 0 0
253 361 0 0
253 360 0 0
***************************************************************254 360 0 0
255 360 0 0
256 360 0 0
257 360 0 0
258 360 0 0
259 360 0 0
260 360 0 0
261 360 0 0
262 360 0 0
263 361 0 0
264 362 0 0
265 363 0 0
266 364 0 0
267 365 0 0
268 366 0 0
269 367 0 0
270 368 0 0
271 369 0 0
272 370 0 0
272 371 0 1
272 372 0 0
272 373 0 0
272 374 0 0
272 375 0 0
272 376 0 0
272 377 0 0
272 378 0 0
272 379 0 0
272 380 0 0
272 381 0 0
272 382 0 0
272 383 0 0
272 384 0 0
272 385 0 0
272 386 0 0
272 387 0 0
272 388 0 0
273 389 0 0
274 390 0 0
275 391 0 0
276 392 0 0
277 393 0 0
278 394 0 0
279 395 0 0
280 396 0 0
281 397 0 0
282 398 0 0
283 399 0 0
284 400 0 0
285 401 0 0
286 402 0 0
287 403 0 0
288 404 0 0
289 405 0 0
290 406 0 0
291 407 0 0
291 408 0 1
291 409 0 0
291 410 0 0
291 411 0 0
291 412 0 0
291 413 0 0
291 414 0 0
291 415 0 0
291 416 0 0
291 417 0 0
291 418 0 0
291 419 0 0
291 420 0 0
291 421 0 0
292 422 0 0
293 423 0 0
294 424 0 0
295 425 0 0
296 426 0 0
297 427 0 0
298 428 0 0
299 429 0 0
300 430 0 0
301 431 0 0
302 432 0 0
303 433 0 0
304 434 0 0
305 435 0 0
306 436 0 0
307 437 0 0
308 438 0 0
309 439 0 0
310 440 0 0
310 441 0 1
310 442 0 0
310 443 0 0
310 444 0 0
310 445 0 0
310 446 0 0
310 447 0 0
310 448 0 0
310 449 0 0
310 450 0 0
310 451 0 0
310 452 0 0
310 453 0 0
311 454 0 0
312 455 0 0
313 456 0 0
314 457 0 0
315 458 0 0
316 459 0 0
317 460 0 0
318 461 0 0
319 462 0 0
320 463 0 0
321 463 0 0
322 463 0 0
323 463 0 0
324 463 0 0
325 463 0 0
326 463 0 0
327 463 0 0
328 463 0 0
329 463 0 0
329 463 0 1
329 463 0 0
**************330 463 0 0
331 463 0 0
332 463 0 0
333 463 0 0
334 463 0 0
335 463 0 0
336 463 0 0
337 463 0 0
338 463 0 0
339 463 0 0
340 463 0 0
341 463 0 0
342 463 0 0
343 463 0 0
344 463 0 0
344 463 0 1
344 463 0 0
***************345 463 0 0
346 463 0 0
347 463 0 0
348 463 0 0
349 463 0 0
350 463 0 0
351 463 0 0
352 463 0 0
353 463 0 0
354 463 0 0
355 463 0 0
356 463 0 0
357 463 0 0
358 463 0 0
359 463 0 0
*****************360 463 0 0
361 463 0 0
362 463 0 0
363 463 0 0
364 463 0 0
365 463 0 0
366 463 0 0
367 463 0 0
368 463 0 0
369 463 0 0
370 463 0 0
371 463 0 0
372 463 0 0
373 463 0 0
374 463 0 0
374 463 0 1
374 463 0 0
***************375 463 0 0
376 463 0 0
377 463 0 0
378 463 0 0
379 463 0 0
380 463 0 0
381 463 0 0
382 463 0 0
383 463 0 0
384 463 0 0
385 463 0 0
386 463 0 0
387 463 0 0
388 463 0 0
389 463 0 0
*********389 462 0 0
389 461 0 0
389 460 0 0
389 459 0 0
389 458 0 0
389 457 0 0
389 456 0 0
389 455 0 0
389 454 0 0
389 453 0 0
390 452 0 0
391 451 0 0
392 450 0 0
393 449 0 0
394 448 0 0
395 447 0 0
396 446 0 0
397 445 0 0
398 444 0 0
399 443 0 0
400 443 0 0
********400 443 0 1
400 443 0 0
*****************************************************************400 443 0 1
400 443 0 0
******************************400 443 0 1
400 443 0 0
**********************************************400 442 0 0
400 441 0 0
400 440 0 0
400 439 0 0
400 438 0 0
400 437 0 0
400 436 0 0
400 435 0 0
400 434 0 0
400 433 0 0
400 432 0 0
400 431 0 0
400 430 0 0
400 429 0 0
400 428 0 0
400 427 0 0
400 426 0 0
400 425 0 0
400 424 0 0
400 423 0 0
400 422 0 0
400 421 0 0
400 420 0 0
400 419 0 0
400 418 0 0
400 417 0 0
400 416 0 0
400 415 0 0
400 414 0 1
400 413 0 0
400 412 0 0
400 411 0 0
400 410 0 0
400 409 0 0
400 408 0 0
400 407 0 0
400 406 0 0
******************************************399 406 0 0
398 406 0 0
397 406 0 0
396 406 0 0
395 406 0 0
394 406 0 0
393 406 0 0
392 406 0 0
391 406 0 0
390 406 0 0
389 406 0 0
388 406 0 0
387 406 0 0
386 406 0 0
385 406 0 0
384 406 0 0
383 406 0 0
382 406 0 0
381 406 0 0
380 406 0 0
379 406 0 0
378 406 0 0
377 406 0 0
376 406 0 0
375 406 0 0
374 406 0 0
373 406 0 0
372 406 0 0
371 406 0 0
370 406 0 0
369 406 0 0
368 406 0 0
367 406 0 0
366 406 0 0
365 406 0 0
364 406 0 0
363 406 0 0
362 406 0 0
361 406 0 0
360 406 0 0
359 406 0 0
358 406 0 0
357 406 0 0
356 406 0 0
355 406 0 0
354 406 0 0
353 407 0 0
352 408 0 0
351 409 0 0
350 410 0 0
349 411 0 0
348 412 0 0
347 413 0 0
346 414 0 0
345 415 0 0
344 416 0 0
343 417 0 0
342 418 0 0
341 419 0 0
340 420 0 0
339 421 0 0
339 422 0 0
339 423 0 0
339 424 0 0
339 425 0 0
339 426 0 0
339 427 0 0
339 428 0 0
339 429 0 0
339 430 0 0
339 431 0 0
339 432 0 0
339 433 0 0
**********340 433 0 0
341 433 0 0
342 433 0 0
343 433 0 0
344 433 0 0
345 433 0 0
346 433 0 0
347 433 0 0
348 433 0 0
349 433 0 0
350 433 0 0
351 433 0 0
352 433 0 0
353 433 0 0
354 433 0 0
355 433 0 0
356 433 0 0
357 433 0 0
357 433 0 1
357 433 0 0
************358 433 0 0
359 433 0 0
360 433 0 0
361 433 0 0
362 433 0 0
363 433 0 0
364 433 0 0
365 433 0 0
366 433 0 0
367 433 0 0
368 433 0 0
369 433 0 0
370 433 0 0
371 433 0 0
372 433 0 0
373 433 0 0
374 433 0 0
375 433 0 0
376 433 0 0
376 433 0 1
376 433 0 0
********376 434 0 0
376 435 0 0
376 436 0 0
376 437 0 0
376 438 0 0
376 439 0 0
376 440 0 0
376 441 0 0
376 442 0 0
377 443 0 0
378 444 0 0
379 445 0 0
380 446 0 0
381 447 0 0
382 448 0 0
383 449 0 0
384 450 0 0
385 451 0 0
386 452 0 0
387 452 0 0
388 452 0 0
389 452 0 0
390 452 0 0
391 452 0 0
392 452 0 0
393 452 0 0
394 452 0 0
394 452 0 1
394 452 0 0
********394 451 0 0
394 450 0 0
394 449 0 0
394 448 0 0
394 447 0 0
394 446 0 0
394 445 0 0
394 444 0 0
395 443 0 0
396 442 0 0
397 441 0 0
398 440 0 0
399 439 0 0
400 438 0 0
400 437 0 0
400 436 0 0
400 435 0 1
400 434 0 0
400 433 0 0
400 432 0 0
400 431 0 0
400 430 0 0
400 429 0 0
400 428 0 0
400 427 0 0
400 426 0 0
400 425 0 0
400 424 0 0
400 423 0 0
400 422 0 0
400 421 0 0
400 420 0 0
400 419 0 0
400 418 0 0
400 417 0 0
400 416 0 0
400 415 0 0
400 414 0 0
400 413 0 0
400 412 0 0
400 411 0 0
400 410 0 0
400 409 0 0
400 408 0 0
400 407 0 0
400 406 0 0
400 405 0 1
400 404 0 0
400 403 0 0
400 402 0 0
400 401 0 0
400 400 0 0
400 399 0 0
400 398 0 0
400 397 0 0
400 396 0 0
400 395 0 0
400 394 0 0
400 393 0 0
400 392 0 0
400 391 0 0
400 390 0 0
400 389 0 0
400 388 0 0
400 387 0 0
400 386 0 0
400 385 0 0
400 384 0 0
400 383 0 0
400 382 0 0
400 381 0 0
400 380 0 0
400 379 0 0
400 378 0 0
400 377 0 0
400 376 0 0
400 375 0 0
400 374 0 0
400 373 0 0
400 372 0 0
400 371 0 0
400 370 0 0
400 369 0 0
400 368 0 0
400 367 0 0
400 366 0 0
400 365 0 0
400 364 0 0
400 363 0 0
400 362 0 0
400 361 0 0
400 360 0 0
*************400 360 0 1
400 360 0 0
*****************************************400 360 1 0
400 360 0 0
********************************************************************************************************399 360 0 0
398 360 0 0
397 360 0 0
396 360 0 0
395 360 0 0
394 360 0 0
393 360 0 0
392 360 0 0
391 360 0 0
390 360 0 0
389 360 0 0
388 360 0 0
387 360 0 0
386 360 0 0
385 360 0 0
384 360 0 0
383 361 0 0
382 362 0 0
381 363 0 0
380 364 0 0
379 365 0 0
378 366 0 0
377 367 0 0
376 368 0 0
375 369 0 0
374 370 0 0
373 371 0 0
372 372 0 0
371 373 0 0
370 374 0 0
369 375 0 0
368 376 0 0
367 377 0 0
366 378 0 0
365 379 0 0
364 380 0 0
363 381 0 0
362 382 0 0
361 383 0 0
360 384 0 0
359 385 0 0
358 386 0 0
357 387 0 0
356 388 0 0
355 389 0 0
354 390 0 0
353 391 0 0
352 392 0 0
351 393 0 0
350 394 0 0
349 395 0 0
348 396 0 0
347 397 0 0
346 398 0 0
345 399 0 0
344 400 0 0
343 401 0 0
342 402 0 0
341 403 0 0
340 404 0 0
339 405 0 0
338 406 0 0
337 407 0 0
336 408 0 0
335 408 0 0
334 408 0 0
333 408 0 0
332 408 0 0
331 408 0 0
330 408 0 0
329 408 0 0
328 408 0 0
*************329 408 0 0
330 408 0 0
331 408 0 0
332 408 0 0
333 408 0 0
334 408 0 0
335 408 0 0
336 408 0 0
337 408 0 0
338 408 0 0
339 408 0 0
340 408 0 0
341 408 0 0
342 408 0 0
343 408 0 0
344 408 0 0
345 408 0 0
346 408 0 0
347 408 0 0
348 408 0 0
349 408 0 0
350 408 0 0
350 408 0 1
350 408 0 0
********350 409 0 0
350 410 0 0
350 411 0 0
350 412 0 0
350 413 0 0
350 414 0 0
350 415 0 0
350 416 0 0
350 417 0 0
350 418 0 0
350 419 0 0
350 420 0 0
350 421 0 0
351 422 0 0
352 423 0 0
353 424 0 0
354 425 0 0
355 426 0 0
356 427 0 0
357 428 0 0
358 429 0 0
359 430 0 0
360 431 0 0
361 432 0 0
362 433 0 0
363 434 0 0
364 435 0 0
365 436 0 0
366 437 0 0
367 438 0 0
368 439 0 0
369 440 0 0
370 441 0 0
370 442 0 1
370 443 0 0
370 444 0 0
370 445 0 0
370 446 0 0
370 447 0 0
370 448 0 0
370 449 0 0
370 450 0 0
370 451 0 0
370 452 0 0
370 453 0 0
370 454 0 0
370 455 0 0
370 456 0 0
****************369 456 0 0
368 456 0 0
367 456 0 0
366 456 0 0
365 456 0 0
364 456 0 0
363 456 0 0
362 456 0 0
361 456 0 0
360 456 0 0
359 456 0 0
358 456 0 0
357 456 0 0
356 456 0 0
355 456 0 0
354 456 0 0
353 456 0 0
352 456 0 0
351 456 0 0
350 456 0 0
349 456 0 0
348 456 0 0
347 456 0 0
346 456 0 0
345 456 0 0
344 456 0 0
343 456 0 0
342 456 0 0
341 456 0 0
340 456 0 0
339 456 0 0
338 456 0 0
337 456 0 0
336 456 0 0
335 456 0 0
334 456 0 0
333 456 0 0
332 456 0 0
331 456 0 0
330 456 0 0
329 456 0 0
328 456 0 0
327 456 0 0
326 456 0 0
325 456 0 0
324 456 0 0
323 456 0 0
322 456 0 0
321 456 0 0
320 456 0 0
319 456 0 0
318 456 0 0
317 456 0 0
316 456 0 0
315 456 0 0
314 456 0 0
313 456 0 0
312 456 0 0
311 456 0 0
310 456 0 0
309 456 0 0
308 456 0 0
307 456 0 0
306 456 0 0
305 456 0 0
304 456 0 0
303 456 0 0
302 456 0 0
301 456 0 0
300 456 0 0
299 456 0 0
298 456 0 0
297 456 0 0
296 456 0 0
295 456 0 0
294 456 0 0
293 456 0 0
292 456 0 0
291 456 0 0
290 456 0 0
289 456 0 0
288 456 0 0
287 456 0 0
286 456 0 0
285 456 0 0
284 456 0 0
283 456 0 0
282 456 0 0
281 456 0 0
280 456 0 0
279 456 0 0
278 456 0 0
277 456 0 0
276 456 0 0
275 456 0 0
274 456 0 0
273 456 0 0
272 456 0 0
271 456 0 0
270 456 0 0
269 456 0 0
268 456 0 0
267 456 0 0
266 456 0 0
265 456 0 0
264 456 0 0
263 456 0 0
262 456 0 0
261 456 0 0
260 456 0 0
259 456 0 0
258 456 0 0
257 456 0 0
256 456 0 0
255 456 0 0
254 456 0 0
253 456 0 0
252 456 0 0
251 456 0 0
250 456 0 0
249 456 0 0
248 456 0 0
247 456 0 0
246 456 0 0
245 456 0 0
244 456 0 0
243 456 0 0
242 456 0 0
*********243 456 0 0
244 456 0 0
245 456 0 0
246 456 0 0
247 456 0 0
248 456 0 0
249 456 0 0
250 456 0 0
251 456 0 0
252 456 0 0
253 456 0 0
254 456 0 0
255 456 0 0
256 456 0 0
257 456 0 0
258 456 0 0
259 456 0 0
260 456 0 0
261 456 0 0
262 456 0 0
262 456 0 1
262 456 0 0
********************263 456 0 0
264 456 0 0
265 456 0 0
266 456 0 0
267 456 0 0
268 456 0 0
269 456 0 0
270 456 0 0
271 456 0 0
272 456 0 0
273 456 0 0
274 456 0 0
275 456 0 0
276 456 0 0
277 456 0 0
278 456 0 0
279 456 0 0
280 456 0 0
281 456 0 0
282 456 0 0
283 456 0 0
284 456 0 0
285 456 0 0
286 456 0 0
287 456 0 0
288 456 0 0
289 456 0 0
290 456 0 0
291 456 0 0
292 456 0 0
293 456 0 0
294 456 0 0
295 456 0 0
296 456 0 0
297 456 0 0
298 456 0 0
299 456 0 0
300 456 0 0
301 456 0 0
302 456 0 0
303 456 0 0
304 456 0 0
305 456 0 0
306 456 0 0
307 456 0 0
308 456 0 0
308 456 0 1
308 456 0 0
****************309 456 0 0
310 456 0 0
311 456 0 0
312 456 0 0
313 456 0 0
314 456 0 0
315 456 0 0
316 456 0 0
317 456 0 0
318 456 0 0
319 456 0 0
320 456 0 0
321 456 0 0
322 456 0 0
323 456 0 0
324 456 0 0
325 456 0 0
326 456 0 0
327 456 0 0
328 456 0 0
329 456 0 0
329 456 0 1
329 456 0 0
*******329 457 0 0
329 458 0 0
329 459 0 0
329 460 0 0
329 461 0 0
329 462 0 0
329 463 0 0
329 464 0 0
329 465 0 0
329 466 0 0
329 467 0 0
329 468 0 0
329 469 0 0
329 470 0 0
329 471 0 0
329 472 0 0
329 473 0 0
329 474 0 0
329 475 0 0
329 476 0 0
*********330 476 0 0
331 476 0 0
332 476 0 0
333 476 0 0
334 476 0 0
335 476 0 0
336 476 0 0
337 476 0 0
338 476 0 0
339 476 0 0
340 476 0 0
341 476 0 0
342 476 0 0
343 476 0 0
344 476 0 0
345 476 0 0
346 476 0 0
347 476 0 0
348 476 0 0
348 476 0 1
348 476 0 0
**********349 476 0 0
350 476 0 0
351 476 0 0
352 476 0 0
353 476 0 0
354 476 0 0
355 476 0 0
356 476 0 0
357 476 0 0
358 476 0 0
359 476 0 0
360 476 0 0
361 476 0 0
362 476 0 0
363 476 0 0
364 476 0 0
365 476 0 0
366 476 0 0
367 476 0 0
368 476 0 0
369 476 0 0
370 476 0 0
370 476 0 1
370 476 0 0
*********371 476 0 0
372 476 0 0
373 476 0 0
374 476 0 0
375 476 0 0
376 476 0 0
377 476 0 0
378 476 0 0
379 476 0 0
380 476 0 0
381 476 0 0
382 476 0 0
383 476 0 0
384 476 0 0
385 476 0 0
386 476 0 0
387 477 0 0
388 478 0 0
389 479 0 0
390 480 0 0
391 481 0 0
392 482 0 0
393 483 0 0
394 484 0 0
395 485 0 0
396 486 0 0
396 487 0 0
396 488 0 0
396 489 0 0
396 490 0 0
396 491 0 0
396 492 0 0
396 493 0 0
396 494 0 0
396 495 0 0
396 496 0 0
396 497 0 0
397 498 0 0
398 499 0 0
399 500 0 0
400 501 0 0
400 502 0 0
400 503 0 0
400 504 0 0
400 505 0 0
******************************************************************400 505 0 1
400 505 0 0
****************************400 505 0 1
400 505 0 0
***************************400 505 0 1
400 505 0 0
***************************400 504 0 0
400 503 0 0
400 502 0 0
400 501 0 0
400 500 0 0
400 499 0 0
400 498 0 0
400 497 0 0
400 496 0 0
400 495 0 1
400 494 0 0
400 493 0 0
400 492 0 0
400 491 0 0
400 490 0 0
400 489 0 0
400 488 0 0
400 487 0 0
400 486 0 0
400 485 0 0
400 484 0 0
400 483 0 0
400 482 0 0
400 481 0 0
400 480 0 0
400 479 0 0
400 478 0 0
400 477 0 0
*******400 477 0 1
400 477 0 0
***************************400 477 0 1
400 477 0 0
******************************400 477 0 1
400 477 0 0
******************************400 477 0 1
400 477 0 0
*********400 476 0 0
400 475 0 0
400 474 0 0
400 473 0 0
400 472 0 0
400 471 0 0
400 470 0 0
400 469 0 0
400 468 0 0
400 467 0 0
400 466 0 0
400 465 0 0
400 464 0 0
400 463 0 0
400 462 0 0
400 461 0 0
400 460 0 0
400 459 0 0
400 458 0 0
400 457 0 0
400 456 0 0
400 455 0 0
400 454 0 1
400 453 0 0
400 452 0 0
400 451 0 0
400 450 0 0
400 449 0 0
400 448 0 0
400 447 0 0
400 446 0 0
400 445 0 0
400 444 0 0
400 443 0 0
400 442 0 0
400 441 0 0
400 440 0 0
400 439 0 0
400 438 0 0
400 437 0 0
400 436 0 0
400 435 0 0
400 434 0 0
400 433 0 0
400 432 0 0
400 431 0 0
400 430 0 0
400 429 0 0
400 428 0 0
400 427 0 0
400 426 0 0
400 425 0 0
400 424 0 0
400 423 0 0
400 422 0 0
400 421 0 0
400 420 0 1
400 419 0 0
400 418 0 0
400 417 0 0
400 416 0 0
400 415 0 0
400 414 0 0
400 413 0 0
400 412 0 0
*************************************************************************************************************400 412 0 1
400 412 0 0
*************400 413 0 0
400 414 0 0
400 415 0 0
400 416 0 0
400 417 0 0
400 418 0 0
400 419 0 0
400 420 0 0
400 421 0 0
400 422 0 0
400 423 0 0
400 424 0 0
400 425 0 0
400 426 0 0
400 427 0 0
400 428 0 0
400 429 0 0
400 430 0 0
400 431 0 0
400 432 0 0
400 433 0 0
400 434 0 0
400 435 0 0
400 436 0 0
400 437 0 0
400 438 0 0
400 439 0 0
400 440 0 1
400 441 0 0
400 442 0 0
400 443 0 0
400 444 0 0
400 445 0 0
400 446 0 0
400 447 0 0
*************************************************************************************************************************************************************************400 446 0 0
400 445 0 0
400 444 0 0
400 443 0 0
400 442 0 0
400 441 0 0
400 440 0 0
400 439 0 0
400 438 0 0
400 437 0 0
400 436 0 0
400 435 0 0
400 434 0 0
400 433 0 0
400 432 0 0
400 431 0 0
400 430 0 0
400 429 0 0
400 428 0 0
400 427 0 0
400 426 0 0
400 425 0 0
400 424 0 0
400 423 0 0
400 422 0 0
400 421 0 0
400 420 0 0
400 419 0 0
400 418 0 0
400 417 0 0
400 416 0 0
400 415 0 0
400 414 0 0
400 413 0 0
400 412 0 0
400 411 0 0
400 410 0 0
400 409 0 0
400 408 0 0
*********400 408 0 1
400 408 0 0
**********************************400 408 0 1
400 408 0 0
**********************************400 408 0 1
400 408 0 0
******************************400 407 0 0
400 406 0 0
400 405 0 0
400 404 0 0
400 403 0 0
400 402 0 0
400 401 0 0
400 400 0 0
400 399 0 0
400 398 0 0
400 397 0 1
400 396 0 0
400 395 0 0
400 394 0 0
400 393 0 0
400 392 0 0
400 391 0 0
400 390 0 0
400 389 0 0
400 388 0 0
400 387 0 0
400 386 0 0
400 385 0 0
400 384 0 0
400 383 0 0
400 382 0 0
400 381 0 0
400 380 0 0
400 379 0 0
400 378 0 0
400 377 0 0
400 376 0 0
400 375 0 0
400 374 0 0
400 373 0 0
400 372 0 0
400 371 0 0
400 370 0 0
400 369 0 0
400 368 0 0
400 367 0 0
400 366 0 0
400 365 0 0
400 364 0 0
400 363 0 0
400 362 0 1
400 361 0 0
400 360 0 0
400 359 0 0
400 358 0 0
400 357 0 0
400 356 0 0
400 355 0 0
400 354 0 0
400 353 0 0
400 352 0 0
400 351 0 0
400 350 0 0
400 349 0 0
400 348 0 0
400 347 0 0
400 346 0 0
400 345 0 0
400 344 0 0
400 343 0 0
400 342 0 0
400 341 0 0
400 340 0 0
400 339 0 0
400 338 0 0
400 337 0 0
400 336 0 0
400 335 0 0
400 334 0 0
400 333 0 0
400 332 0 0
***************************************************************************400 332 0 1
400 332 0 0
************************************400 332 0 1
400 332 0 0
********************************400 331 0 0
400 330 0 0
400 329 0 0
400 328 0 0
400 327 0 0
400 326 0 0
400 325 0 0
400 324 0 0
400 323 0 0
400 322 0 0
400 321 0 0
400 320 0 0
400 319 0 0
400 318 0 0
400 317 0 0
400 316 0 0
*************************************************