1448816897
1
2
0
108 365 0 0
0 0 0 0
108 365 0 0
0 0 0 0
108 365 0 0
0 0 0 0
108 365 0 0
0 0 0 0
108 365 0 0
0 0 0 0
108 365 0 0
0 0 0 0
108 365 0 0
0 0 0 0
108 365 0 0
0 0 0 0
108 365 0 0
0 0 0 0
108 365 0 0
0 0 0 0
108 365 0 0
0 0 0 0
108 365 0 0
0 0 0 0
108 365 0 0
0 0 0 0
108 365 0 0
0 0 0 0
108 365 0 0
0 0 0 0
108 365 0 0
0 0 0 0
108 365 0 0
0 0 0 0
108 365 0 0
0 0 0 0
108 365 0 0
0 0 0 0
108 365 0 0
0 0 0 0
108 365 0 0
0 0 0 0
108 365 0 0
0 0 0 0
108 365 0 0
0 0 0 0
108 365 0 0
0 0 0 0
108 365 0 0
0 0 0 0
108 365 0 0
0 0 0 0
108 365 0 0
0 0 0 0
108 365 0 0
0 0 0 0
108 365 0 0
0 0 0 0
108 365 0 0
0 0 0 0
108 365 0 0
0 0 0 0
108 365 0 0
0 0 0 0
108 365 0 0
0 0 0 0
108 365 0 0
0 0 0 0
108 365 0 0
0 0 0 0
108 365 0 0
0 0 0 0
108 365 0 0
0 0 0 0
108 365 0 0
0 0 0 0
108 365 0 0
0 0 0 0
108 365 0 0
0 0 0 0
108 365 0 0
0 0 0 0
108 365 0 0
0 0 0 0
108 365 0 0
0 0 0 0
108 365 0 0
0 0 0 0
108 365 0 0
0 0 0 0
108 365 0 0
0 0 0 0
108 365 0 0
0 0 0 0
108 365 0 0
0 0 0 0
108 365 0 0
0 0 0 0
108 365 0 0
0 0 0 0
108 365 0 0
0 0 0 0
108 365 0 0
0 0 0 0
108 365 0 0
0 0 0 0
108 365 0 0
0 0 0 0
108 365 0 0
0 0 0 0
108 365 0 0
0 0 0 0
108 365 0 0
0 0 0 0
108 365 0 0
0 0 0 0
108 365 0 0
0 0 0 0
108 365 0 0
0 0 0 0
108 365 0 0
0 0 0 0
108 367 0 0
0 0 0 0
108 369 0 0
0 0 0 0
108 371 0 0
0 0 0 0
108 373 0 0
0 0 0 0
108 375 0 0
0 0 0 0
108 377 0 0
0 0 0 0
108 379 0 0
0 0 0 0
108 381 0 0
0 0 0 0
108 383 0 0
0 0 0 0
108 385 0 0
0 0 0 0
108 387 0 0
0 0 0 0
108 389 0 0
0 0 0 0
108 391 0 0
0 0 0 0
108 393 0 0
0 0 0 0
108 395 0 0
0 0 0 0
108 397 0 0
0 0 0 0
108 399 0 0
0 0 0 0
108 401 0 0
0 0 0 0
108 403 0 0
0 0 0 0
108 405 0 0
0 0 0 0
108 407 0 0
0 0 0 0
108 409 0 0
0 0 0 0
108 411 0 0
0 0 0 0
108 413 0 0
0 0 0 0
108 415 0 0
0 0 0 0
108 417 0 0
0 0 0 0
108 419 0 0
0 0 0 0
110 421 0 0
0 0 0 0
112 423 0 0
0 0 0 0
114 425 0 0
0 0 0 0
116 427 0 0
0 0 0 0
118 429 0 0
0 0 0 0
120 431 0 0
0 0 0 0
122 433 0 0
0 0 0 0
124 435 0 0
0 0 0 0
124 437 0 1
0 0 0 0
124 439 0 0
0 0 0 0
124 441 0 0
0 0 0 0
124 443 0 0
0 0 0 0
124 445 0 0
0 0 0 0
124 447 0 0
0 0 0 0
124 449 0 0
0 0 0 0
124 451 0 0
0 0 0 0
124 453 0 0
0 0 0 0
124 455 0 0
0 0 0 0
124 457 0 0
0 0 0 0
126 459 0 0
0 0 0 0
128 461 0 0
0 0 0 0
130 463 0 0
0 0 0 0
132 465 0 0
0 0 0 0
134 467 0 0
0 0 0 0
136 469 0 0
0 0 0 0
138 471 0 0
0 0 0 0
138 473 0 1
0 0 0 0
138 475 0 0
0 0 0 0
138 477 0 0
0 0 0 0
138 479 0 0
0 0 0 0
138 481 0 0
0 0 0 0
138 483 0 0
0 0 0 0
138 485 0 0
0 0 0 0
138 487 0 0
0 0 0 0
138 489 0 0
0 0 0 0
138 491 0 0
0 0 0 0
138 493 0 0
0 0 0 0
140 495 0 0
0 0 0 0
142 497 0 0
0 0 0 0
144 499 0 0
0 0 0 0
146 501 0 0
0 0 0 0
148 503 0 0
0 0 0 0
150 503 0 0
0 0 0 0
152 503 0 0
0 0 0 0
154 503 0 0
0 0 0 0
156 503 0 0
0 0 0 0
158 503 0 0
0 0 0 0
158 503 0 1
0 0 0 0
158 503 0 0
0 0 0 0
158 503 0 0
0 0 0 0
158 503 0 0
0 0 0 0
158 503 0 0
0 0 0 0
158 503 0 0
0 0 0 0
158 503 0 0
0 0 0 0
160 503 0 0
0 0 0 0
162 503 0 0
0 0 0 0
164 503 0 0
0 0 0 0
166 503 0 0
0 0 0 0
168 503 0 0
0 0 0 0
170 503 0 0
0 0 0 0
170 503 0 1
0 0 0 0
170 503 0 0
0 0 0 0
170 503 0 0
0 0 0 0
170 503 0 0
0 0 0 0
170 503 0 0
0 0 0 0
170 503 0 0
0 0 0 0
170 503 0 0
0 0 0 0
170 503 0 0
0 0 0 0
170 503 0 0
0 0 0 0
170 503 0 0
0 0 0 0
170 503 0 0
0 0 0 0
170 501 0 0
0 0 0 0
170 499 0 0
0 0 0 0
170 497 0 0
0 0 0 0
170 495 0 0
0 0 0 0
172 493 0 0
0 0 0 0
174 491 0 0
0 0 0 0
176 489 0 0
0 0 0 0
178 487 0 0
0 0 0 0
180 485 0 0
0 0 0 0
180 483 0 1
0 0 0 0
180 481 0 0
0 0 0 0
180 479 0 0
0 0 0 0
180 477 0 0
0 0 0 0
180 475 0 0
0 0 0 0
180 473 0 0
0 0 0 0
180 473 0 0
0 0 0 0
180 473 0 0
0 0 0 0
180 473 0 0
0 0 0 0
180 473 0 0
0 0 0 0
180 473 0 0
0 0 0 0
182 473 0 0
0 0 0 0
184 473 0 0
0 0 0 0
186 473 0 0
0 0 0 0
188 473 0 0
0 0 0 0
190 473 0 0
0 0 0 0
192 473 0 0
0 0 0 0
192 473 0 1
0 0 0 0
192 473 0 0
0 0 0 0
192 473 0 0
0 0 0 0
192 473 0 0
0 0 0 0
192 473 0 0
0 0 0 0
192 473 0 0
0 0 0 0
192 473 0 0
0 0 0 0
192 473 0 0
0 0 0 0
192 473 0 0
0 0 0 0
192 473 0 0
0 0 0 0
192 473 0 0
0 0 0 0
192 473 0 0
0 0 0 0
192 473 0 0
0 0 0 0
192 473 0 0
0 0 0 0
192 473 0 0
0 0 0 0
194 473 0 0
0 0 0 0
196 473 0 0
0 0 0 0
198 473 0 0
0 0 0 0
200 473 0 0
0 0 0 0
202 473 0 0
0 0 0 0
202 473 0 1
0 0 0 0
202 473 0 0
0 0 0 0
202 473 0 0
0 0 0 0
202 473 0 0
0 0 0 0
202 473 0 0
0 0 0 0
202 471 0 0
0 0 0 0
202 469 0 0
0 0 0 0
202 467 0 0
0 0 0 0
202 465 0 0
0 0 0 0
202 463 0 0
0 0 0 0
202 461 0 0
0 0 0 0
202 459 0 0
0 0 0 0
202 457 0 0
0 0 0 0
202 455 0 0
0 0 0 0
202 453 0 0
0 0 0 0
202 451 0 0
0 0 0 0
202 449 0 0
0 0 0 0
202 447 0 0
0 0 0 0
202 445 0 0
0 0 0 0
202 445 0 0
0 0 0 0
202 445 0 0
0 0 0 0
202 445 0 0
0 0 0 0
202 445 0 0
0 0 0 0
202 445 0 0
0 0 0 0
202 445 0 0
0 0 0 0
202 445 0 0
0 0 0 0
202 445 0 0
0 0 0 0
202 445 0 0
0 0 0 0
202 445 0 0
0 0 0 0
202 445 0 0
0 0 0 0
202 445 0 0
0 0 0 0
202 445 0 0
0 0 0 0
202 445 0 0
0 0 0 0
202 445 0 0
0 0 0 0
202 445 0 0
0 0 0 0
202 445 0 0
0 0 0 0
202 445 0 0
0 0 0 0
202 445 0 0
0 0 0 0
202 445 0 0
0 0 0 0
202 445 0 0
0 0 0 0
202 445 0 0
0 0 0 0
202 445 0 0
0 0 0 0
202 445 0 0
0 0 0 0
202 445 0 0
0 0 0 0
202 445 0 0
0 0 0 0
202 445 0 0
0 0 0 0
202 445 0 0
0 0 0 0
202 445 0 0
0 0 0 0
202 445 0 0
0 0 0 0
202 445 0 0
0 0 0 0
202 445 0 0
0 0 0 0
202 445 0 0
0 0 0 0
202 445 0 0
0 0 0 0
202 445 0 0
0 0 0 0
202 445 0 0
0 0 0 0
202 445 0 0
0 0 0 0
202 445 0 0
0 0 0 0
202 445 0 0
0 0 0 0
202 445 0 0
0 0 0 0
202 445 0 0
0 0 0 0
202 445 0 0
0 0 0 0
202 445 0 0
0 0 0 0
202 445 0 0
0 0 0 0
202 445 0 0
0 0 0 0
200 445 0 0
0 0 0 0
198 445 0 0
0 0 0 0
196 445 0 0
0 0 0 0
194 445 0 0
0 0 0 0
192 445 0 0
0 0 0 0
190 445 0 0
0 0 0 0
188 445 0 0
0 0 0 0
186 445 0 0
0 0 0 0
184 445 0 0
0 0 0 0
182 445 0 0
0 0 0 0
180 445 0 0
0 0 0 0
178 445 0 0
0 0 0 0
176 445 0 0
0 0 0 0
174 445 0 0
0 0 0 0
172 445 0 0
0 0 0 0
170 445 0 0
0 0 0 0
168 445 0 0
0 0 0 0
166 445 0 0
0 0 0 0
164 445 0 0
0 0 0 0
162 445 0 0
0 0 0 0
160 445 0 0
0 0 0 0
158 445 0 0
0 0 0 0
156 445 0 0
0 0 0 0
154 445 0 0
0 0 0 0
152 445 0 0
0 0 0 0
150 445 0 0
0 0 0 0
148 445 0 0
0 0 0 0
146 445 0 0
0 0 0 0
144 445 0 0
0 0 0 0
142 445 0 0
0 0 0 0
140 445 0 0
0 0 0 0
138 445 0 0
0 0 0 0
136 445 0 0
0 0 0 0
134 445 0 0
0 0 0 0
132 445 0 0
0 0 0 0
130 445 0 0
0 0 0 0
130 445 0 0
0 0 0 0
130 445 0 0
0 0 0 0
130 445 0 0
0 0 0 0
130 445 0 0
0 0 0 0
130 445 0 0
0 0 0 0
130 445 0 0
0 0 0 0
130 445 0 0
0 0 0 0
130 445 0 0
0 0 0 0
130 445 0 0
0 0 0 0
130 445 0 0
0 0 0 0
130 445 0 0
0 0 0 0
130 445 0 0
0 0 0 0
130 445 0 0
0 0 0 0
130 445 0 0
0 0 0 0
130 445 0 0
0 0 0 0
130 445 0 0
0 0 0 0
130 445 0 0
0 0 0 0
130 445 0 0
0 0 0 0
130 445 0 0
0 0 0 0
132 445 0 0
0 0 0 0
134 445 0 0
0 0 0 0
136 445 0 0
0 0 0 0
138 445 0 0
0 0 0 0
140 445 0 0
0 0 0 0
142 445 0 0
0 0 0 0
144 445 0 0
0 0 0 0
146 445 0 0
0 0 0 0
148 445 0 0
0 0 0 0
150 445 0 0
0 0 0 0
152 445 0 0
0 0 0 0
154 445 0 0
0 0 0 0
156 445 0 0
0 0 0 0
158 445 0 0
0 0 0 0
160 445 0 0
0 0 0 0
162 445 0 0
0 0 0 0
164 445 0 0
0 0 0 0
166 445 0 0
0 0 0 0
168 445 0 0
0 0 0 0
170 445 0 0
0 0 0 0
172 445 0 0
0 0 0 0
174 445 0 0
0 0 0 0
176 445 0 0
0 0 0 0
178 445 0 0
0 0 0 0
180 445 0 0
0 0 0 0
182 445 0 0
0 0 0 0
184 445 0 0
0 0 0 0
186 447 0 0
0 0 0 0
188 449 0 0
0 0 0 0
190 451 0 0
0 0 0 0
192 453 0 0
0 0 0 0
194 455 0 0
0 0 0 0
194 457 0 1
0 0 0 0
194 459 0 0
0 0 0 0
194 461 0 0
0 0 0 0
194 463 0 0
0 0 0 0
194 465 0 0
0 0 0 0
194 467 0 0
0 0 0 0
194 467 0 0
0 0 0 0
194 467 0 0
0 0 0 0
194 467 0 0
0 0 0 0
194 467 0 0
0 0 0 0
194 467 0 0
0 0 0 0
194 467 0 0
0 0 0 0
194 467 0 0
0 0 0 0
194 467 0 0
0 0 0 0
194 467 0 0
0 0 0 0
194 467 0 0
0 0 0 0
194 467 0 0
0 0 0 0
196 467 0 0
0 0 0 0
198 467 0 0
0 0 0 0
200 467 0 0
0 0 0 0
202 467 0 0
0 0 0 0
204 467 0 0
0 0 0 0
206 467 0 0
0 0 0 0
208 467 0 0
0 0 0 0
210 467 0 0
0 0 0 0
212 467 0 0
0 0 0 0
212 467 0 1
0 0 0 0
212 467 0 0
0 0 0 0
212 467 0 0
0 0 0 0
212 467 0 0
0 0 0 0
212 467 0 0
0 0 0 0
212 467 0 0
0 0 0 0
212 467 0 0
0 0 0 0
212 467 0 0
0 0 0 0
212 467 0 0
0 0 0 0
212 467 0 0
0 0 0 0
212 467 0 0
0 0 0 0
212 467 0 0
0 0 0 0
212 467 0 0
0 0 0 0
212 467 0 0
0 0 0 0
214 467 0 0
0 0 0 0
216 467 0 0
0 0 0 0
218 467 0 0
0 0 0 0
220 467 0 0
0 0 0 0
222 467 0 0
0 0 0 0
224 467 0 0
0 0 0 0
226 467 0 0
0 0 0 0
228 467 0 0
0 0 0 0
230 467 0 0
0 0 0 0
230 467 0 1
0 0 0 0
230 467 0 0
0 0 0 0
230 467 0 0
0 0 0 0
230 467 0 0
0 0 0 0
230 467 0 0
0 0 0 0
230 467 0 0
0 0 0 0
230 467 0 0
0 0 0 0
230 467 0 0
0 0 0 0
230 467 0 0
0 0 0 0
230 467 0 0
0 0 0 0
230 467 0 0
0 0 0 0
230 467 0 0
0 0 0 0
230 467 0 0
0 0 0 0
230 467 0 0
0 0 0 0
230 467 0 0
0 0 0 0
230 467 0 0
0 0 0 0
230 467 0 0
0 0 0 0
230 467 0 0
0 0 0 0
230 467 0 0
0 0 0 0
230 467 0 0
0 0 0 0
230 467 0 0
0 0 0 0
230 467 0 0
0 0 0 0
230 467 0 0
0 0 0 0
230 467 0 0
0 0 0 0
230 467 0 0
0 0 0 0
230 467 0 0
0 0 0 0
230 467 0 0
0 0 0 0
230 467 0 0
0 0 0 0
230 467 0 0
0 0 0 0
230 467 0 0
0 0 0 0
230 467 0 0
0 0 0 0
230 467 0 0
0 0 0 0
230 467 0 0
0 0 0 0
230 467 0 0
0 0 0 0
230 467 0 0
0 0 0 0
230 467 0 0
0 0 0 0
230 467 0 0
0 0 0 0
230 467 0 0
0 0 0 0
230 467 0 0
0 0 0 0
230 467 0 0
0 0 0 0
230 467 0 0
0 0 0 0
230 467 0 0
0 0 0 0
230 467 0 0
0 0 0 0
230 467 0 0
0 0 0 0
230 465 0 0
0 0 0 0
230 463 0 0
0 0 0 0
230 461 0 0
0 0 0 0
230 459 0 0
0 0 0 0
230 457 0 0
0 0 0 0
230 455 0 0
0 0 0 0
230 453 0 0
0 0 0 0
230 451 0 0
0 0 0 0
230 449 0 0
0 0 0 0
230 447 0 0
0 0 0 0
230 445 0 0
0 0 0 0
230 443 0 0
0 0 0 0
230 441 0 0
0 0 0 0
230 439 0 0
0 0 0 0
230 437 0 0
0 0 0 0
230 435 0 0
0 0 0 0
230 433 0 0
0 0 0 0
230 431 0 0
0 0 0 0
230 429 0 0
0 0 0 0
230 429 0 0
0 0 0 0
230 429 0 0
0 0 0 0
230 429 0 0
0 0 0 0
230 429 0 0
0 0 0 0
230 429 0 0
0 0 0 0
230 429 0 0
0 0 0 0
230 429 0 0
0 0 0 0
230 429 0 0
0 0 0 0
230 429 0 0
0 0 0 0
230 429 0 0
0 0 0 0
230 429 0 0
0 0 0 0
230 429 0 0
0 0 0 0
230 429 0 0
0 0 0 0
230 429 0 0
0 0 0 0
230 429 0 0
0 0 0 0
230 429 0 0
0 0 0 0
230 429 0 0
0 0 0 0
230 429 0 0
0 0 0 0
230 429 0 0
0 0 0 0
230 429 0 0
0 0 0 0
230 429 0 0
0 0 0 0
230 429 0 0
0 0 0 0
230 429 0 0
0 0 0 0
230 429 0 0
0 0 0 0
230 429 0 0
0 0 0 0
230 429 0 0
0 0 0 0
230 429 0 0
0 0 0 0
230 429 0 0
0 0 0 0
230 429 0 0
0 0 0 0
230 429 0 0
0 0 0 0
230 429 0 0
0 0 0 0
230 429 0 0
0 0 0 0
230 429 0 0
0 0 0 0
230 429 0 0
0 0 0 0
230 429 0 0
0 0 0 0
230 429 0 0
0 0 0 0
230 429 0 0
0 0 0 0
230 429 0 0
0 0 0 0
230 429 0 0
0 0 0 0
230 429 0 0
0 0 0 0
230 429 0 0
0 0 0 0
230 429 0 0
0 0 0 0
230 429 0 0
0 0 0 0
230 429 0 0
0 0 0 0
230 429 0 0
0 0 0 0
230 429 0 0
0 0 0 0
230 429 0 0
0 0 0 0
230 429 0 0
0 0 0 0
230 429 0 0
0 0 0 0
230 429 0 0
0 0 0 0
230 429 0 0
0 0 0 0
230 429 0 0
0 0 0 0
230 429 0 0
0 0 0 0
230 429 0 0
0 0 0 0
230 429 0 0
0 0 0 0
230 429 0 0
0 0 0 0
230 429 0 0
0 0 0 0
230 429 0 0
0 0 0 0
230 429 0 0
0 0 0 0
230 429 0 0
0 0 0 0
230 429 0 0
0 0 0 0
230 429 0 0
0 0 0 0
230 429 0 0
0 0 0 0
230 429 0 0
0 0 0 0
230 429 0 0
0 0 0 0
230 429 0 0
0 0 0 0
230 429 0 0
0 0 0 0
230 429 0 0
0 0 0 0
230 429 0 0
0 0 0 0
228 429 0 0
0 0 0 0
226 429 0 0
0 0 0 0
224 429 0 0
0 0 0 0
222 429 0 0
0 0 0 0
220 429 0 0
0 0 0 0
218 429 0 0
0 0 0 0
216 429 0 0
0 0 0 0
214 429 0 0
0 0 0 0
212 429 0 0
0 0 0 0
210 429 0 0
0 0 0 0
208 429 0 0
0 0 0 0
206 429 0 0
0 0 0 0
204 429 0 0
0 0 0 0
202 429 0 0
0 0 0 0
200 429 0 0
0 0 0 0
198 429 0 0
0 0 0 0
196 429 0 0
0 0 0 0
194 429 0 0
0 0 0 0
192 429 0 0
0 0 0 0
190 429 0 0
0 0 0 0
188 429 0 0
0 0 0 0
186 429 0 0
0 0 0 0
186 429 0 0
0 0 0 0
186 429 0 0
0 0 0 0
186 429 0 0
0 0 0 0
186 429 0 0
0 0 0 0
186 431 0 0
0 0 0 0
186 433 0 0
0 0 0 0
186 435 0 0
0 0 0 0
186 437 0 0
0 0 0 0
186 439 0 0
0 0 0 0
186 441 0 0
0 0 0 0
186 443 0 0
0 0 0 0
186 445 0 0
0 0 0 0
186 447 0 0
0 0 0 0
188 449 0 0
0 0 0 0
190 451 0 0
0 0 0 0
192 453 0 0
0 0 0 0
194 455 0 0
0 0 0 0
196 457 0 0
0 0 0 0
198 459 0 0
0 0 0 0
200 461 0 0
0 0 0 0
202 461 0 0
0 0 0 0
204 461 0 0
0 0 0 0
206 461 0 0
0 0 0 0
208 461 0 0
0 0 0 0
210 461 0 0
0 0 0 0
212 461 0 0
0 0 0 0
214 461 0 0
0 0 0 0
216 461 0 0
0 0 0 0
218 461 0 0
0 0 0 0
220 461 0 0
0 0 0 0
222 461 0 0
0 0 0 0
224 461 0 0
0 0 0 0
226 461 0 0
0 0 0 0
228 461 0 0
0 0 0 0
230 461 0 0
0 0 0 0
232 461 0 0
0 0 0 0
234 461 0 0
0 0 0 0
236 461 0 0
0 0 0 0
238 461 0 0
0 0 0 0
240 461 0 0
0 0 0 0
242 461 0 0
0 0 0 0
244 461 0 0
0 0 0 0
246 461 0 0
0 0 0 0
248 461 0 0
0 0 0 0
250 461 0 0
0 0 0 0
252 461 0 0
0 0 0 0
254 461 0 0
0 0 0 0
256 461 0 0
0 0 0 0
256 461 0 1
0 0 0 0
256 461 0 0
0 0 0 0
256 461 0 0
0 0 0 0
256 461 0 0
0 0 0 0
256 461 0 0
0 0 0 0
256 461 0 0
0 0 0 0
256 461 0 0
0 0 0 0
256 461 0 0
0 0 0 0
256 461 0 0
0 0 0 0
256 461 0 0
0 0 0 0
256 461 0 0
0 0 0 0
256 461 0 0
0 0 0 0
256 461 0 0
0 0 0 0
258 461 0 0
0 0 0 0
260 461 0 0
0 0 0 0
262 461 0 0
0 0 0 0
264 461 0 0
0 0 0 0
266 461 0 0
0 0 0 0
268 461 0 0
0 0 0 0
268 461 0 1
0 0 0 0
268 461 0 0
0 0 0 0
268 461 0 0
0 0 0 0
268 461 0 0
0 0 0 0
268 461 0 0
0 0 0 0
268 461 0 0
0 0 0 0
268 461 0 0
0 0 0 0
268 461 0 0
0 0 0 0
268 461 0 0
0 0 0 0
268 461 0 0
0 0 0 0
268 461 0 0
0 0 0 0
268 461 0 0
0 0 0 0
268 461 0 0
0 0 0 0
268 461 0 0
0 0 0 0
270 461 0 0
0 0 0 0
272 461 0 0
0 0 0 0
274 461 0 0
0 0 0 0
276 461 0 0
0 0 0 0
278 461 0 0
0 0 0 0
278 461 0 1
0 0 0 0
278 461 0 0
0 0 0 0
278 461 0 0
0 0 0 0
278 461 0 0
0 0 0 0
278 461 0 0
0 0 0 0
278 461 0 0
0 0 0 0
278 461 0 0
0 0 0 0
278 461 0 0
0 0 0 0
278 461 0 0
0 0 0 0
278 461 0 0
0 0 0 0
278 461 0 0
0 0 0 0
278 461 0 0
0 0 0 0
280 461 0 0
0 0 0 0
282 461 0 0
0 0 0 0
284 461 0 0
0 0 0 0
286 461 0 0
0 0 0 0
288 461 0 0
0 0 0 0
290 461 0 0
0 0 0 0
292 461 0 0
0 0 0 0
292 461 0 1
0 0 0 0
292 461 0 0
0 0 0 0
292 461 0 0
0 0 0 0
292 461 0 0
0 0 0 0
292 461 0 0
0 0 0 0
292 461 0 0
0 0 0 0
292 461 0 0
0 0 0 0
292 461 0 0
0 0 0 0
292 461 0 0
0 0 0 0
292 461 0 0
0 0 0 0
294 461 0 0
0 0 0 0
296 461 0 0
0 0 0 0
298 461 0 0
0 0 0 0
300 461 0 0
0 0 0 0
302 461 0 0
0 0 0 0
304 461 0 0
0 0 0 0
306 461 0 0
0 0 0 0
306 461 0 1
0 0 0 0
306 461 0 0
0 0 0 0
306 461 0 0
0 0 0 0
306 461 0 0
0 0 0 0
306 461 0 0
0 0 0 0
306 461 0 0
0 0 0 0
306 461 0 0
0 0 0 0
306 461 0 0
0 0 0 0
306 461 0 0
0 0 0 0
306 461 0 0
0 0 0 0
306 461 0 0
0 0 0 0
308 461 0 0
0 0 0 0
310 461 0 0
0 0 0 0
312 461 0 0
0 0 0 0
314 461 0 0
0 0 0 0
316 461 0 0
0 0 0 0
318 461 0 0
0 0 0 0
320 461 0 0
0 0 0 0
320 461 0 1
0 0 0 0
320 461 0 0
0 0 0 0
320 461 0 0
0 0 0 0
320 461 0 0
0 0 0 0
320 461 0 0
0 0 0 0
320 461 0 0
0 0 0 0
320 461 0 0
0 0 0 0
320 461 0 0
0 0 0 0
320 461 0 0
0 0 0 0
320 461 0 0
0 0 0 0
320 461 0 0
0 0 0 0
320 461 0 0
0 0 0 0
320 461 0 0
0 0 0 0
320 461 0 0
0 0 0 0
322 461 0 0
0 0 0 0
324 461 0 0
0 0 0 0
326 461 0 0
0 0 0 0
328 461 0 0
0 0 0 0
330 461 0 0
0 0 0 0
332 461 0 0
0 0 0 0
334 461 0 0
0 0 0 0
336 461 0 0
0 0 0 0
338 461 0 0
0 0 0 0
340 461 0 0
0 0 0 0
342 461 0 0
0 0 0 0
342 461 0 0
0 0 0 0
342 461 0 0
0 0 0 0
342 461 0 0
0 0 0 0
342 461 0 0
0 0 0 0
342 461 0 0
0 0 0 0
342 461 0 0
0 0 0 0
342 461 0 0
0 0 0 0
342 461 0 0
0 0 0 0
342 461 0 0
0 0 0 0
342 461 0 0
0 0 0 0
342 461 0 0
0 0 0 0
342 461 0 0
0 0 0 0
342 461 0 0
0 0 0 0
342 461 0 0
0 0 0 0
342 461 0 0
0 0 0 0
342 461 0 0
0 0 0 0
342 459 0 0
0 0 0 0
342 457 0 0
0 0 0 0
342 455 0 0
0 0 0 0
342 453 0 0
0 0 0 0
342 451 0 0
0 0 0 0
342 449 0 0
0 0 0 0
342 447 0 0
0 0 0 0
342 445 0 0
0 0 0 0
342 443 0 0
0 0 0 0
342 441 0 0
0 0 0 0
342 439 0 0
0 0 0 0
342 437 0 0
0 0 0 0
342 437 0 0
0 0 0 0
342 437 0 0
0 0 0 0
342 437 0 0
0 0 0 0
342 437 0 0
0 0 0 0
342 437 0 0
0 0 0 0
342 437 0 0
0 0 0 0
342 437 0 0
0 0 0 0
342 437 0 0
0 0 0 0
342 437 0 0
0 0 0 0
342 437 0 0
0 0 0 0
342 437 0 0
0 0 0 0
342 437 0 0
0 0 0 0
342 437 0 0
0 0 0 0
342 437 0 0
0 0 0 0
342 437 0 0
0 0 0 0
342 437 0 0
0 0 0 0
342 437 0 0
0 0 0 0
342 437 0 0
0 0 0 0
342 437 0 0
0 0 0 0
342 437 0 0
0 0 0 0
342 437 0 0
0 0 0 0
342 437 0 0
0 0 0 0
342 437 0 0
0 0 0 0
342 437 0 0
0 0 0 0
342 437 0 0
0 0 0 0
342 437 0 0
0 0 0 0
342 437 0 0
0 0 0 0
342 437 0 0
0 0 0 0
342 437 0 0
0 0 0 0
342 437 0 0
0 0 0 0
342 437 0 0
0 0 0 0
342 437 0 0
0 0 0 0
342 437 0 0
0 0 0 0
342 437 0 0
0 0 0 0
342 437 0 0
0 0 0 0
342 437 0 0
0 0 0 0
342 437 0 0
0 0 0 0
342 437 0 0
0 0 0 0
342 437 0 0
0 0 0 0
342 437 0 0
0 0 0 0
342 437 0 0
0 0 0 0
342 437 0 0
0 0 0 0
342 437 0 0
0 0 0 0
342 437 0 0
0 0 0 0
342 437 0 0
0 0 0 0
342 437 0 0
0 0 0 0
342 437 0 0
0 0 0 0
342 437 0 0
0 0 0 0
342 437 0 0
0 0 0 0
342 437 0 0
0 0 0 0
342 437 0 0
0 0 0 0
342 437 0 0
0 0 0 0
342 437 0 0
0 0 0 0
342 437 0 0
0 0 0 0
342 437 0 0
0 0 0 0
342 437 0 0
0 0 0 0
342 437 0 0
0 0 0 0
342 437 0 0
0 0 0 0
342 437 0 0
0 0 0 0
342 437 0 0
0 0 0 0
342 437 0 0
0 0 0 0
342 437 0 0
0 0 0 0
342 437 0 0
0 0 0 0
342 437 0 0
0 0 0 0
342 437 0 0
0 0 0 0
342 437 0 0
0 0 0 0
342 437 0 0
0 0 0 0
342 437 0 0
0 0 0 0
342 437 0 0
0 0 0 0
342 437 0 0
0 0 0 0
342 437 0 0
0 0 0 0
342 437 0 0
0 0 0 0
342 437 0 0
0 0 0 0
342 437 0 0
0 0 0 0
342 437 0 0
0 0 0 0
342 437 0 0
0 0 0 0
342 437 0 0
0 0 0 0
342 437 0 0
0 0 0 0
342 437 0 0
0 0 0 0
342 437 0 0
0 0 0 0
342 437 0 0
0 0 0 0
342 437 0 0
0 0 0 0
342 437 0 0
0 0 0 0
342 437 0 0
0 0 0 0
342 437 0 0
0 0 0 0
342 437 0 0
0 0 0 0
342 437 0 0
0 0 0 0
342 437 0 0
0 0 0 0
342 437 0 0
0 0 0 0
342 437 0 0
0 0 0 0
344 437 0 0
0 0 0 0
346 437 0 0
0 0 0 0
348 437 0 0
0 0 0 0
350 437 0 0
0 0 0 0
352 437 0 0
0 0 0 0
354 437 0 0
0 0 0 0
356 437 0 0
0 0 0 0
358 437 0 0
0 0 0 0
360 437 0 0
0 0 0 0
362 437 0 0
0 0 0 0
364 437 0 0
0 0 0 0
366 437 0 0
0 0 0 0
368 437 0 0
0 0 0 0
370 437 0 0
0 0 0 0
372 437 0 0
0 0 0 0
374 437 0 0
0 0 0 0
376 437 0 0
0 0 0 0
378 437 0 0
0 0 0 0
380 437 0 0
0 0 0 0
382 437 0 0
0 0 0 0
384 437 0 0
0 0 0 0
386 437 0 0
0 0 0 0
388 437 0 0
0 0 0 0
390 437 0 0
0 0 0 0
392 437 0 0
0 0 0 0
394 437 0 0
0 0 0 0
396 437 0 0
0 0 0 0
398 437 0 0
0 0 0 0
400 437 0 0
0 0 0 0
400 437 0 0
0 0 0 0
400 437 0 0
0 0 0 0
400 437 0 1
0 0 0 0
400 437 0 0
0 0 0 0
400 437 0 0
0 0 0 0
400 437 0 0
0 0 0 0
400 437 0 0
0 0 0 0
400 437 0 0
0 0 0 0
400 437 0 0
0 0 0 0
400 437 0 0
0 0 0 0
400 437 0 0
0 0 0 0
400 437 0 0
0 0 0 0
400 437 0 0
0 0 0 0
400 437 0 0
0 0 0 0
400 437 0 0
0 0 0 0
400 437 0 0
0 0 0 0
400 437 0 0
0 0 0 0
400 437 0 0
0 0 0 0
400 437 0 0
0 0 0 0
400 437 0 0
0 0 0 0
400 437 0 0
0 0 0 0
400 437 0 0
0 0 0 0
400 437 0 0
0 0 0 0
400 437 0 0
0 0 0 0
400 437 0 0
0 0 0 0
400 437 0 0
0 0 0 0
400 437 0 0
0 0 0 0
400 437 0 0
0 0 0 0
400 437 0 0
0 0 0 0
400 437 0 0
0 0 0 0
400 437 0 0
0 0 0 0
400 437 0 0
0 0 0 0
400 437 0 0
0 0 0 0
400 437 0 0
0 0 0 0
400 437 0 0
0 0 0 0
400 437 0 0
0 0 0 0
400 437 0 0
0 0 0 0
400 437 0 0
0 0 0 0
400 437 0 0
0 0 0 0
400 437 0 0
0 0 0 0
400 437 0 0
0 0 0 0
398 437 0 0
0 0 0 0
396 437 0 0
0 0 0 0
394 437 0 0
0 0 0 0
392 437 0 0
0 0 0 0
390 437 0 0
0 0 0 0
388 437 0 0
0 0 0 0
386 437 0 0
0 0 0 0
384 437 0 0
0 0 0 0
382 437 0 0
0 0 0 0
380 437 0 0
0 0 0 0
378 437 0 0
0 0 0 0
376 437 0 0
0 0 0 0
374 437 0 0
0 0 0 0
372 437 0 0
0 0 0 0
370 437 0 0
0 0 0 0
368 437 0 0
0 0 0 0
366 437 0 0
0 0 0 0
364 437 0 0
0 0 0 0
362 437 0 0
0 0 0 0
360 437 0 0
0 0 0 0
358 437 0 0
0 0 0 0
356 437 0 0
0 0 0 0
354 437 0 0
0 0 0 0
352 437 0 0
0 0 0 0
350 437 0 0
0 0 0 0
348 437 0 0
0 0 0 0
346 437 0 0
0 0 0 0
344 437 0 0
0 0 0 0
342 437 0 0
0 0 0 0
340 437 0 0
0 0 0 0
338 437 0 0
0 0 0 0
336 437 0 0
0 0 0 0
334 437 0 0
0 0 0 0
332 437 0 0
0 0 0 0
330 437 0 0
0 0 0 0
328 437 0 0
0 0 0 0
326 437 0 0
0 0 0 0
324 437 0 0
0 0 0 0
322 435 0 0
0 0 0 0
320 433 0 0
0 0 0 0
318 431 0 0
0 0 0 0
316 429 0 0
0 0 0 0
314 427 0 0
0 0 0 0
312 425 0 0
0 0 0 0
310 423 0 0
0 0 0 0
308 421 0 0
0 0 0 0
306 419 0 0
0 0 0 0
304 417 0 0
0 0 0 0
302 415 0 0
0 0 0 0
300 413 0 0
0 0 0 0
298 411 0 0
0 0 0 0
296 409 0 0
0 0 0 0
294 407 0 0
0 0 0 0
292 405 0 0
0 0 0 0
290 403 0 0
0 0 0 0
288 401 0 0
0 0 0 0
286 399 0 0
0 0 0 0
284 397 0 0
0 0 0 0
282 395 0 0
0 0 0 0
280 393 0 0
0 0 0 0
278 391 0 0
0 0 0 0
276 389 0 0
0 0 0 0
274 387 0 0
0 0 0 0
272 385 0 0
0 0 0 0
270 383 0 0
0 0 0 0
268 381 0 0
0 0 0 0
266 379 0 0
0 0 0 0
264 377 0 0
0 0 0 0
264 375 0 0
0 0 0 0
264 373 0 0
0 0 0 0
264 371 0 0
0 0 0 0
264 369 0 0
0 0 0 0
264 367 0 0
0 0 0 0
264 365 0 0
0 0 0 0
264 365 0 0
0 0 0 0
264 365 0 0
0 0 0 0
264 365 0 0
0 0 0 0
264 365 0 0
0 0 0 0
264 365 0 0
0 0 0 0
264 365 0 0
0 0 0 0
264 365 0 0
0 0 0 0
264 365 0 0
0 0 0 0
264 365 0 0
0 0 0 0
264 365 0 0
0 0 0 0
264 365 0 0
0 0 0 0
264 365 0 0
0 0 0 0
264 365 0 0
0 0 0 0
264 365 0 0
0 0 0 0
264 365 0 0
0 0 0 0
264 365 0 0
0 0 0 0
264 365 0 0
0 0 0 0
264 365 0 0
0 0 0 0
264 365 0 0
0 0 0 0
264 365 0 0
0 0 0 0
264 365 0 0
0 0 0 0
264 365 0 0
0 0 0 0
264 365 0 0
0 0 0 0
264 365 0 0
0 0 0 0
264 365 0 0
0 0 0 0
264 365 0 0
0 0 0 0
264 365 0 0
0 0 0 0
264 365 0 0
0 0 0 0
264 365 0 0
0 0 0 0
264 365 0 0
0 0 0 0
264 365 0 0
0 0 0 0
264 367 0 0
0 0 0 0
264 369 0 0
0 0 0 0
264 371 0 0
0 0 0 0
264 373 0 0
0 0 0 0
264 375 0 0
0 0 0 0
264 377 0 0
0 0 0 0
264 379 0 0
0 0 0 0
264 381 0 0
0 0 0 0
264 383 0 0
0 0 0 0
264 385 0 0
0 0 0 0
264 387 0 0
0 0 0 0
264 389 0 0
0 0 0 0
266 391 0 0
0 0 0 0
268 393 0 0
0 0 0 0
270 395 0 0
0 0 0 0
272 397 0 0
0 0 0 0
274 399 0 0
0 0 0 0
276 401 0 0
0 0 0 0
278 403 0 0
0 0 0 0
280 405 0 0
0 0 0 0
280 407 0 1
0 0 0 0
280 409 0 0
0 0 0 0
280 411 0 0
0 0 0 0
280 413 0 0
0 0 0 0
280 415 0 0
0 0 0 0
280 417 0 0
0 0 0 0
280 419 0 0
0 0 0 0
280 421 0 0
0 0 0 0
280 423 0 0
0 0 0 0
280 425 0 0
0 0 0 0
280 427 0 0
0 0 0 0
280 429 0 0
0 0 0 0
282 431 0 0
0 0 0 0
284 433 0 0
0 0 0 0
286 435 0 0
0 0 0 0
288 437 0 0
0 0 0 0
290 439 0 0
0 0 0 0
292 441 0 0
0 0 0 0
294 443 0 0
0 0 0 0
294 445 0 1
0 0 0 0
294 447 0 0
0 0 0 0
294 449 0 0
0 0 0 0
294 451 0 0
0 0 0 0
294 453 0 0
0 0 0 0
294 455 0 0
0 0 0 0
294 457 0 0
0 0 0 0
294 459 0 0
0 0 0 0
294 461 0 0
0 0 0 0
296 463 0 0
0 0 0 0
298 465 0 0
0 0 0 0
300 467 0 0
0 0 0 0
302 469 0 0
0 0 0 0
304 471 0 0
0 0 0 0
306 473 0 0
0 0 0 0
308 475 0 0
0 0 0 0
310 477 0 0
0 0 0 0
312 479 0 0
0 0 0 0
312 481 0 1
0 0 0 0
312 483 0 0
0 0 0 0
312 485 0 0
0 0 0 0
312 487 0 0
0 0 0 0
312 489 0 0
0 0 0 0
312 489 0 0
0 0 0 0
312 489 0 0
0 0 0 0
312 489 0 0
0 0 0 0
312 489 0 0
0 0 0 0
312 489 0 0
0 0 0 0
312 489 0 0
0 0 0 0
312 489 0 0
0 0 0 0
312 489 0 0
0 0 0 0
312 489 0 0
0 0 0 0
312 489 0 0
0 0 0 0
312 489 0 0
0 0 0 0
312 489 0 0
0 0 0 0
312 489 0 0
0 0 0 0
310 489 0 0
0 0 0 0
308 489 0 0
0 0 0 0
306 489 0 0
0 0 0 0
304 489 0 0
0 0 0 0
302 489 0 0
0 0 0 0
300 489 0 0
0 0 0 0
298 489 0 0
0 0 0 0
296 489 0 0
0 0 0 0
294 489 0 0
0 0 0 0
292 489 0 0
0 0 0 0
290 489 0 0
0 0 0 0
288 489 0 0
0 0 0 0
286 489 0 0
0 0 0 0
284 489 0 0
0 0 0 0
282 489 0 0
0 0 0 0
280 489 0 0
0 0 0 0
278 489 0 0
0 0 0 0
276 489 0 0
0 0 0 0
274 489 0 0
0 0 0 0
272 489 0 0
0 0 0 0
270 489 0 0
0 0 0 0
268 489 0 0
0 0 0 0
266 489 0 0
0 0 0 0
264 489 0 0
0 0 0 0
262 489 0 0
0 0 0 0
260 489 0 0
0 0 0 0
258 487 0 0
0 0 0 0
256 485 0 0
0 0 0 0
254 483 0 0
0 0 0 0
252 481 0 0
0 0 0 0
250 479 0 0
0 0 0 0
248 477 0 0
0 0 0 0
246 475 0 0
0 0 0 0
244 473 0 0
0 0 0 0
242 471 0 0
0 0 0 0
240 469 0 0
0 0 0 0
238 467 0 0
0 0 0 0
236 465 0 0
0 0 0 0
234 463 0 0
0 0 0 0
232 461 0 0
0 0 0 0
230 459 0 0
0 0 0 0
228 457 0 0
0 0 0 0
226 455 0 0
0 0 0 0
224 453 0 0
0 0 0 0
222 451 0 0
0 0 0 0
220 449 0 0
0 0 0 0
218 447 0 0
0 0 0 0
216 445 0 0
0 0 0 0
214 443 0 0
0 0 0 0
212 441 0 0
0 0 0 0
210 439 0 0
0 0 0 0
208 437 0 0
0 0 0 0
208 435 0 0
0 0 0 0
208 433 0 0
0 0 0 0
208 431 0 0
0 0 0 0
208 429 0 0
0 0 0 0
208 429 0 0
0 0 0 0
208 429 0 0
0 0 0 0
208 429 0 0
0 0 0 0
208 429 0 0
0 0 0 0
208 429 0 0
0 0 0 0
208 429 0 0
0 0 0 0
208 429 0 0
0 0 0 0
208 429 0 0
0 0 0 0
208 429 0 0
0 0 0 0
208 429 0 0
0 0 0 0
208 429 0 0
0 0 0 0
208 429 0 0
0 0 0 0
208 429 0 0
0 0 0 0
208 429 0 0
0 0 0 0
208 429 0 0
0 0 0 0
208 429 0 0
0 0 0 0
208 429 0 0
0 0 0 0
208 429 0 0
0 0 0 0
208 429 0 0
0 0 0 0
208 429 0 0
0 0 0 0
208 429 0 0
0 0 0 0
208 429 0 0
0 0 0 0
208 429 0 0
0 0 0 0
208 429 0 0
0 0 0 0
208 429 0 0
0 0 0 0
208 429 0 0
0 0 0 0
210 429 0 0
0 0 0 0
212 429 0 0
0 0 0 0
214 429 0 0
0 0 0 0
216 429 0 0
0 0 0 0
218 431 0 0
0 0 0 0
220 433 0 0
0 0 0 0
222 435 0 0
0 0 0 0
224 437 0 0
0 0 0 0
226 439 0 0
0 0 0 0
226 441 0 1
0 0 0 0
226 443 0 0
0 0 0 0
226 445 0 0
0 0 0 0
226 447 0 0
0 0 0 0
226 449 0 0
0 0 0 0
226 451 0 0
0 0 0 0
226 453 0 0
0 0 0 0
226 455 0 0
0 0 0 0
226 457 0 0
0 0 0 0
228 459 0 0
0 0 0 0
230 461 0 0
0 0 0 0
232 463 0 0
0 0 0 0
234 465 0 0
0 0 0 0
236 467 0 0
0 0 0 0
238 469 0 0
0 0 0 0
240 471 0 0
0 0 0 0
242 473 0 0
0 0 0 0
244 475 0 0
0 0 0 0
244 477 0 1
0 0 0 0
244 479 0 0
0 0 0 0
244 481 0 0
0 0 0 0
244 483 0 0
0 0 0 0
244 485 0 0
0 0 0 0
244 485 0 0
0 0 0 0
244 485 0 0
0 0 0 0
244 485 0 0
0 0 0 0
244 485 0 0
0 0 0 0
244 485 0 0
0 0 0 0
246 485 0 0
0 0 0 0
248 485 0 0
0 0 0 0
250 485 0 0
0 0 0 0
252 485 0 0
0 0 0 0
254 485 0 0
0 0 0 0
254 485 0 1
0 0 0 0
254 485 0 0
0 0 0 0
254 485 0 0
0 0 0 0
254 485 0 0
0 0 0 0
254 485 0 0
0 0 0 0
254 485 0 0
0 0 0 0
254 485 0 0
0 0 0 0
254 485 0 0
0 0 0 0
254 485 0 0
0 0 0 0
254 485 0 0
0 0 0 0
256 485 0 0
0 0 0 0
258 485 0 0
0 0 0 0
260 485 0 0
0 0 0 0
262 485 0 0
0 0 0 0
264 485 0 0
0 0 0 0
266 485 0 0
0 0 0 0
268 485 0 0
0 0 0 0
270 485 0 0
0 0 0 0
270 485 0 1
0 0 0 0
270 485 0 0
0 0 0 0
270 485 0 0
0 0 0 0
270 485 0 0
0 0 0 0
270 485 0 0
0 0 0 0
270 485 0 0
0 0 0 0
270 485 0 0
0 0 0 0
270 485 0 0
0 0 0 0
270 485 0 0
0 0 0 0
270 485 0 0
0 0 0 0
272 485 0 0
0 0 0 0
274 485 0 0
0 0 0 0
276 485 0 0
0 0 0 0
278 485 0 0
0 0 0 0
280 485 0 0
0 0 0 0
282 485 0 0
0 0 0 0
284 485 0 0
0 0 0 0
284 485 0 1
0 0 0 0
284 485 0 0
0 0 0 0
284 485 0 0
0 0 0 0
284 485 0 0
0 0 0 0
284 485 0 0
0 0 0 0
284 485 0 0
0 0 0 0
284 485 0 0
0 0 0 0
284 485 0 0
0 0 0 0
284 485 0 0
0 0 0 0
284 485 0 0
0 0 0 0
286 485 0 0
0 0 0 0
288 485 0 0
0 0 0 0
290 485 0 0
0 0 0 0
292 485 0 0
0 0 0 0
294 485 0 0
0 0 0 0
296 485 0 0
0 0 0 0
298 485 0 0
0 0 0 0
300 485 0 0
0 0 0 0
300 485 0 1
0 0 0 0
300 485 0 0
0 0 0 0
300 485 0 0
0 0 0 0
300 485 0 0
0 0 0 0
300 485 0 0
0 0 0 0
300 485 0 0
0 0 0 0
300 485 0 0
0 0 0 0
300 485 0 0
0 0 0 0
300 485 0 0
0 0 0 0
300 485 0 0
0 0 0 0
300 485 0 0
0 0 0 0
302 485 0 0
0 0 0 0
304 485 0 0
0 0 0 0
306 485 0 0
0 0 0 0
308 485 0 0
0 0 0 0
310 485 0 0
0 0 0 0
312 485 0 0
0 0 0 0
314 485 0 0
0 0 0 0
316 485 0 0
0 0 0 0
318 485 0 0
0 0 0 0
318 485 0 0
0 0 0 0
318 485 0 0
0 0 0 0
318 485 0 0
0 0 0 0
318 485 0 0
0 0 0 0
318 485 0 0
0 0 0 0
318 485 0 0
0 0 0 0
318 485 0 0
0 0 0 0
318 485 0 0
0 0 0 0
318 485 0 0
0 0 0 0
318 485 0 0
0 0 0 0
318 485 0 0
0 0 0 0
318 485 0 0
0 0 0 0
318 485 0 0
0 0 0 0
320 485 0 0
0 0 0 0
322 485 0 0
0 0 0 0
324 485 0 0
0 0 0 0
326 485 0 0
0 0 0 0
328 485 0 0
0 0 0 0
330 485 0 0
0 0 0 0
330 485 0 1
0 0 0 0
330 485 0 0
0 0 0 0
330 485 0 0
0 0 0 0
330 485 0 0
0 0 0 0
330 485 0 0
0 0 0 0
330 485 0 0
0 0 0 0
330 485 0 0
0 0 0 0
330 485 0 0
0 0 0 0
330 485 0 0
0 0 0 0
330 485 0 0
0 0 0 0
330 485 0 0
0 0 0 0
330 485 0 0
0 0 0 0
330 485 0 0
0 0 0 0
330 485 0 0
0 0 0 0
330 485 0 0
0 0 0 0
330 485 0 0
0 0 0 0
330 485 0 0
0 0 0 0
332 485 0 0
0 0 0 0
334 485 0 0
0 0 0 0
336 485 0 0
0 0 0 0
338 485 0 0
0 0 0 0
340 485 0 0
0 0 0 0
342 485 0 0
0 0 0 0
344 485 0 0
0 0 0 0
346 485 0 0
0 0 0 0
348 485 0 0
0 0 0 0
348 485 0 1
0 0 0 0
348 485 0 0
0 0 0 0
348 485 0 0
0 0 0 0
348 485 0 0
0 0 0 0
348 485 0 0
0 0 0 0
348 485 0 0
0 0 0 0
348 485 0 0
0 0 0 0
348 485 0 0
0 0 0 0
348 485 0 0
0 0 0 0
348 485 0 0
0 0 0 0
348 485 0 0
0 0 0 0
348 485 0 0
0 0 0 0
348 485 0 0
0 0 0 0
348 485 0 0
0 0 0 0
348 485 0 0
0 0 0 0
348 485 0 0
0 0 0 0
348 485 0 0
0 0 0 0
348 485 0 0
0 0 0 0
348 485 0 0
0 0 0 0
348 485 0 0
0 0 0 0
348 485 0 0
0 0 0 0
348 485 0 0
0 0 0 0
348 485 0 0
0 0 0 0
348 485 0 0
0 0 0 0
348 485 0 0
0 0 0 0
348 485 0 0
0 0 0 0
348 485 0 0
0 0 0 0
348 485 0 0
0 0 0 0
348 485 0 0
0 0 0 0
348 485 0 0
0 0 0 0
348 485 0 0
0 0 0 0
348 485 0 0
0 0 0 0
348 485 0 0
0 0 0 0
348 485 0 0
0 0 0 0
348 485 0 0
0 0 0 0
348 485 0 0
0 0 0 0
348 485 0 0
0 0 0 0
348 485 0 0
0 0 0 0
348 485 0 0
0 0 0 0
348 485 0 0
0 0 0 0
348 485 0 0
0 0 0 0
348 485 0 0
0 0 0 0
348 485 0 0
0 0 0 0
348 485 0 0
0 0 0 0
348 485 0 0
0 0 0 0
348 485 0 0
0 0 0 0
348 485 0 0
0 0 0 0
348 485 0 0
0 0 0 0
348 485 0 0
0 0 0 0
348 485 0 0
0 0 0 0
348 485 0 0
0 0 0 0
348 485 0 0
0 0 0 0
348 485 0 0
0 0 0 0
348 485 0 0
0 0 0 0
348 485 0 0
0 0 0 0
348 485 0 0
0 0 0 0
348 485 0 0
0 0 0 0
348 485 0 0
0 0 0 0
348 485 0 0
0 0 0 0
348 485 0 0
0 0 0 0
348 485 0 0
0 0 0 0
348 485 0 0
0 0 0 0
348 485 0 0
0 0 0 0
348 485 0 0
0 0 0 0
348 485 0 0
0 0 0 0
348 485 0 0
0 0 0 0
348 485 0 0
0 0 0 0
348 485 0 0
0 0 0 0
348 485 0 0
0 0 0 0
348 485 0 0
0 0 0 0
348 485 0 0
0 0 0 0
348 485 0 0
0 0 0 0
348 483 0 0
0 0 0 0
348 481 0 0
0 0 0 0
348 479 0 0
0 0 0 0
348 477 0 0
0 0 0 0
348 475 0 0
0 0 0 0
348 473 0 0
0 0 0 0
348 471 0 0
0 0 0 0
348 469 0 0
0 0 0 0
348 467 0 0
0 0 0 0
348 465 0 0
0 0 0 0
348 463 0 0
0 0 0 0
348 461 0 0
0 0 0 0
348 461 0 0
0 0 0 0
348 461 0 0
0 0 0 0
348 461 0 0
0 0 0 0
348 461 0 0
0 0 0 0
348 461 0 0
0 0 0 0
348 461 0 0
0 0 0 0
348 461 0 0
0 0 0 0
348 461 0 0
0 0 0 0
348 461 0 0
0 0 0 0
348 461 0 0
0 0 0 0
348 461 0 0
0 0 0 0
348 461 0 0
0 0 0 0
348 461 0 0
0 0 0 0
348 461 0 0
0 0 0 0
348 461 0 0
0 0 0 0
348 461 0 0
0 0 0 0
348 461 0 0
0 0 0 0
348 461 0 0
0 0 0 0
348 461 0 0
0 0 0 0
348 461 0 0
0 0 0 0
348 461 0 0
0 0 0 0
348 461 0 0
0 0 0 0
348 461 0 0
0 0 0 0
348 461 0 0
0 0 0 0
348 461 0 0
0 0 0 0
348 461 0 0
0 0 0 0
348 461 0 0
0 0 0 0
348 461 0 0
0 0 0 0
348 461 0 0
0 0 0 0
348 461 0 0
0 0 0 0
348 461 0 0
0 0 0 0
348 461 0 0
0 0 0 0
348 461 0 0
0 0 0 0
348 461 0 0
0 0 0 0
348 461 0 0
0 0 0 0
348 461 0 0
0 0 0 0
348 461 0 0
0 0 0 0
348 461 0 0
0 0 0 0
348 461 0 0
0 0 0 0
348 461 0 0
0 0 0 0
348 461 0 0
0 0 0 0
348 461 0 0
0 0 0 0
348 461 0 0
0 0 0 0
348 461 0 0
0 0 0 0
348 461 0 0
0 0 0 0
348 461 0 0
0 0 0 0
348 461 0 0
0 0 0 0
348 461 0 0
0 0 0 0
348 461 0 0
0 0 0 0
348 461 0 0
0 0 0 0
348 461 0 0
0 0 0 0
348 461 0 0
0 0 0 0
348 461 0 0
0 0 0 0
348 461 0 0
0 0 0 0
348 461 0 0
0 0 0 0
348 461 0 0
0 0 0 0
348 461 0 0
0 0 0 0
348 461 0 0
0 0 0 0
348 461 0 0
0 0 0 0
348 461 0 0
0 0 0 0
348 461 0 0
0 0 0 0
348 461 0 0
0 0 0 0
348 461 0 0
0 0 0 0
348 461 0 0
0 0 0 0
348 461 0 0
0 0 0 0
348 461 0 0
0 0 0 0
348 461 0 0
0 0 0 0
348 461 0 0
0 0 0 0
348 461 0 0
0 0 0 0
350 461 0 0
0 0 0 0
352 461 0 0
0 0 0 0
354 461 0 0
0 0 0 0
356 461 0 0
0 0 0 0
358 461 0 0
0 0 0 0
360 461 0 0
0 0 0 0
362 461 0 0
0 0 0 0
364 461 0 0
0 0 0 0
366 461 0 0
0 0 0 0
368 461 0 0
0 0 0 0
370 461 0 0
0 0 0 0
372 461 0 0
0 0 0 0
374 461 0 0
0 0 0 0
376 461 0 0
0 0 0 0
378 461 0 0
0 0 0 0
380 461 0 0
0 0 0 0
382 461 0 0
0 0 0 0
384 461 0 0
0 0 0 0
386 461 0 0
0 0 0 0
388 461 0 0
0 0 0 0
390 461 0 0
0 0 0 0
392 461 0 0
0 0 0 0
394 461 0 0
0 0 0 0
396 461 0 0
0 0 0 0
398 461 0 0
0 0 0 0
400 461 0 0
0 0 0 0
400 461 0 0
0 0 0 0
400 461 0 0
0 0 0 0
400 461 0 0
0 0 0 0
400 461 0 0
0 0 0 0
400 461 0 0
0 0 0 0
400 461 0 0
0 0 0 0
400 461 0 0
0 0 0 0
400 461 0 1
0 0 0 0
400 461 0 0
0 0 0 0
400 461 0 0
0 0 0 0
400 461 0 0
0 0 0 0
400 461 0 0
0 0 0 0
400 461 0 0
0 0 0 0
400 461 0 0
0 0 0 0
400 461 0 0
0 0 0 0
400 461 0 0
0 0 0 0
400 461 0 0
0 0 0 0
400 461 0 0
0 0 0 0
400 461 0 0
0 0 0 0
400 461 0 0
0 0 0 0
400 461 0 0
0 0 0 0
400 461 0 0
0 0 0 0
400 461 0 0
0 0 0 0
400 461 0 0
0 0 0 0
400 461 0 0
0 0 0 0
400 461 0 0
0 0 0 0
400 461 0 0
0 0 0 0
400 459 0 0
0 0 0 0
400 457 0 0
0 0 0 0
400 455 0 0
0 0 0 0
400 453 0 0
0 0 0 0
400 451 0 0
0 0 0 0
400 449 0 0
0 0 0 0
400 447 0 0
0 0 0 0
400 445 0 0
0 0 0 0
400 443 0 0
0 0 0 0
400 441 0 0
0 0 0 0
400 439 0 0
0 0 0 0
400 437 0 0
0 0 0 0
400 435 0 0
0 0 0 0
400 435 0 0
0 0 0 0
400 435 0 0
0 0 0 0
400 435 0 0
0 0 0 0
400 435 0 0
0 0 0 0
400 435 0 0
0 0 0 0
400 435 0 0
0 0 0 0
400 435 0 0
0 0 0 0
400 435 0 0
0 0 0 0
400 435 0 0
0 0 0 0
400 435 0 0
0 0 0 0
400 435 0 0
0 0 0 0
400 435 0 0
0 0 0 0
400 435 0 0
0 0 0 0
400 435 0 0
0 0 0 0
400 435 0 0
0 0 0 0
400 435 0 0
0 0 0 0
400 435 0 0
0 0 0 0
400 435 0 0
0 0 0 0
400 435 0 0
0 0 0 0
400 435 0 0
0 0 0 0
400 435 0 0
0 0 0 0
400 435 0 0
0 0 0 0
400 435 0 0
0 0 0 0
400 435 0 0
0 0 0 0
400 437 0 0
0 0 0 0
400 439 0 0
0 0 0 0
400 441 0 0
0 0 0 0
400 443 0 0
0 0 0 0
400 445 0 0
0 0 0 0
400 447 0 0
0 0 0 0
400 449 0 0
0 0 0 0
400 451 0 0
0 0 0 0
400 453 0 0
0 0 0 0
400 455 0 0
0 0 0 0
400 457 0 0
0 0 0 0
400 459 0 0
0 0 0 0
400 461 0 0
0 0 0 0
400 463 0 0
0 0 0 0
400 465 0 0
0 0 0 0
400 467 0 0
0 0 0 0
400 469 0 0
0 0 0 0
400 471 0 0
0 0 0 0
400 471 0 0
0 0 0 0
400 471 0 0
0 0 0 0
400 471 0 0
0 0 0 0
400 471 0 0
0 0 0 0
400 471 0 0
0 0 0 0
400 471 0 0
0 0 0 0
400 471 0 0
0 0 0 0
400 471 0 0
0 0 0 0
400 471 0 0
0 0 0 0
400 471 0 0
0 0 0 0
400 471 0 0
0 0 0 0
400 471 0 0
0 0 0 0
400 471 0 1
0 0 0 0
400 471 0 0
0 0 0 0
400 471 0 0
0 0 0 0
400 471 0 0
0 0 0 0
400 471 0 0
0 0 0 0
400 471 0 0
0 0 0 0
400 471 0 0
0 0 0 0
400 471 0 0
0 0 0 0
400 471 0 0
0 0 0 0
400 471 0 0
0 0 0 0
400 471 0 0
0 0 0 0
400 471 0 0
0 0 0 0
400 471 0 0
0 0 0 0
400 471 0 0
0 0 0 0
400 471 0 0
0 0 0 0
400 471 0 0
0 0 0 0
400 469 0 0
0 0 0 0
400 467 0 0
0 0 0 0
400 465 0 0
0 0 0 0
400 463 0 0
0 0 0 0
400 461 0 1
0 0 0 0
400 459 0 0
0 0 0 0
400 457 0 0
0 0 0 0
400 455 0 0
0 0 0 0
400 453 0 0
0 0 0 0
400 451 0 0
0 0 0 0
400 451 0 0
0 0 0 0
400 451 0 0
0 0 0 0
400 451 0 0
0 0 0 0
400 451 0 0
0 0 0 0
400 451 0 0
0 0 0 0
400 451 0 0
0 0 0 0
400 451 0 0
0 0 0 0
400 451 0 0
0 0 0 0
400 451 0 0
0 0 0 0
400 451 0 0
0 0 0 0
400 451 0 1
0 0 0 0
400 451 0 0
0 0 0 0
400 451 0 0
0 0 0 0
400 451 0 0
0 0 0 0
400 451 0 0
0 0 0 0
400 451 0 0
0 0 0 0
400 451 0 0
0 0 0 0
400 451 0 0
0 0 0 0
400 451 0 0
0 0 0 0
400 451 0 0
0 0 0 0
400 451 0 0
0 0 0 0
400 451 0 0
0 0 0 0
400 451 0 0
0 0 0 0
400 451 0 0
0 0 0 0
400 451 0 0
0 0 0 0
400 451 0 0
0 0 0 0
400 451 0 0
0 0 0 0
400 451 0 0
0 0 0 0
400 451 0 0
0 0 0 0
400 451 0 0
0 0 0 0
400 451 0 1
0 0 0 0
400 451 0 0
0 0 0 0
400 451 0 0
0 0 0 0
400 451 0 0
0 0 0 0
400 451 0 0
0 0 0 0
400 451 0 0
0 0 0 0
400 451 0 0
0 0 0 0
400 451 0 0
0 0 0 0
400 451 0 0
0 0 0 0
400 451 0 0
0 0 0 0
400 451 0 0
0 0 0 0
400 451 0 0
0 0 0 0
400 451 0 0
0 0 0 0
400 451 0 0
0 0 0 0
400 451 0 0
0 0 0 0
400 451 0 0
0 0 0 0
400 451 0 0
0 0 0 0
400 451 0 0
0 0 0 0
400 451 0 0
0 0 0 0
400 451 0 0
0 0 0 0
400 451 0 1
0 0 0 0
400 451 0 0
0 0 0 0
400 451 0 0
0 0 0 0
400 451 0 0
0 0 0 0
400 451 0 0
0 0 0 0
400 451 0 0
0 0 0 0
400 451 0 0
0 0 0 0
400 451 0 0
0 0 0 0
400 451 0 0
0 0 0 0
400 451 0 0
0 0 0 0
400 451 0 0
0 0 0 0
400 451 0 0
0 0 0 0
400 451 0 0
0 0 0 0
400 451 0 0
0 0 0 0
400 451 0 0
0 0 0 0
400 451 0 0
0 0 0 0
400 451 0 0
0 0 0 0
400 451 0 0
0 0 0 0
400 451 0 0
0 0 0 0
400 451 0 0
0 0 0 0
400 451 0 1
0 0 0 0
400 451 0 0
0 0 0 0
400 451 0 0
0 0 0 0
400 451 0 0
0 0 0 0
400 451 0 0
0 0 0 0
400 451 0 0
0 0 0 0
400 451 0 0
0 0 0 0
400 451 0 0
0 0 0 0
400 451 0 0
0 0 0 0
400 451 0 0
0 0 0 0
400 451 0 0
0 0 0 0
400 451 0 0
0 0 0 0
400 451 0 0
0 0 0 0
400 451 0 0
0 0 0 0
400 451 0 0
0 0 0 0
400 451 0 0
0 0 0 0
400 451 0 0
0 0 0 0
400 451 0 0
0 0 0 0
400 451 0 0
0 0 0 0
400 451 0 0
0 0 0 0
400 451 0 0
0 0 0 0
400 451 0 0
0 0 0 0
400 451 0 0
0 0 0 0
400 451 0 0
0 0 0 0
400 451 0 0
0 0 0 0
400 451 0 0
0 0 0 0
400 451 0 0
0 0 0 0
400 451 0 0
0 0 0 0
400 451 0 0
0 0 0 0
400 451 0 0
0 0 0 0
400 451 0 0
0 0 0 0
400 451 0 0
0 0 0 0
400 451 0 0
0 0 0 0
400 451 0 0
0 0 0 0
400 451 0 0
0 0 0 0
400 451 0 0
0 0 0 0
400 451 0 0
0 0 0 0
400 451 0 0
0 0 0 0
400 451 0 0
0 0 0 0
400 451 0 0
0 0 0 0
400 451 0 0
0 0 0 0
400 451 0 0
0 0 0 0
400 451 0 0
0 0 0 0
400 451 0 0
0 0 0 0
400 451 0 0
0 0 0 0
400 451 0 0
0 0 0 0
400 451 0 0
0 0 0 0
400 451 0 0
0 0 0 0
400 451 0 0
0 0 0 0
400 451 0 0
0 0 0 0
400 451 0 0
0 0 0 0
400 451 0 0
0 0 0 0
400 451 0 1
0 0 0 0
400 451 0 0
0 0 0 0
400 451 0 0
0 0 0 0
400 451 0 0
0 0 0 0
400 451 0 0
0 0 0 0
400 451 0 0
0 0 0 0
400 451 0 0
0 0 0 0
400 451 0 0
0 0 0 0
400 451 0 0
0 0 0 0
400 451 0 0
0 0 0 0
400 451 0 0
0 0 0 0
400 451 0 0
0 0 0 0
400 451 0 0
0 0 0 0
400 451 0 0
0 0 0 0
400 451 0 0
0 0 0 0
400 451 0 0
0 0 0 0
400 451 0 0
0 0 0 0
400 451 0 0
0 0 0 0
400 451 0 0
0 0 0 0
400 451 0 1
0 0 0 0
400 451 0 0
0 0 0 0
400 451 0 0
0 0 0 0
400 451 0 0
0 0 0 0
400 451 0 0
0 0 0 0
400 451 0 0
0 0 0 0
400 451 0 0
0 0 0 0
400 451 0 0
0 0 0 0
400 451 0 0
0 0 0 0
400 451 0 0
0 0 0 0
400 451 0 0
0 0 0 0
400 451 0 0
0 0 0 0
400 451 0 0
0 0 0 0
400 451 0 0
0 0 0 0
400 451 0 0
0 0 0 0
400 451 0 0
0 0 0 0
400 451 0 0
0 0 0 0
400 451 0 0
0 0 0 0
400 451 0 0
0 0 0 0
400 451 0 0
0 0 0 0
400 451 0 0
0 0 0 0
400 451 0 0
0 0 0 0
400 451 0 0
0 0 0 0
400 451 0 0
0 0 0 0
400 451 0 0
0 0 0 0
400 449 0 0
0 0 0 0
400 447 0 0
0 0 0 0
400 445 0 0
0 0 0 0
400 443 0 0
0 0 0 0
400 441 0 0
0 0 0 0
400 439 0 0
0 0 0 0
400 437 0 0
0 0 0 0
400 435 0 0
0 0 0 0
400 433 0 0
0 0 0 0
400 431 0 0
0 0 0 0
400 429 0 0
0 0 0 0
400 427 0 0
0 0 0 0
398 425 0 0
0 0 0 0
396 423 0 0
0 0 0 0
394 421 0 0
0 0 0 0
392 419 0 0
0 0 0 0
390 417 0 0
0 0 0 0
388 415 0 0
0 0 0 0
386 413 0 0
0 0 0 0
384 413 0 0
0 0 0 0
382 413 0 0
0 0 0 0
380 413 0 0
0 0 0 0
378 413 0 0
0 0 0 0
376 413 0 0
0 0 0 0
374 413 0 0
0 0 0 0
372 413 0 0
0 0 0 0
370 413 0 0
0 0 0 0
368 413 0 0
0 0 0 0
366 413 0 0
0 0 0 0
364 413 0 0
0 0 0 0
362 413 0 0
0 0 0 0
360 413 0 0
0 0 0 0
358 413 0 0
0 0 0 0
356 413 0 0
0 0 0 0
354 413 0 0
0 0 0 0
352 413 0 0
0 0 0 0
350 413 0 0
0 0 0 0
348 413 0 0
0 0 0 0
346 413 0 0
0 0 0 0
344 413 0 0
0 0 0 0
342 413 0 0
0 0 0 0
340 413 0 0
0 0 0 0
338 413 0 0
0 0 0 0
336 413 0 0
0 0 0 0
334 413 0 0
0 0 0 0
332 413 0 0
0 0 0 0
332 413 0 0
0 0 0 0
332 413 0 0
0 0 0 0
332 413 0 0
0 0 0 0
332 413 0 0
0 0 0 0
332 413 0 0
0 0 0 0
332 413 0 0
0 0 0 0
332 413 0 0
0 0 0 0
332 415 0 0
0 0 0 0
332 417 0 0
0 0 0 0
332 419 0 0
0 0 0 0
332 421 0 0
0 0 0 0
332 423 0 0
0 0 0 0
332 425 0 0
0 0 0 0
334 427 0 0
0 0 0 0
336 429 0 0
0 0 0 0
338 431 0 0
0 0 0 0
340 433 0 0
0 0 0 0
342 435 0 0
0 0 0 0
344 437 0 0
0 0 0 0
346 439 0 0
0 0 0 0
348 441 0 0
0 0 0 0
350 443 0 0
0 0 0 0
350 445 0 1
0 0 0 0
350 447 0 0
0 0 0 0
350 449 0 0
0 0 0 0
350 451 0 0
0 0 0 0
350 451 0 0
0 0 0 0
350 451 0 0
0 0 0 0
350 451 0 0
0 0 0 0
350 451 0 0
0 0 0 0
350 451 0 0
0 0 0 0
350 451 0 0
0 0 0 0
352 451 0 0
0 0 0 0
354 451 0 0
0 0 0 0
356 451 0 0
0 0 0 0
358 451 0 0
0 0 0 0
360 451 0 0
0 0 0 0
362 451 0 0
0 0 0 0
364 451 0 0
0 0 0 0
366 451 0 0
0 0 0 0
368 451 0 0
0 0 0 0
368 451 0 1
0 0 0 0
368 451 0 0
0 0 0 0
368 451 0 0
0 0 0 0
368 451 0 0
0 0 0 0
368 451 0 0
0 0 0 0
368 451 0 0
0 0 0 0
368 451 0 0
0 0 0 0
368 451 0 0
0 0 0 0
368 451 0 0
0 0 0 0
370 451 0 0
0 0 0 0
372 451 0 0
0 0 0 0
374 451 0 0
0 0 0 0
376 451 0 0
0 0 0 0
378 451 0 0
0 0 0 0
380 451 0 0
0 0 0 0
382 451 0 0
0 0 0 0
382 451 0 1
0 0 0 0
382 451 0 0
0 0 0 0
382 451 0 0
0 0 0 0
382 451 0 0
0 0 0 0
382 451 0 0
0 0 0 0
382 451 0 0
0 0 0 0
382 451 0 0
0 0 0 0
382 451 0 0
0 0 0 0
382 451 0 0
0 0 0 0
384 451 0 0
0 0 0 0
386 451 0 0
0 0 0 0
388 451 0 0
0 0 0 0
390 451 0 0
0 0 0 0
392 451 0 0
0 0 0 0
394 451 0 0
0 0 0 0
396 451 0 0
0 0 0 0
398 451 0 0
0 0 0 0
400 451 0 0
0 0 0 0
400 451 0 1
0 0 0 0
400 451 0 0
0 0 0 0
400 451 0 0
0 0 0 0
400 451 0 0
0 0 0 0
400 451 0 0
0 0 0 0
400 451 0 0
0 0 0 0
400 451 0 0
0 0 0 0
400 451 0 0
0 0 0 0
400 451 0 0
0 0 0 0
400 451 0 0
0 0 0 0
400 451 0 0
0 0 0 0
400 451 0 0
0 0 0 0
400 451 0 0
0 0 0 0
400 451 0 0
0 0 0 0
400 451 0 0
0 0 0 0
400 451 0 0
0 0 0 0
400 451 0 1
0 0 0 0
400 451 0 0
0 0 0 0
400 451 0 0
0 0 0 0
400 451 0 0
0 0 0 0
400 451 0 0
0 0 0 0
400 451 0 0
0 0 0 0
400 451 0 0
0 0 0 0
400 451 0 0
0 0 0 0
400 451 0 0
0 0 0 0
400 451 0 0
0 0 0 0
400 451 0 0
0 0 0 0
400 451 0 0
0 0 0 0
400 451 0 0
0 0 0 0
400 451 0 0
0 0 0 0
400 451 0 0
0 0 0 0
400 451 0 0
0 0 0 0
400 451 0 0
0 0 0 0
400 451 0 0
0 0 0 0
400 451 0 1
0 0 0 0
400 451 0 0
0 0 0 0
400 451 0 0
0 0 0 0
400 451 0 0
0 0 0 0
400 451 0 0
0 0 0 0
400 451 0 0
0 0 0 0
400 451 0 0
0 0 0 0
400 451 0 0
0 0 0 0
400 451 0 0
0 0 0 0
400 451 0 0
0 0 0 0
400 451 0 0
0 0 0 0
400 451 0 0
0 0 0 0
400 451 0 0
0 0 0 0
400 451 0 0
0 0 0 0
400 451 0 0
0 0 0 0
400 451 0 0
0 0 0 0
400 451 0 0
0 0 0 0
400 451 0 0
0 0 0 0
400 451 0 0
0 0 0 0
400 451 0 0
0 0 0 0
400 451 0 0
0 0 0 0
400 451 0 1
0 0 0 0
400 451 0 0
0 0 0 0
400 451 0 0
0 0 0 0
400 451 0 0
0 0 0 0
400 451 0 0
0 0 0 0
400 451 0 0
0 0 0 0
400 451 0 0
0 0 0 0
400 451 0 0
0 0 0 0
400 451 0 0
0 0 0 0
400 451 0 0
0 0 0 0
400 451 0 0
0 0 0 0
400 451 0 0
0 0 0 0
400 451 0 0
0 0 0 0
400 451 0 0
0 0 0 0
400 451 0 0
0 0 0 0
400 451 0 0
0 0 0 0
400 451 0 0
0 0 0 0
400 451 0 0
0 0 0 0
400 451 0 0
0 0 0 0
400 451 0 0
0 0 0 0
400 451 0 0
0 0 0 0
400 451 0 0
0 0 0 0
400 451 0 0
0 0 0 0
400 451 0 0
0 0 0 0
400 451 0 0
0 0 0 0
400 451 0 0
0 0 0 0
400 451 0 0
0 0 0 0
400 451 0 0
0 0 0 0
400 451 0 0
0 0 0 0
400 451 0 0
0 0 0 0
400 451 0 0
0 0 0 0
400 451 0 0
0 0 0 0
400 451 0 0
0 0 0 0
400 451 0 0
0 0 0 0
400 451 0 0
0 0 0 0
400 451 0 0
0 0 0 0
400 449 0 0
0 0 0 0
400 447 0 0
0 0 0 0
400 445 0 0
0 0 0 0
400 443 0 0
0 0 0 0
400 441 0 0
0 0 0 0
400 439 0 0
0 0 0 0
400 437 0 0
0 0 0 0
400 435 0 0
0 0 0 0
400 433 0 0
0 0 0 0
400 431 0 0
0 0 0 0
400 429 0 0
0 0 0 0
400 427 0 0
0 0 0 0
400 425 0 0
0 0 0 0
400 423 0 0
0 0 0 0
400 421 0 0
0 0 0 0
400 419 0 0
0 0 0 0
400 417 0 0
0 0 0 0
400 415 0 0
0 0 0 0
400 413 0 0
0 0 0 0
400 411 0 0
0 0 0 0
400 409 0 0
0 0 0 0
400 407 0 0
0 0 0 0
400 405 0 0
0 0 0 0
400 403 0 0
0 0 0 0
400 401 0 0
0 0 0 0
400 399 0 0
0 0 0 0
400 397 0 0
0 0 0 0
400 395 0 0
0 0 0 0
400 393 0 0
0 0 0 0
400 391 0 0
0 0 0 0
400 389 0 0
0 0 0 0
400 387 0 0
0 0 0 0
400 387 0 0
0 0 0 0
400 387 0 0
0 0 0 0
400 387 0 0
0 0 0 0
400 387 0 0
0 0 0 0
400 387 0 0
0 0 0 0
400 387 0 0
0 0 0 0
400 387 0 0
0 0 0 0
400 387 0 0
0 0 0 0
400 387 0 0
0 0 0 0
400 387 0 0
0 0 0 0
400 387 0 0
0 0 0 0
400 387 0 0
0 0 0 0
400 387 0 0
0 0 0 0
400 387 0 0
0 0 0 0
400 387 0 0
0 0 0 0
400 387 0 0
0 0 0 0
400 387 0 0
0 0 0 0
400 387 0 0
0 0 0 0
400 387 0 0
0 0 0 0
400 387 0 0
0 0 0 0
400 387 0 0
0 0 0 0
400 387 0 0
0 0 0 0
400 387 0 0
0 0 0 0
400 387 0 0
0 0 0 0
400 387 0 0
0 0 0 0
400 387 0 0
0 0 0 0
400 387 0 0
0 0 0 0
400 389 0 0
0 0 0 0
400 391 0 0
0 0 0 0
400 393 0 0
0 0 0 0
400 395 0 0
0 0 0 0
400 397 0 0
0 0 0 0
400 399 0 0
0 0 0 0
400 401 0 0
0 0 0 0
400 403 0 0
0 0 0 0
400 405 0 0
0 0 0 0
400 407 0 0
0 0 0 0
400 409 0 0
0 0 0 0
400 411 0 0
0 0 0 0
400 413 0 0
0 0 0 0
400 415 0 0
0 0 0 0
400 417 0 0
0 0 0 0
400 419 0 0
0 0 0 0
400 421 0 0
0 0 0 0
400 421 0 0
0 0 0 0
400 421 0 0
0 0 0 0
400 421 0 0
0 0 0 0
400 421 0 0
0 0 0 0
400 421 0 1
0 0 0 0
400 421 0 0
0 0 0 0
400 421 0 0
0 0 0 0
400 421 0 0
0 0 0 0
400 421 0 0
0 0 0 0
400 421 0 0
0 0 0 0
400 421 0 0
0 0 0 0
400 421 0 0
0 0 0 0
400 421 0 0
0 0 0 0
400 421 0 0
0 0 0 0
400 421 0 0
0 0 0 0
400 421 0 0
0 0 0 0
400 421 0 0
0 0 0 0
400 421 0 0
0 0 0 0
400 421 0 0
0 0 0 0
400 421 0 0
0 0 0 0
400 421 0 1
0 0 0 0
400 421 0 0
0 0 0 0
400 421 0 0
0 0 0 0
400 421 0 0
0 0 0 0
400 421 0 0
0 0 0 0
400 421 0 0
0 0 0 0
400 421 0 0
0 0 0 0
400 419 0 0
0 0 0 0
400 417 0 0
0 0 0 0
400 415 0 0
0 0 0 0
400 413 0 0
0 0 0 0
400 411 0 0
0 0 0 0
400 409 0 0
0 0 0 0
400 407 0 0
0 0 0 0
400 405 0 0
0 0 0 0
400 403 0 0
0 0 0 0
400 401 0 0
0 0 0 0
400 399 0 0
0 0 0 0
400 397 0 0
0 0 0 0
400 395 0 0
0 0 0 0
400 393 0 0
0 0 0 0
400 391 0 0
0 0 0 0
400 389 0 0
0 0 0 0
400 387 0 0
0 0 0 0
400 385 0 0
0 0 0 0
400 383 0 0
0 0 0 0
400 381 0 0
0 0 0 0
400 379 0 0
0 0 0 0
400 377 0 0
0 0 0 0
400 375 0 0
0 0 0 0
400 373 0 0
0 0 0 0
400 371 0 0
0 0 0 0
400 369 0 0
0 0 0 0
400 367 0 0
0 0 0 0
400 367 0 0
0 0 0 0
400 367 0 0
0 0 0 0
400 367 0 0
0 0 0 0
400 367 0 0
0 0 0 0
400 367 0 0
0 0 0 0
400 367 0 0
0 0 0 0
400 367 0 0
0 0 0 0
400 367 0 0
0 0 0 0
400 367 0 0
0 0 0 0
400 367 0 0
0 0 0 0
400 367 1 0
0 0 0 0
400 367 0 0
0 0 0 0
400 367 0 0
0 0 0 0
400 367 0 0
0 0 0 0
400 367 0 0
0 0 0 0
400 367 0 0
0 0 0 0
400 367 0 0
0 0 0 0
400 367 0 0
0 0 0 0
400 367 0 0
0 0 0 0
400 367 0 0
0 0 0 0
400 367 0 0
0 0 0 0
400 367 0 0
0 0 0 0
400 367 0 0
0 0 0 0
400 367 0 0
0 0 0 0
400 367 0 0
0 0 0 0
400 367 0 0
0 0 0 0
400 367 0 0
0 0 0 0
400 367 0 0
0 0 0 0
400 367 0 0
0 0 0 0
400 367 0 0
0 0 0 0
400 367 0 0
0 0 0 0
400 367 0 0
0 0 0 0
400 367 0 0
0 0 0 0
400 367 0 0
0 0 0 0
400 367 0 0
0 0 0 0
400 367 0 0
0 0 0 0
400 367 0 0
0 0 0 0
400 367 0 0
0 0 0 0
400 367 0 0
0 0 0 0
400 367 0 0
0 0 0 0
400 367 0 0
0 0 0 0
400 367 0 0
0 0 0 0
400 367 0 0
0 0 0 0
400 367 0 0
0 0 0 0
400 367 0 0
0 0 0 0
400 367 0 0
0 0 0 0
400 367 0 0
0 0 0 0
400 367 0 0
0 0 0 0
400 367 0 0
0 0 0 0
400 367 0 0
0 0 0 0
400 367 0 0
0 0 0 0
400 367 0 0
0 0 0 0
400 367 0 0
0 0 0 0
400 367 0 0
0 0 0 0
400 367 0 0
0 0 0 0
400 367 0 0
0 0 0 0
400 367 0 0
0 0 0 0
400 367 0 0
0 0 0 0
400 367 0 0
0 0 0 0
400 367 0 0
0 0 0 0
400 367 0 0
0 0 0 0
400 367 0 0
0 0 0 0
400 367 0 0
0 0 0 0
400 367 0 0
0 0 0 0
400 367 0 0
0 0 0 0
400 367 0 0
0 0 0 0
400 367 0 0
0 0 0 0
400 369 0 0
0 0 0 0
400 371 0 0
0 0 0 0
400 373 0 0
0 0 0 0
400 375 0 0
0 0 0 0
400 377 0 0
0 0 0 0
400 379 0 0
0 0 0 0
400 381 0 0
0 0 0 0
400 383 0 0
0 0 0 0
400 385 0 0
0 0 0 0
400 387 0 0
0 0 0 0
400 389 0 0
0 0 0 0
400 391 0 0
0 0 0 0
400 393 0 0
0 0 0 0
400 395 0 0
0 0 0 0
400 397 0 0
0 0 0 0
400 399 0 0
0 0 0 0
400 401 0 0
0 0 0 0
400 403 0 0
0 0 0 0
400 405 0 0
0 0 0 0
400 407 0 0
0 0 0 0
400 409 0 0
0 0 0 0
400 411 0 0
0 0 0 0
400 413 0 0
0 0 0 0
400 415 0 0
0 0 0 0
400 417 0 0
0 0 0 0
400 419 0 0
0 0 0 0
400 421 0 0
0 0 0 0
400 423 0 1
0 0 0 0
400 425 0 0
0 0 0 0
400 427 0 0
0 0 0 0
400 429 0 0
0 0 0 0
400 431 0 0
0 0 0 0
400 433 0 0
0 0 0 0
400 435 0 0
0 0 0 0
400 437 0 0
0 0 0 0
400 439 0 0
0 0 0 0
400 441 0 0
0 0 0 0
400 443 0 0
0 0 0 0
400 445 0 0
0 0 0 0
400 445 0 0
0 0 0 0
400 445 0 0
0 0 0 0
400 445 0 0
0 0 0 0
400 445 0 0
0 0 0 0
400 445 0 1
0 0 0 0
400 445 0 0
0 0 0 0
400 445 0 0
0 0 0 0
400 445 0 0
0 0 0 0
400 445 0 0
0 0 0 0
400 445 0 0
0 0 0 0
400 445 0 0
0 0 0 0
400 445 0 0
0 0 0 0
400 445 0 0
0 0 0 0
400 445 0 0
0 0 0 0
400 445 0 0
0 0 0 0
400 445 0 0
0 0 0 0
400 445 0 0
0 0 0 0
400 445 0 0
0 0 0 0
400 445 0 0
0 0 0 0
400 445 0 0
0 0 0 0
400 445 0 1
0 0 0 0
400 445 0 0
0 0 0 0
400 445 0 0
0 0 0 0
400 445 0 0
0 0 0 0
400 445 0 0
0 0 0 0
400 445 0 0
0 0 0 0
400 445 0 0
0 0 0 0
400 445 0 0
0 0 0 0
400 445 0 0
0 0 0 0
400 445 0 0
0 0 0 0
400 445 0 0
0 0 0 0
400 445 0 0
0 0 0 0
400 445 0 0
0 0 0 0
400 445 0 0
0 0 0 0
400 445 0 0
0 0 0 0
400 445 0 0
0 0 0 0
400 445 0 0
0 0 0 0
400 445 0 0
0 0 0 0
400 445 0 1
0 0 0 0
400 445 0 0
0 0 0 0
400 445 0 0
0 0 0 0
400 445 0 0
0 0 0 0
400 445 0 0
0 0 0 0
400 445 0 0
0 0 0 0
400 443 0 0
0 0 0 0
400 441 0 0
0 0 0 0
400 439 0 0
0 0 0 0
400 437 0 0
0 0 0 0
400 435 0 0
0 0 0 0
400 433 0 0
0 0 0 0
400 431 0 0
0 0 0 0
400 429 0 0
0 0 0 0
400 427 0 0
0 0 0 0
400 425 0 0
0 0 0 0
400 423 0 0
0 0 0 0
400 421 0 0
0 0 0 0
400 419 0 0
0 0 0 0
400 417 0 0
0 0 0 0
400 415 0 0
0 0 0 0
400 413 0 0
0 0 0 0
400 411 0 0
0 0 0 0
400 409 0 0
0 0 0 0
400 407 0 0
0 0 0 0
400 405 0 0
0 0 0 0
400 405 0 0
0 0 0 0
400 405 0 0
0 0 0 0
400 405 0 0
0 0 0 0
400 405 0 0
0 0 0 0
400 405 0 0
0 0 0 0
400 405 0 0
0 0 0 0
400 405 0 0
0 0 0 0
400 405 0 0
0 0 0 0
400 405 0 0
0 0 0 0
400 405 0 0
0 0 0 0
400 405 0 0
0 0 0 0
400 405 0 0
0 0 0 0
400 405 0 0
0 0 0 0
400 405 0 0
0 0 0 0
400 405 0 0
0 0 0 0
400 405 0 0
0 0 0 0
400 405 0 0
0 0 0 0
400 405 0 0
0 0 0 0
400 405 0 0
0 0 0 0
400 405 0 0
0 0 0 0
400 405 0 0
0 0 0 0
400 405 0 0
0 0 0 0
400 405 0 0
0 0 0 0
400 405 0 0
0 0 0 0
400 405 0 0
0 0 0 0
400 405 0 0
0 0 0 0
400 405 0 0
0 0 0 0
400 405 0 0
0 0 0 0
400 405 0 0
0 0 0 0
400 405 0 0
0 0 0 0
400 405 0 0
0 0 0 0
400 405 0 0
0 0 0 0
400 405 0 0
0 0 0 0
400 405 0 0
0 0 0 0
400 405 0 0
0 0 0 0
400 405 0 0
0 0 0 0
400 405 0 0
0 0 0 0
400 405 0 0
0 0 0 0
400 405 0 0
0 0 0 0
400 405 0 0
0 0 0 0
400 405 0 0
0 0 0 0
400 405 0 0
0 0 0 0
400 405 0 0
0 0 0 0
400 405 0 1
0 0 0 0
400 405 0 0
0 0 0 0
400 405 0 0
0 0 0 0
400 405 0 0
0 0 0 0
400 405 0 0
0 0 0 0
400 405 0 0
0 0 0 0
400 405 0 0
0 0 0 0
400 405 0 0
0 0 0 0
400 405 0 0
0 0 0 0
400 405 0 0
0 0 0 0
400 405 0 0
0 0 0 0
400 405 0 0
0 0 0 0
400 405 0 0
0 0 0 0
400 405 0 0
0 0 0 0
400 405 0 0
0 0 0 0
400 405 0 0
0 0 0 0
400 405 0 1
0 0 0 0
400 405 0 0
0 0 0 0
400 405 0 0
0 0 0 0
400 405 0 0
0 0 0 0
400 405 0 0
0 0 0 0
400 405 0 0
0 0 0 0
400 405 0 0
0 0 0 0
400 405 0 0
0 0 0 0
400 405 0 0
0 0 0 0
400 405 0 0
0 0 0 0
400 405 0 0
0 0 0 0
400 405 0 0
0 0 0 0
400 405 0 0
0 0 0 0
400 405 0 0
0 0 0 0
400 405 0 0
0 0 0 0
400 405 0 0
0 0 0 0
400 405 0 0
0 0 0 0
400 405 0 1
0 0 0 0
400 405 0 0
0 0 0 0
400 405 0 0
0 0 0 0
400 405 0 0
0 0 0 0
400 405 0 0
0 0 0 0
400 405 0 0
0 0 0 0
400 405 0 0
0 0 0 0
400 405 0 0
0 0 0 0
400 405 0 0
0 0 0 0
400 405 0 0
0 0 0 0
400 405 0 0
0 0 0 0
400 405 0 0
0 0 0 0
400 405 0 0
0 0 0 0
400 407 0 0
0 0 0 0
400 409 0 0
0 0 0 0
400 411 0 0
0 0 0 0
400 413 0 0
0 0 0 0
400 415 0 0
0 0 0 0
400 417 0 1
0 0 0 0
400 419 0 0
0 0 0 0
400 421 0 0
0 0 0 0
400 423 0 0
0 0 0 0
400 425 0 0
0 0 0 0
400 427 0 0
0 0 0 0
400 429 0 0
0 0 0 0
400 431 0 0
0 0 0 0
400 433 0 0
0 0 0 0
400 435 0 0
0 0 0 0
400 437 0 0
0 0 0 0
400 439 0 0
0 0 0 0
400 441 0 0
0 0 0 0
400 443 0 0
0 0 0 0
400 445 0 0
0 0 0 0
400 447 0 0
0 0 0 0
400 449 0 0
0 0 0 0
400 451 0 1
0 0 0 0
400 453 0 0
0 0 0 0
400 455 0 0
0 0 0 0
400 455 0 0
0 0 0 0
400 455 0 0
0 0 0 0
400 455 0 0
0 0 0 0
400 455 0 0
0 0 0 0
400 455 0 0
0 0 0 0
400 455 0 0
0 0 0 0
400 455 0 0
0 0 0 0
400 455 0 0
0 0 0 0
400 455 0 0
0 0 0 0
400 455 0 0
0 0 0 0
400 455 0 0
0 0 0 0
400 455 0 0
0 0 0 0
400 455 0 0
0 0 0 0
400 455 0 0
0 0 0 0
400 455 0 0
0 0 0 0
400 455 0 0
0 0 0 0
400 455 0 0
0 0 0 0
400 455 0 0
0 0 0 0
400 455 0 0
0 0 0 0
400 455 0 0
0 0 0 0
400 455 0 0
0 0 0 0
400 455 0 0
0 0 0 0
400 455 0 0
0 0 0 0
400 455 0 0
0 0 0 0
400 455 0 0
0 0 0 0
400 455 0 0
0 0 0 0
400 455 0 0
0 0 0 0
400 455 0 0
0 0 0 0
400 455 0 0
0 0 0 0
400 455 0 0
0 0 0 0
400 455 0 0
0 0 0 0
400 455 0 0
0 0 0 0
400 455 0 0
0 0 0 0
400 455 0 0
0 0 0 0
400 455 0 0
0 0 0 0
400 455 0 0
0 0 0 0
400 455 0 0
0 0 0 0
400 455 0 0
0 0 0 0
400 455 0 0
0 0 0 0
400 455 0 0
0 0 0 0
400 455 0 0
0 0 0 0
400 455 0 0
0 0 0 0
400 455 0 0
0 0 0 0
400 455 0 0
0 0 0 0
400 455 0 0
0 0 0 0
400 455 0 0
0 0 0 0
400 455 0 0
0 0 0 0
400 455 0 0
0 0 0 0
400 455 0 0
0 0 0 0
400 455 0 0
0 0 0 0
400 455 0 0
0 0 0 0
400 455 0 0
0 0 0 0
398 455 0 0
0 0 0 0
396 455 0 0
0 0 0 0
394 455 0 0
0 0 0 0
392 455 0 0
0 0 0 0
390 455 0 0
0 0 0 0
388 455 0 0
0 0 0 0
386 455 0 0
0 0 0 0
384 455 0 0
0 0 0 0
382 455 0 0
0 0 0 0
380 455 0 0
0 0 0 0
378 455 0 0
0 0 0 0
376 455 0 0
0 0 0 0
374 455 0 0
0 0 0 0
372 455 0 0
0 0 0 0
370 455 0 0
0 0 0 0
368 455 0 0
0 0 0 0
366 455 0 0
0 0 0 0
364 455 0 0
0 0 0 0
362 455 0 0
0 0 0 0
360 455 0 0
0 0 0 0
358 455 0 0
0 0 0 0
356 455 0 0
0 0 0 0
354 455 0 0
0 0 0 0
352 455 0 0
0 0 0 0
350 455 0 0
0 0 0 0
348 455 0 0
0 0 0 0
346 455 0 0
0 0 0 0
344 455 0 0
0 0 0 0
342 455 0 0
0 0 0 0
340 455 0 0
0 0 0 0
338 455 0 0
0 0 0 0
336 455 0 0
0 0 0 0
334 455 0 0
0 0 0 0
332 455 0 0
0 0 0 0
330 455 0 0
0 0 0 0
328 455 0 0
0 0 0 0
326 455 0 0
0 0 0 0
324 455 0 0
0 0 0 0
322 455 0 0
0 0 0 0
320 455 0 0
0 0 0 0
318 455 0 0
0 0 0 0
316 455 0 0
0 0 0 0
314 455 0 0
0 0 0 0
312 455 0 0
0 0 0 0
310 455 0 0
0 0 0 0
308 455 0 0
0 0 0 0
306 455 0 0
0 0 0 0
304 455 0 0
0 0 0 0
302 455 0 0
0 0 0 0
300 455 0 0
0 0 0 0
298 455 0 0
0 0 0 0
296 455 0 0
0 0 0 0
294 455 0 0
0 0 0 0
292 455 0 0
0 0 0 0
290 455 0 0
0 0 0 0
288 455 0 0
0 0 0 0
286 455 0 0
0 0 0 0
284 455 0 0
0 0 0 0
282 455 0 0
0 0 0 0
280 455 0 0
0 0 0 0
278 455 0 0
0 0 0 0
276 455 0 0
0 0 0 0
274 455 0 0
0 0 0 0
272 455 0 0
0 0 0 0
270 455 0 0
0 0 0 0
268 455 0 0
0 0 0 0
266 455 0 0
0 0 0 0
264 455 0 0
0 0 0 0
262 455 0 0
0 0 0 0
260 455 0 0
0 0 0 0
260 455 0 0
0 0 0 0
260 455 0 0
0 0 0 0
260 455 0 0
0 0 0 0
260 455 0 0
0 0 0 0
260 455 0 0
0 0 0 0
260 455 0 0
0 0 0 0
260 455 0 0
0 0 0 0
260 455 0 0
0 0 0 0
260 455 0 0
0 0 0 0
260 455 0 0
0 0 0 0
260 455 0 0
0 0 0 0
260 455 0 0
0 0 0 0
260 455 0 0
0 0 0 0
260 455 0 0
0 0 0 0
260 455 0 0
0 0 0 0
260 455 0 0
0 0 0 0
260 455 0 0
0 0 0 0
260 455 0 0
0 0 0 0
260 455 0 0
0 0 0 0
260 455 0 0
0 0 0 0
260 455 0 0
0 0 0 0
260 455 0 0
0 0 0 0
260 455 0 0
0 0 0 0
260 455 0 0
0 0 0 0
262 455 0 0
0 0 0 0
264 455 0 0
0 0 0 0
266 455 0 0
0 0 0 0
268 455 0 0
0 0 0 0
270 455 0 0
0 0 0 0
272 455 0 0
0 0 0 0
274 455 0 0
0 0 0 0
276 455 0 0
0 0 0 0
278 455 0 0
0 0 0 0
280 455 0 0
0 0 0 0
282 455 0 0
0 0 0 0
284 455 0 0
0 0 0 0
286 455 0 0
0 0 0 0
288 455 0 0
0 0 0 0
288 455 0 1
0 0 0 0
288 455 0 0
0 0 0 0
288 455 0 0
0 0 0 0
288 455 0 0
0 0 0 0
288 455 0 0
0 0 0 0
288 455 0 0
0 0 0 0
288 455 0 0
0 0 0 0
288 455 0 0
0 0 0 0
288 455 0 0
0 0 0 0
288 455 0 0
0 0 0 0
288 455 0 0
0 0 0 0
288 455 0 0
0 0 0 0
288 455 0 0
0 0 0 0
288 455 0 0
0 0 0 0
288 455 0 0
0 0 0 0
288 455 0 0
0 0 0 0
290 455 0 0
0 0 0 0
292 455 0 0
0 0 0 0
294 455 0 0
0 0 0 0
296 455 0 0
0 0 0 0
298 455 0 0
0 0 0 0
300 455 0 0
0 0 0 0
302 455 0 0
0 0 0 0
302 455 0 1
0 0 0 0
302 455 0 0
0 0 0 0
302 455 0 0
0 0 0 0
302 455 0 0
0 0 0 0
302 455 0 0
0 0 0 0
302 455 0 0
0 0 0 0
302 455 0 0
0 0 0 0
302 455 0 0
0 0 0 0
302 455 0 0
0 0 0 0
302 455 0 0
0 0 0 0
302 455 0 0
0 0 0 0
302 455 0 0
0 0 0 0
302 455 0 0
0 0 0 0
302 455 0 0
0 0 0 0
302 455 0 0
0 0 0 0
302 457 0 0
0 0 0 0
302 459 0 0
0 0 0 0
302 461 0 0
0 0 0 0
302 463 0 0
0 0 0 0
302 465 0 0
0 0 0 0
302 467 0 0
0 0 0 0
302 469 0 0
0 0 0 0
302 471 0 0
0 0 0 0
304 473 0 0
0 0 0 0
306 475 0 0
0 0 0 0
308 477 0 0
0 0 0 0
310 479 0 0
0 0 0 0
312 479 0 0
0 0 0 0
314 479 0 0
0 0 0 0
316 479 0 0
0 0 0 0
318 479 0 0
0 0 0 0
318 479 0 1
0 0 0 0
318 479 0 0
0 0 0 0
318 479 0 0
0 0 0 0
318 479 0 0
0 0 0 0
318 479 0 0
0 0 0 0
318 479 0 0
0 0 0 0
318 479 0 0
0 0 0 0
318 479 0 0
0 0 0 0
320 479 0 0
0 0 0 0
322 479 0 0
0 0 0 0
324 479 0 0
0 0 0 0
326 479 0 0
0 0 0 0
328 479 0 0
0 0 0 0
330 479 0 0
0 0 0 0
332 479 0 0
0 0 0 0
334 479 0 0
0 0 0 0
336 479 0 0
0 0 0 0
338 479 0 0
0 0 0 0
340 479 0 0
0 0 0 0
342 479 0 0
0 0 0 0
344 479 0 0
0 0 0 0
346 479 0 0
0 0 0 0
348 479 0 0
0 0 0 0
350 479 0 0
0 0 0 0
352 479 0 0
0 0 0 0
354 479 0 0
0 0 0 0
356 479 0 0
0 0 0 0
356 479 0 1
0 0 0 0
356 479 0 0
0 0 0 0
356 479 0 0
0 0 0 0
356 479 0 0
0 0 0 0
356 481 0 0
0 0 0 0
356 483 0 0
0 0 0 0
356 485 0 0
0 0 0 0
356 487 0 0
0 0 0 0
356 489 0 0
0 0 0 0
356 491 0 0
0 0 0 0
358 493 0 0
0 0 0 0
360 495 0 0
0 0 0 0
362 497 0 0
0 0 0 0
364 499 0 0
0 0 0 0
364 501 0 1
0 0 0 0
364 503 0 0
0 0 0 0
364 505 0 0
0 0 0 0
364 507 0 0
0 0 0 0
364 507 0 0
0 0 0 0
364 507 0 0
0 0 0 0
364 507 0 0
0 0 0 0
364 507 0 0
0 0 0 0
364 507 0 0
0 0 0 0
366 507 0 0
0 0 0 0
368 507 0 0
0 0 0 0
370 507 0 0
0 0 0 0
372 507 0 0
0 0 0 0
374 507 0 0
0 0 0 0
374 507 0 1
0 0 0 0
374 507 0 0
0 0 0 0
374 507 0 0
0 0 0 0
374 507 0 0
0 0 0 0
374 507 0 0
0 0 0 0
374 507 0 0
0 0 0 0
374 507 0 0
0 0 0 0
374 507 0 0
0 0 0 0
376 507 0 0
0 0 0 0
378 507 0 0
0 0 0 0
380 507 0 0
0 0 0 0
382 507 0 0
0 0 0 0
384 507 0 0
0 0 0 0
386 507 0 0
0 0 0 0
388 507 0 0
0 0 0 0
390 507 0 0
0 0 0 0
390 507 0 0
0 0 0 0
390 507 0 0
0 0 0 0
390 507 0 0
0 0 0 0
390 507 0 0
0 0 0 0
390 507 0 0
0 0 0 0
390 507 0 0
0 0 0 0
390 507 0 0
0 0 0 0
390 507 0 0
0 0 0 0
392 507 0 0
0 0 0 0
394 507 0 0
0 0 0 0
396 507 0 0
0 0 0 0
398 507 0 0
0 0 0 0
400 507 0 0
0 0 0 0
400 505 0 0
0 0 0 0
400 503 0 0
0 0 0 0
400 501 0 0
0 0 0 0
400 499 0 0
0 0 0 0
400 497 0 1
0 0 0 0
400 495 0 0
0 0 0 0
400 493 0 0
0 0 0 0
400 491 0 0
0 0 0 0
400 489 0 0
0 0 0 0
400 489 0 0
0 0 0 0
400 489 0 0
0 0 0 0
400 489 0 0
0 0 0 0
400 489 0 0
0 0 0 0
400 489 0 0
0 0 0 0
400 489 0 0
0 0 0 0
400 489 0 0
0 0 0 0
400 489 0 0
0 0 0 0
400 489 0 0
0 0 0 0
400 489 0 0
0 0 0 0
400 489 0 1
0 0 0 0
400 489 0 0
0 0 0 0
400 489 0 0
0 0 0 0
400 489 0 0
0 0 0 0
400 489 0 0
0 0 0 0
400 489 0 0
0 0 0 0
400 489 0 0
0 0 0 0
400 489 0 0
0 0 0 0
400 489 0 0
0 0 0 0
400 489 0 0
0 0 0 0
400 489 0 0
0 0 0 0
400 489 0 0
0 0 0 0
400 489 0 0
0 0 0 0
400 489 0 0
0 0 0 0
400 489 0 0
0 0 0 0
400 489 0 0
0 0 0 0
400 489 0 1
0 0 0 0
400 489 0 0
0 0 0 0
400 489 0 0
0 0 0 0
400 489 0 0
0 0 0 0
400 489 0 0
0 0 0 0
400 489 0 0
0 0 0 0
400 489 0 0
0 0 0 0
400 489 0 0
0 0 0 0
400 489 0 0
0 0 0 0
400 489 0 0
0 0 0 0
400 489 0 0
0 0 0 0
400 489 0 0
0 0 0 0
400 489 0 0
0 0 0 0
400 489 0 0
0 0 0 0
400 489 0 0
0 0 0 0
400 489 0 1
0 0 0 0
400 489 0 0
0 0 0 0
400 489 0 0
0 0 0 0
400 489 0 0
0 0 0 0
400 489 0 0
0 0 0 0
400 489 0 0
0 0 0 0
400 489 0 0
0 0 0 0
400 489 0 0
0 0 0 0
400 489 0 0
0 0 0 0
400 489 0 0
0 0 0 0
400 489 0 0
0 0 0 0
400 489 0 0
0 0 0 0
400 489 0 0
0 0 0 0
400 489 0 0
0 0 0 0
400 489 0 0
0 0 0 0
400 489 0 0
0 0 0 0
400 489 0 1
0 0 0 0
400 489 0 0
0 0 0 0
400 489 0 0
0 0 0 0
400 489 0 0
0 0 0 0
400 489 0 0
0 0 0 0
400 489 0 0
0 0 0 0
400 489 0 0
0 0 0 0
400 489 0 0
0 0 0 0
400 489 0 0
0 0 0 0
400 489 0 0
0 0 0 0
400 489 0 0
0 0 0 0
400 489 0 0
0 0 0 0
400 489 0 0
0 0 0 0
400 489 0 0
0 0 0 0
400 489 0 0
0 0 0 0
400 489 0 0
0 0 0 0
400 489 0 0
0 0 0 0
400 489 0 1
0 0 0 0
400 489 0 0
0 0 0 0
400 489 0 0
0 0 0 0
400 489 0 0
0 0 0 0
400 489 0 0
0 0 0 0
400 489 0 0
0 0 0 0
400 489 0 0
0 0 0 0
400 489 0 0
0 0 0 0
400 489 0 0
0 0 0 0
400 489 0 0
0 0 0 0
400 489 0 0
0 0 0 0
400 489 0 0
0 0 0 0
400 489 0 0
0 0 0 0
400 489 0 0
0 0 0 0
400 489 0 0
0 0 0 0
400 489 0 0
0 0 0 0
400 489 0 0
0 0 0 0
400 489 0 0
0 0 0 0
400 489 0 0
0 0 0 0
400 489 0 0
0 0 0 0
400 489 0 0
0 0 0 0
400 489 0 0
0 0 0 0
400 489 0 0
0 0 0 0
400 489 0 0
0 0 0 0
400 489 0 0
0 0 0 0
400 489 0 0
0 0 0 0
400 489 0 0
0 0 0 0
400 489 0 0
0 0 0 0
400 489 0 0
0 0 0 0
400 489 0 0
0 0 0 0
400 489 0 0
0 0 0 0
400 489 0 0
0 0 0 0
400 487 0 0
0 0 0 0
400 485 0 0
0 0 0 0
400 483 0 0
0 0 0 0
400 481 0 0
0 0 0 0
400 479 0 0
0 0 0 0
400 477 0 0
0 0 0 0
400 475 0 0
0 0 0 0
400 473 0 0
0 0 0 0
400 471 0 0
0 0 0 0
400 469 0 0
0 0 0 0
400 467 0 0
0 0 0 0
400 465 0 0
0 0 0 0
400 463 0 0
0 0 0 0
400 461 0 0
0 0 0 0
400 459 0 0
0 0 0 0
400 457 0 0
0 0 0 0
400 455 0 0
0 0 0 0
400 453 0 0
0 0 0 0
400 451 0 0
0 0 0 0
400 449 0 0
0 0 0 0
400 447 0 0
0 0 0 0
400 445 0 0
0 0 0 0
400 443 0 0
0 0 0 0
400 441 0 0
0 0 0 0
400 439 0 1
0 0 0 0
400 437 0 0
0 0 0 0
400 435 0 0
0 0 0 0
400 433 0 0
0 0 0 0
400 431 0 0
0 0 0 0
400 429 0 0
0 0 0 0
400 427 0 0
0 0 0 0
400 425 0 0
0 0 0 0
400 423 0 0
0 0 0 0
400 421 0 0
0 0 0 0
400 419 0 0
0 0 0 0
400 417 0 0
0 0 0 0
400 415 0 0
0 0 0 0
400 413 0 0
0 0 0 0
400 411 0 0
0 0 0 0
400 409 0 0
0 0 0 0
400 407 0 0
0 0 0 0
400 405 0 1
0 0 0 0
400 403 0 0
0 0 0 0
400 401 0 0
0 0 0 0
400 399 0 0
0 0 0 0
400 399 0 0
0 0 0 0
400 399 0 0
0 0 0 0
400 399 0 0
0 0 0 0
400 399 0 0
0 0 0 0
400 399 0 0
0 0 0 0
400 399 0 0
0 0 0 0
400 399 0 0
0 0 0 0
400 399 0 0
0 0 0 0
400 399 0 0
0 0 0 0
400 399 0 0
0 0 0 0
400 399 0 0
0 0 0 0
400 399 0 1
0 0 0 0
400 399 0 0
0 0 0 0
400 399 0 0
0 0 0 0
400 399 0 0
0 0 0 0
400 399 0 0
0 0 0 0
400 399 0 0
0 0 0 0
400 399 0 0
0 0 0 0
400 399 0 0
0 0 0 0
400 399 0 0
0 0 0 0
400 399 0 0
0 0 0 0
400 399 0 0
0 0 0 0
400 399 0 0
0 0 0 0
400 399 0 0
0 0 0 0
400 399 0 0
0 0 0 0
400 399 0 0
0 0 0 0
400 399 0 0
0 0 0 0
400 399 0 0
0 0 0 0
400 399 0 0
0 0 0 0
400 399 0 0
0 0 0 0
400 399 0 0
0 0 0 0
400 399 0 1
0 0 0 0
400 399 0 0
0 0 0 0
400 399 0 0
0 0 0 0
400 399 0 0
0 0 0 0
400 399 0 0
0 0 0 0
400 399 0 0
0 0 0 0
400 399 0 0
0 0 0 0
400 399 0 0
0 0 0 0
400 399 0 0
0 0 0 0
400 399 0 0
0 0 0 0
400 399 0 0
0 0 0 0
400 399 0 0
0 0 0 0
400 399 0 0
0 0 0 0
400 399 0 0
0 0 0 0
400 399 0 0
0 0 0 0
400 399 0 0
0 0 0 0
400 399 0 0
0 0 0 0
400 399 0 0
0 0 0 0
400 399 0 0
0 0 0 0
400 399 0 0
0 0 0 0
400 399 0 1
0 0 0 0
400 399 0 0
0 0 0 0
400 399 0 0
0 0 0 0
400 399 0 0
0 0 0 0
400 399 0 0
0 0 0 0
400 399 0 0
0 0 0 0
400 399 0 0
0 0 0 0
400 399 0 0
0 0 0 0
400 399 0 0
0 0 0 0
400 399 0 0
0 0 0 0
400 399 0 0
0 0 0 0
400 399 0 0
0 0 0 0
400 399 0 0
0 0 0 0
400 399 0 0
0 0 0 0
400 399 0 0
0 0 0 0
400 399 0 0
0 0 0 0
400 399 0 0
0 0 0 0
400 399 0 0
0 0 0 0
400 399 0 0
0 0 0 0
400 399 0 0
0 0 0 0
400 399 0 0
0 0 0 0
400 399 0 0
0 0 0 0
400 399 0 0
0 0 0 0
400 399 0 0
0 0 0 0
400 399 0 0
0 0 0 0
400 399 0 0
0 0 0 0
400 399 0 0
0 0 0 0
400 399 0 0
0 0 0 0
400 399 0 0
0 0 0 0
400 399 0 0
0 0 0 0
400 399 0 0
0 0 0 0
400 399 0 0
0 0 0 0
400 399 0 0
0 0 0 0
400 399 0 0
0 0 0 0
400 399 0 0
0 0 0 0
400 399 0 0
0 0 0 0
400 399 0 0
0 0 0 0
400 399 0 0
0 0 0 0
400 399 0 0
0 0 0 0
400 399 0 0
0 0 0 0
400 399 0 0
0 0 0 0
400 399 0 0
0 0 0 0
400 399 0 0
0 0 0 0
400 399 0 0
0 0 0 0
400 399 0 0
0 0 0 0
400 399 0 0
0 0 0 0
400 399 0 0
0 0 0 0
400 399 0 0
0 0 0 0
400 399 0 0
0 0 0 0
400 399 0 0
0 0 0 0
400 399 0 0
0 0 0 0
400 399 0 0
0 0 0 0
400 399 0 0
0 0 0 0
400 399 0 0
0 0 0 0
400 399 0 0
0 0 0 0
400 399 0 0
0 0 0 0
400 399 0 0
0 0 0 0
400 399 0 0
0 0 0 0
400 399 0 0
0 0 0 0
400 399 0 0
0 0 0 0
400 399 0 0
0 0 0 0
400 399 0 0
0 0 0 0
400 399 0 0
0 0 0 0
400 399 0 0
0 0 0 0
400 399 0 0
0 0 0 0
400 399 0 0
0 0 0 0
400 399 0 0
0 0 0 0
400 399 0 0
0 0 0 0
400 397 0 0
0 0 0 0
400 395 0 0
0 0 0 0
400 393 0 0
0 0 0 0
400 391 0 0
0 0 0 0
400 389 0 0
0 0 0 0
400 387 0 0
0 0 0 0
400 385 0 0
0 0 0 0
400 383 0 0
0 0 0 0
400 381 0 0
0 0 0 0
400 379 0 0
0 0 0 0
400 377 0 0
0 0 0 0
400 377 0 0
0 0 0 0
400 377 0 0
0 0 0 0
400 377 0 0
0 0 0 0
400 377 0 0
0 0 0 0
400 377 0 0
0 0 0 0
400 377 0 0
0 0 0 0
400 377 0 0
0 0 0 0
400 377 0 0
0 0 0 0
400 377 0 0
0 0 0 0
400 377 0 0
0 0 0 0
400 377 0 0
0 0 0 0
400 377 0 0
0 0 0 0
400 377 0 0
0 0 0 0
400 377 0 0
0 0 0 0
400 377 0 0
0 0 0 0
400 377 0 0
0 0 0 0
400 377 0 0
0 0 0 0
400 377 0 0
0 0 0 0
400 377 0 1
0 0 0 0
400 377 0 0
0 0 0 0
400 377 0 0
0 0 0 0
400 377 0 0
0 0 0 0
400 377 0 0
0 0 0 0
400 377 0 0
0 0 0 0
400 377 0 0
0 0 0 0
400 377 0 0
0 0 0 0
400 377 0 0
0 0 0 0
400 377 0 0
0 0 0 0
400 377 0 0
0 0 0 0
400 375 0 0
0 0 0 0
400 373 0 0
0 0 0 0
400 371 0 0
0 0 0 0
400 369 0 0
0 0 0 0
400 367 0 0
0 0 0 0
400 365 0 0
0 0 0 0
400 363 0 0
0 0 0 0
400 361 0 0
0 0 0 0
400 359 0 0
0 0 0 0
400 357 0 1
0 0 0 0
400 355 0 0
0 0 0 0
400 353 0 0
0 0 0 0
400 351 0 0
0 0 0 0
400 349 0 0
0 0 0 0
400 347 0 0
0 0 0 0
400 345 0 0
0 0 0 0
400 343 0 0
0 0 0 0
400 341 0 0
0 0 0 0
400 339 0 0
0 0 0 0
400 337 0 0
0 0 0 0
400 335 0 0
0 0 0 0
400 333 0 0
0 0 0 0
400 331 0 0
0 0 0 0
400 329 0 0
0 0 0 0
400 327 0 0
0 0 0 0
400 325 0 0
0 0 0 0
400 323 0 0
0 0 0 0
400 321 0 0
0 0 0 0
400 319 0 1
0 0 0 0
400 317 0 0
0 0 0 0
400 315 0 0
0 0 0 0
400 313 0 0
0 0 0 0
400 311 0 0
0 0 0 0
400 311 0 0
0 0 0 0
400 311 0 0
0 0 0 0
400 311 0 0
0 0 0 0
400 311 0 0
0 0 0 0
400 311 0 0
0 0 0 0
400 311 0 0
0 0 0 0
400 311 0 0
0 0 0 0
400 311 0 0
0 0 0 0
400 311 0 0
0 0 0 0
400 311 0 0
0 0 0 0
400 311 0 0
0 0 0 0
400 311 0 0
0 0 0 0
400 311 0 0
0 0 0 0
400 311 0 0
0 0 0 0
400 311 0 0
0 0 0 0
400 311 0 1
0 0 0 0
400 311 0 0
0 0 0 0
400 311 0 0
0 0 0 0
400 311 0 0
0 0 0 0
400 311 0 0
0 0 0 0
400 311 0 0
0 0 0 0
400 311 0 0
0 0 0 0
400 311 0 0
0 0 0 0
400 311 0 0
0 0 0 0
400 311 0 0
0 0 0 0
400 311 0 0
0 0 0 0
400 311 0 0
0 0 0 0
400 311 0 0
0 0 0 0
400 311 0 0
0 0 0 0
400 311 0 0
0 0 0 0
400 311 0 0
0 0 0 0
400 311 0 0
0 0 0 0
400 311 0 0
0 0 0 0
400 311 0 0
0 0 0 0
400 311 0 0
0 0 0 0
400 311 0 1
0 0 0 0
400 311 0 0
0 0 0 0
400 311 0 0
0 0 0 0
400 311 0 0
0 0 0 0
400 311 0 0
0 0 0 0
400 311 0 0
0 0 0 0
400 311 0 0
0 0 0 0
400 311 0 0
0 0 0 0
400 311 0 0
0 0 0 0
400 311 0 0
0 0 0 0
400 311 0 0
0 0 0 0
400 311 0 0
0 0 0 0
400 311 0 0
0 0 0 0
400 311 0 0
0 0 0 0
400 311 0 0
0 0 0 0
400 311 0 0
0 0 0 0
400 311 0 0
0 0 0 0
400 311 0 0
0 0 0 0
400 311 0 0
0 0 0 0
400 311 0 0
0 0 0 0
400 311 0 0
0 0 0 0
400 311 0 0
0 0 0 0
400 311 0 0
0 0 0 0
400 311 0 0
0 0 0 0
400 311 0 0
0 0 0 0
400 311 0 0
0 0 0 0
400 311 0 0
0 0 0 0
400 311 0 0
0 0 0 0
400 311 0 0
0 0 0 0
400 311 0 0
0 0 0 0
400 311 0 0
0 0 0 0
400 311 0 0
0 0 0 0
400 311 0 0
0 0 0 0
400 311 0 0
0 0 0 0
400 311 0 0
0 0 0 0
400 311 0 0
0 0 0 0
400 311 0 0
0 0 0 0
400 311 0 0
0 0 0 0
400 311 0 0
0 0 0 0
400 311 0 0
0 0 0 0
400 311 0 0
0 0 0 0
400 311 0 0
0 0 0 0
400 311 0 0
0 0 0 0
400 311 0 0
0 0 0 0
400 311 0 0
0 0 0 0
400 311 0 0
0 0 0 0
400 311 0 0
0 0 0 0
400 311 0 0
0 0 0 0
400 311 0 0
0 0 0 0
400 311 0 0
0 0 0 0
400 311 0 0
0 0 0 0
400 311 0 0
0 0 0 0
400 311 0 0
0 0 0 0
400 311 0 0
0 0 0 0
400 311 0 0
0 0 0 0
400 311 0 0
0 0 0 0
400 311 0 0
0 0 0 0
400 311 0 0
0 0 0 0
400 311 0 0
0 0 0 0
400 311 0 0
0 0 0 0
400 311 0 0
0 0 0 0
400 311 0 0
0 0 0 0
400 311 0 0
0 0 0 0
400 311 0 0
0 0 0 0
400 311 0 0
0 0 0 0
400 311 0 0
0 0 0 0
400 311 0 0
0 0 0 0
400 311 0 0
0 0 0 0
400 311 0 0
0 0 0 0
400 311 0 0
0 0 0 0
400 311 0 0
0 0 0 0
400 311 0 0
0 0 0 0
400 311 0 0
0 0 0 0
400 311 0 0
0 0 0 0
400 311 0 0
0 0 0 0
400 311 0 0
0 0 0 0
400 311 0 0
0 0 0 0
400 311 0 0
0 0 0 0
400 311 0 0
0 0 0 0
400 311 0 0
0 0 0 0
400 311 0 0
0 0 0 0
400 311 0 0
0 0 0 0
400 311 0 0
0 0 0 0
400 311 0 0
0 0 0 0
400 311 0 0
0 0 0 0
400 311 0 0
0 0 0 0
400 311 0 0
0 0 0 0
400 311 0 0
0 0 0 0
400 311 0 0
0 0 0 0
400 311 0 0
0 0 0 0
400 311 0 0
